This file was created using the 202606 CRSP database.
It contains value- and equal-weighted returns for portfolios formed on BE/ME.

The portfolios are constructed at the end of June.  BE/ME is book equity at
the last fiscal year end of the prior calendar year divided by ME at the end
of December of the prior year.  

The annual returns are from January to December.

Missing data are indicated by -99.99 or -999.

The break points use Compustat firms plus the firms hand-collected from the
Moodys Industrial, Utilities, Transportation, and Financial Manuals.	

The  portfolios  use Compustat firms plus the firms hand-collected from the
Moodys Industrial, Utilities, Transportation, and Financial Manuals.	

The break points include utilities and include financials.

The  portfolios  include utilities and include financials.


  Value Weight Returns -- Monthly
,<= 0,Lo 30,Med 40,Hi 30,Lo 20,Qnt 2,Qnt 3,Qnt 4,Hi 20,Lo 10,2-Dec,3-Dec,4-Dec,5-Dec,6-Dec,7-Dec,8-Dec,9-Dec,Hi 10
192607,   12.07,    5.42,    1.87,    1.52,    3.07,    5.41,    1.79,    2.42,    0.58,    4.38,    1.21,   11.38,    1.68,    1.51,    2.13,    2.40,    2.45,    0.59,    0.56
192608,   -9.73,    2.66,    2.66,    5.63,    1.01,    4.01,    2.01,    4.59,    7.12,    0.15,    2.21,    6.42,    2.37,    1.52,    2.62,    4.76,    4.18,    8.36,    3.88
192609,  -15.16,    1.33,    0.09,   -0.71,   -0.98,    3.05,   -0.26,   -0.18,   -1.46,    0.00,   -2.32,    6.33,    0.73,   -0.81,    0.41,   -0.27,    0.04,   -2.16,    0.44
192610,   -5.63,   -3.65,   -2.42,   -3.56,   -2.96,   -2.97,   -2.20,   -4.22,   -4.28,   -3.88,   -1.66,   -5.03,   -1.41,   -2.30,   -2.08,   -4.81,   -2.84,   -5.46,   -1.17
192611,    5.58,    3.21,    2.96,    2.94,    4.24,    2.57,    1.90,    3.98,    2.48,    6.04,    1.77,    1.11,    3.63,    1.98,    1.81,    4.23,    3.39,    2.77,    1.75
192612,   -6.13,    2.89,    2.59,    2.52,    1.57,    3.34,    1.81,    5.21,    2.06,    1.30,    1.95,    5.71,    1.69,    0.66,    3.13,    6.17,    2.97,    1.38,    3.81
192701,    0.69,   -0.28,    0.02,    4.07,   -0.37,    0.36,   -0.46,    0.69,    5.51,   -0.55,   -0.10,   -0.10,    0.70,   -1.65,    0.89,   -0.14,    2.68,    4.69,    7.54
192702,   -1.26,    4.99,    3.69,    7.64,    3.70,    5.07,    3.38,    5.50,    9.20,    4.45,    2.65,    7.63,    3.23,    3.78,    2.94,    5.26,    6.08,    8.06,   11.98
192703,  -12.81,    1.17,    0.21,   -2.71,    0.20,    1.56,   -0.42,   -0.16,   -1.95,    0.65,   -0.46,    3.12,    0.39,   -1.78,    1.10,    1.26,   -3.49,   -3.06,    0.67
192704,   -6.16,    2.94,   -0.71,    0.40,    2.20,    0.98,   -0.43,   -0.05,    1.78,    4.00,   -0.43,    4.36,   -1.65,   -1.11,    0.30,    0.35,   -1.04,    2.25,    0.74
192705,    0.76,    5.41,    5.07,    8.50,    5.57,    4.90,    5.25,    6.10,    8.98,    5.74,    5.31,    5.12,    4.71,    5.19,    5.32,    5.33,    7.99,    8.09,   11.00
192706,   23.18,   -0.99,   -2.84,   -2.53,    0.08,   -3.13,   -2.70,   -2.55,   -2.41,    0.93,   -1.21,   -3.03,   -3.21,   -2.69,   -2.71,   -2.51,   -2.65,   -2.13,   -3.03
192707,    3.23,    9.15,    6.72,    6.73,   10.52,    6.09,    6.62,    7.89,    6.92,   11.48,    8.91,    6.67,    4.87,    5.76,    7.83,    8.86,    6.64,    7.49,    6.08
192708,    6.25,    3.97,    0.97,   -1.51,    5.38,    1.42,    0.60,    0.05,   -1.42,    6.79,    2.96,    1.33,    1.61,    1.37,   -0.46,    1.28,   -1.55,    0.25,   -3.89
192709,   -7.35,    5.17,    4.31,    5.02,    5.65,    3.83,    5.28,    3.73,    6.18,    7.14,    3.00,    4.25,    2.97,    6.36,    3.78,    3.21,    4.44,    5.86,    6.68
192710,    1.59,   -3.49,   -4.25,   -6.54,   -4.29,   -2.19,   -3.69,   -5.93,  -10.88,   -3.98,   -4.86,   -1.92,   -2.74,   -3.96,   -3.29,   -7.13,   -4.33,  -11.63,   -9.72
192711,    0.00,    7.05,    6.81,    7.24,    7.01,    7.02,    6.38,    7.25,    9.06,    7.42,    6.25,    7.12,    6.81,    6.31,    6.48,    7.92,    6.37,    8.66,    9.67
192712,    9.38,    2.58,    1.91,    3.31,    2.66,    2.09,    1.85,    2.43,    5.65,    3.30,    1.39,    2.43,    1.36,    1.86,    1.83,    2.64,    2.16,    6.30,    4.68
192801,    0.00,   -0.35,   -0.24,   -1.36,   -0.74,    0.14,   -0.25,   -0.54,   -1.75,   -1.45,    0.70,    0.39,   -0.39,   -0.81,    0.54,   -0.08,   -1.16,   -0.63,   -3.44
192802,  -31.43,   -0.78,   -1.25,   -2.95,   -0.76,   -0.81,   -0.89,   -2.24,   -5.32,   -0.10,   -2.06,   -0.82,   -0.79,   -0.79,   -1.02,   -2.62,   -1.74,   -5.27,   -5.38
192803,   45.83,   12.23,    6.28,    7.98,   15.44,    6.13,    6.68,    5.79,   11.86,   17.32,   11.68,    6.23,    5.92,    7.30,    5.81,    5.59,    6.06,   12.95,   10.16
192804,   -5.71,    2.98,    6.20,    5.43,    1.98,    6.76,    6.09,    3.26,    6.65,    0.95,    4.17,    5.02,   10.67,    8.46,    2.69,    2.10,    4.79,    4.61,    9.91
192805,   -7.58,    2.67,    0.07,    1.00,    2.45,    1.96,   -0.08,    1.30,   -0.28,    3.88,   -0.49,    3.09,   -0.42,   -0.47,    0.51,    1.00,    1.68,   -0.87,    0.60
192806,   42.62,   -3.77,   -4.38,   -5.69,   -3.69,   -4.07,   -3.88,   -5.31,   -7.41,   -3.59,   -3.91,   -3.92,   -4.39,   -3.88,   -3.89,   -5.72,   -4.80,   -8.46,   -5.82
192807,  -10.34,    1.32,    0.10,    0.44,    1.47,   -0.01,    0.26,    0.61,    0.41,    0.82,    3.33,    0.73,   -0.52,   -0.41,    0.65,    0.73,    0.46,    0.53,    0.04
192808,    6.41,    8.70,    5.39,    6.19,    8.73,    6.90,    5.51,    5.06,    6.09,    8.13,   10.38,    8.57,    5.74,    7.53,    4.35,    4.13,    6.27,    5.56,    7.71
192809,    0.00,    3.07,    2.05,    4.65,    3.08,    2.15,    2.53,    1.87,    7.14,    3.19,    2.78,    3.04,    1.51,    3.50,    1.95,    1.16,    2.78,    7.97,    4.67
192810,    1.20,    1.44,    1.47,    2.09,    1.53,    2.33,    1.06,    0.97,    1.27,    1.42,    1.81,    1.11,    3.22,    1.25,    0.96,   -0.42,    2.73,    2.92,   -3.80
192811,   59.52,   11.11,   13.25,   12.79,   11.41,   10.71,   15.34,    9.58,   15.06,   10.71,   13.35,    9.92,   11.26,   18.93,   13.17,    8.39,   11.04,   16.01,   11.97
192812,   -1.49,    0.96,   -0.01,    0.82,    0.86,    1.43,   -0.80,    1.10,   -0.51,    0.87,    0.83,    1.38,    1.46,    0.43,   -1.58,    0.44,    1.88,   -0.54,   -0.41
192901,   -3.03,    6.38,    4.75,    2.41,    6.25,    8.88,    2.13,    3.93,    1.13,    6.40,    5.84,    6.88,   10.28,    2.65,    1.79,    4.38,    3.40,    0.01,    4.87
192902,   -9.38,   -0.54,    0.77,    2.54,   -0.80,    1.01,    0.71,    1.01,    2.25,   -0.41,   -1.86,    0.45,    1.40,    1.05,    0.49,   -0.46,    2.76,    2.56,    1.25
192903,  -13.79,   -1.49,    2.10,   -0.96,   -0.75,   -0.56,    2.86,   -0.77,   -1.85,   -0.15,   -2.42,   -4.36,    2.01,    3.55,    2.41,   -1.19,   -0.29,   -1.32,   -3.56
192904,   16.00,    2.26,    1.15,    2.42,    2.25,    2.30,    0.90,    0.80,    2.59,    1.63,    4.02,    2.31,    2.29,    0.69,    1.04,   -0.50,    2.30,    3.28,    0.29
192905,   17.24,   -5.94,   -4.37,   -7.44,   -5.98,   -6.95,   -3.45,   -4.47,   -5.02,   -7.37,   -2.15,   -5.78,   -7.69,   -3.54,   -3.40,   -0.19,   -9.26,   -3.69,   -9.54
192906,  -17.65,   12.36,    9.40,    7.27,   11.87,   13.01,    8.39,    7.96,    5.57,   10.15,   16.35,   14.31,   12.16,   12.38,    5.81,    7.43,    8.59,    5.11,    7.27
192907,   -4.83,    3.58,    5.90,    4.89,    2.89,    5.76,    5.01,    6.75,    5.61,    2.04,    4.78,    5.77,    5.74,    5.83,    3.75,    8.26,    4.40,    6.07,    3.20
192908,   10.45,    7.07,   11.97,    6.12,    6.30,   10.25,   11.34,   11.25,    4.64,    6.01,    6.93,    9.42,   11.61,   10.95,   11.96,   13.78,    7.14,    5.38,    0.70
192909,  -13.19,   -4.47,   -4.95,   -6.01,   -5.46,   -2.93,   -4.06,   -6.61,   -5.86,   -6.47,   -3.27,   -1.54,   -5.21,   -4.04,   -4.09,   -6.90,   -6.10,   -5.99,   -5.12
192910,  -28.30,  -23.85,  -14.77,  -12.04,  -24.66,  -21.62,  -13.80,  -11.57,  -13.12,  -25.69,  -22.49,  -21.50,  -21.81,  -15.01,  -11.92,  -11.73,  -11.30,  -11.71,  -20.86
192911,  -11.91,  -14.26,  -10.43,   -8.18,  -13.37,  -15.36,   -9.66,   -9.43,   -8.78,  -13.80,  -12.44,  -16.68,  -13.17,  -10.65,   -8.19,  -10.40,   -7.79,   -8.24,  -12.08
192912,   -4.92,    3.13,    0.43,    1.10,    3.53,    1.91,   -0.05,    0.42,    2.90,    2.78,    5.11,    2.01,    1.74,   -0.75,    0.95,    0.73,   -0.08,    1.93,    9.06
193001,    3.20,    7.34,    3.55,    3.51,    7.02,    7.99,    1.62,    4.92,    2.90,    7.72,    5.59,    8.24,    7.61,    1.37,    1.97,    5.51,    3.93,    2.42,    5.71
193002,    8.15,    3.44,    1.85,    1.63,    2.92,    4.84,    0.90,    1.40,    3.82,    2.43,    3.95,    4.93,    4.68,    2.64,   -1.58,    2.15,    0.15,    4.42,    0.38
193003,   -2.33,    6.79,    8.52,    6.03,    6.74,    6.20,   10.76,    5.83,    6.22,    6.84,    6.53,    6.92,    5.03,    9.57,   12.54,    5.80,    5.90,    5.92,    8.01
193004,   -9.49,   -2.41,   -1.74,   -6.26,   -1.05,   -3.63,   -0.91,   -5.84,   -5.78,   -2.24,    1.41,   -6.23,    0.65,   -1.90,    0.53,   -5.40,   -6.60,   -5.05,  -10.04
193005,  -11.48,    0.64,   -2.29,   -1.62,    0.43,   -0.48,   -2.31,   -1.52,   -2.00,    0.69,   -0.09,    1.25,   -3.16,   -2.32,   -2.30,   -1.62,   -1.35,   -1.97,   -2.22
193006,  -37.41,  -17.70,  -13.28,  -12.81,  -17.74,  -17.08,  -13.75,  -10.60,  -14.24,  -18.24,  -16.75,  -17.58,  -16.29,  -12.44,  -15.65,   -9.92,  -11.80,  -12.93,  -22.28
193007,    2.41,    4.73,    3.56,    4.69,    5.21,    4.04,    3.53,    2.70,    2.42,    5.11,    5.38,    3.49,    5.16,    3.56,    3.42,   -0.46,    5.47,    3.64,   -1.38
193008,   -6.47,    0.97,   -0.72,   -1.76,    1.31,   -0.48,    0.03,   -1.87,   -3.32,    1.96,    0.24,    0.08,   -1.60,    0.30,   -0.83,   -2.63,   -1.25,   -4.61,    0.89
193009,  -16.04,  -12.70,  -11.15,  -17.65,  -13.03,  -12.17,  -10.17,  -14.42,  -21.99,  -13.47,  -12.30,  -11.82,  -12.90,   -9.95,  -10.91,  -12.19,  -16.24,  -22.09,  -21.67
193010,  -14.00,   -9.25,   -7.32,  -11.27,  -10.00,   -7.29,   -7.07,   -9.81,  -13.23,  -10.60,   -9.00,   -7.28,   -7.33,   -6.20,   -9.98,   -8.79,  -10.67,  -14.00,  -10.90
193011,  -16.82,   -2.13,   -3.24,   -5.75,   -2.30,   -1.19,   -4.46,   -5.37,   -3.65,   -4.43,    1.13,   -1.69,   -0.12,   -4.46,   -4.45,   -4.19,   -6.37,   -3.45,   -4.25
193012,  -16.36,   -6.13,   -9.19,  -12.06,   -5.62,   -8.35,   -8.04,  -11.57,  -18.88,   -5.58,   -5.67,   -7.44,  -10.29,   -6.92,  -11.95,  -13.39,   -9.99,  -19.58,  -16.80
193101,   13.38,    4.58,    7.95,   14.99,    4.64,    5.11,    7.52,   14.43,   18.17,    3.75,    6.01,    4.43,    6.60,    6.57,   11.05,   14.81,   14.12,   16.77,   22.15
193102,   11.59,   12.56,    7.10,   13.01,   13.92,    9.62,    5.97,    7.88,   19.13,   13.85,   14.02,    9.03,   10.91,    5.07,    9.23,    3.78,   11.28,   22.05,   11.16
193103,    1.86,   -4.83,   -9.48,   -8.58,   -3.93,   -8.18,   -9.02,   -9.80,   -6.59,   -4.02,   -3.80,   -7.26,  -10.13,   -9.15,   -8.55,  -10.59,   -9.18,   -5.68,   -9.31
193104,  -22.65,   -8.91,  -11.41,  -13.14,   -9.24,   -8.81,  -11.56,  -12.68,  -15.20,   -9.76,   -8.45,   -7.99,  -10.59,  -11.04,  -13.30,  -12.93,  -12.50,  -14.46,  -17.51
193105,  -23.00,  -11.40,  -16.03,  -18.74,  -11.67,  -11.47,  -17.04,  -18.37,  -18.62,  -10.87,  -12.86,  -10.65,  -13.28,  -17.54,  -15.30,  -17.82,  -18.78,  -20.08,  -13.88
193106,    7.65,   13.06,   15.66,   24.53,   12.91,   13.97,   15.13,   22.92,   25.46,   13.00,   12.78,   13.46,   15.15,   14.56,   17.08,   21.13,   24.24,   24.76,   27.57
193107,  -21.28,   -5.20,  -10.14,  -10.22,   -5.35,   -6.76,  -10.60,  -10.73,   -8.77,   -5.18,   -5.64,   -4.59,   -9.47,   -8.12,  -13.54,  -10.51,  -11.24,   -9.64,   -5.22
193108,    3.30,    1.28,   -1.60,   -1.26,    0.51,    1.35,   -0.67,   -1.07,   -0.28,    0.01,    1.38,    4.64,   -2.97,   -0.60,   -0.77,   -0.69,   -1.96,    1.39,   -6.82
193109,  -40.87,  -28.26,  -28.75,  -35.22,  -28.51,  -25.51,  -31.93,  -33.68,  -38.28,  -29.33,  -27.09,  -27.25,  -23.05,  -30.49,  -33.78,  -33.98,  -32.98,  -39.07,  -34.91
193110,    6.69,    9.48,    4.04,   10.61,    9.22,    7.19,    4.39,    7.55,   11.90,    9.95,    8.08,   10.47,    2.83,    4.85,    3.78,    6.59,    9.74,   13.48,    5.63
193111,   -9.05,   -6.12,  -16.38,  -12.93,   -5.87,  -10.40,  -16.82,  -17.28,  -10.46,   -5.70,   -6.15,   -7.06,  -15.20,  -18.44,  -14.67,  -18.48,  -14.64,  -10.74,   -9.26
193112,  -34.21,  -11.66,  -18.72,  -21.55,  -10.64,  -16.41,  -19.09,  -20.59,  -23.83,  -10.53,  -10.83,  -15.65,  -17.62,  -15.83,  -23.23,  -20.92,  -19.88,  -23.12,  -26.80
193201,   16.54,   -3.37,    2.07,    8.42,   -3.67,   -1.11,    1.95,    7.55,    8.30,   -4.15,   -2.89,   -2.15,    0.57,   -2.18,    7.59,    7.09,    8.50,    5.85,   19.07
193202,    5.72,    7.04,    1.72,    0.76,    7.01,    5.45,    2.04,   -1.63,    2.98,    5.26,    9.78,    7.20,    2.69,    2.35,    1.66,   -2.03,   -0.79,    3.93,   -0.74
193203,   -5.75,  -10.29,  -14.94,  -13.38,  -11.02,  -10.59,  -13.21,  -16.64,   -9.43,  -11.02,  -11.02,   -7.29,  -16.02,   -6.97,  -21.07,  -16.83,  -16.25,   -8.31,  -14.02
193204,  -24.17,  -18.16,  -19.84,  -17.06,  -18.08,  -19.74,  -18.01,  -18.34,  -17.05,  -20.49,  -14.41,  -18.50,  -21.98,  -17.71,  -18.47,  -18.97,  -17.06,  -15.52,  -23.74
193205,  -10.83,  -19.28,  -26.23,  -22.79,  -20.50,  -17.77,  -28.02,  -26.45,  -19.63,  -22.09,  -18.27,  -14.43,  -24.06,  -24.92,  -32.42,  -27.15,  -25.04,  -20.08,  -17.78
193206,   -1.36,   -1.78,    0.89,    6.19,   -2.92,    0.22,    3.28,    8.59,    6.78,   -1.47,   -4.86,    2.45,   -4.46,    2.52,    4.47,   10.04,    5.75,    8.97,   -2.00
193207,   45.22,   28.27,   47.08,   66.72,   26.73,   36.36,   47.43,   55.89,   74.05,   30.17,   23.08,   34.62,   42.66,   46.53,   48.83,   50.79,   63.34,   73.84,   74.45
193208,  111.10,   31.47,   51.42,   67.18,   31.11,   37.37,   49.76,   57.41,   81.76,   30.76,   31.51,   32.85,   52.77,   41.59,   62.33,   55.49,   60.00,   72.64,   99.20
193209,  -26.90,   -1.04,   -6.54,   -6.75,    0.47,   -6.29,   -7.98,   -4.96,   -7.65,    0.98,   -0.10,   -6.87,   -4.58,  -10.19,   -5.04,   -3.98,   -6.24,   -4.89,  -12.23
193210,  -26.68,  -10.78,  -17.71,  -23.55,  -11.36,  -11.58,  -16.31,  -20.48,  -25.28,  -12.97,   -9.53,   -8.41,  -20.69,  -12.52,  -21.08,  -18.88,  -22.60,  -24.75,  -26.25
193211,   -5.47,   -2.72,   -9.05,  -15.62,   -3.14,   -2.38,  -10.10,  -10.48,  -19.05,   -3.42,   -2.82,   -1.07,   -6.72,   -9.46,  -10.98,   -8.09,  -13.80,  -18.30,  -20.46
193212,   -7.99,    6.75,    1.06,   -5.97,    7.05,    5.68,    1.52,   -5.81,   -5.12,    7.90,    6.12,    5.56,    6.11,    2.83,   -0.34,   -5.43,   -6.39,   -3.74,   -7.79
193301,  -11.52,    0.00,    2.73,    9.48,   -0.22,    0.45,    4.47,    4.06,   11.98,   -0.22,   -0.22,    0.87,   -1.01,    0.65,    9.98,    1.29,    8.23,    9.41,   17.28
193302,  -17.89,  -15.02,  -16.88,  -18.11,  -14.72,  -17.20,  -15.34,  -17.19,  -21.38,  -16.08,  -13.22,  -16.19,  -20.77,  -13.58,  -17.69,  -17.75,  -16.41,  -21.20,  -21.72
193303,   21.92,    0.98,    9.99,    8.35,    0.19,    6.63,    7.51,    9.91,   11.53,    3.97,   -3.82,    4.12,   15.96,    7.07,    8.13,   12.16,    6.79,   10.37,   13.78
193304,   37.02,   33.72,   52.41,   57.56,   32.64,   42.49,   48.60,   57.98,   59.09,   41.91,   21.96,   37.84,   57.97,   47.10,   50.68,   58.81,   56.79,   57.43,   62.20
193305,  118.28,   17.24,   28.34,   48.26,   17.83,   18.74,   25.87,   38.75,   55.70,   17.95,   17.67,   15.09,   29.32,   27.68,   23.42,   34.88,   44.41,   52.20,   62.07
193306,    5.07,   11.56,   15.72,   21.34,   11.42,   12.98,   15.10,   19.40,   21.12,   11.78,   10.95,   12.06,   15.35,   13.44,   17.43,   17.89,   21.46,   20.52,   22.14
193307,    8.63,   -8.91,  -13.04,   -8.93,   -8.56,  -11.43,  -12.49,  -10.99,   -8.77,   -8.87,   -8.36,  -10.19,  -14.30,  -14.73,   -8.62,  -12.80,   -9.06,  -12.82,    0.98
193308,    0.74,   10.60,   15.41,   17.30,    9.23,   16.56,   15.17,   13.92,   18.84,    8.55,    9.65,   15.76,   18.50,   14.62,   16.06,   11.87,   16.00,   21.93,   12.40
193309,  -20.02,   -9.19,  -12.49,  -19.59,   -9.75,   -7.85,  -12.81,  -15.65,  -24.77,   -8.79,  -10.34,   -7.23,   -9.29,  -10.82,  -15.99,  -16.17,  -15.14,  -22.65,  -29.57
193310,  -18.58,   -6.33,  -10.72,  -17.24,   -6.86,   -5.32,  -10.88,  -16.36,  -17.43,   -6.80,   -6.89,   -4.52,   -7.27,   -9.95,  -12.45,  -15.59,  -17.10,  -18.11,  -15.72
193311,  -14.22,    9.77,   11.80,   11.76,    9.75,   10.07,   12.46,   12.81,    9.07,    7.26,   11.31,    9.85,   10.61,   15.04,    7.97,   11.80,   13.81,    9.90,    7.08
193312,    3.50,    2.12,    2.02,    2.87,    1.77,    2.10,    2.06,    3.48,    6.18,   -0.90,    3.40,    3.26,   -0.78,    0.92,    4.16,    6.57,    0.47,    7.44,    3.06
193401,   41.35,    9.96,   17.62,   26.17,   10.21,   10.70,   18.45,   19.45,   35.20,   12.11,    9.10,    9.14,   14.71,   16.46,   22.01,   19.67,   19.22,   30.15,   48.25
193402,    0.02,   -2.38,   -2.82,   -2.56,   -2.45,   -2.20,   -3.35,   -3.05,   -0.74,   -4.61,   -1.16,   -2.16,   -2.31,   -4.21,   -1.89,   -1.99,   -4.15,   -1.04,   -0.06
193403,    1.76,    0.03,    0.03,   -0.53,    0.15,    0.35,   -0.75,   -0.69,   -0.51,    1.39,   -0.57,   -0.37,    2.12,   -0.95,   -0.40,   -0.83,   -0.54,   -1.42,    1.52
193404,   -4.60,   -1.75,   -2.20,   -4.17,   -1.92,   -0.86,   -1.89,   -4.72,   -5.33,   -0.59,   -2.71,   -1.16,   -0.13,   -2.37,   -1.09,   -6.23,   -3.12,   -5.07,   -5.89
193405,  -21.78,   -6.42,   -8.76,  -13.28,   -6.40,   -7.06,   -7.67,  -11.89,  -15.67,   -5.29,   -7.07,   -6.49,   -8.41,   -6.23,  -10.02,  -12.59,  -11.17,  -16.40,  -14.07
193406,   -9.31,    2.64,    2.32,    2.04,    2.33,    2.97,    2.54,    3.37,    0.39,    1.91,    2.59,    3.65,    1.32,    2.74,    2.20,    3.31,    3.44,    1.73,   -2.48
193407,  -19.50,   -8.43,  -12.12,  -23.39,   -7.74,   -8.68,  -14.82,  -19.17,  -29.88,   -7.45,   -8.42,  -10.21,   -7.39,  -13.62,  -16.83,  -21.15,  -17.77,  -29.78,  -30.07
193408,   19.26,    6.12,    4.65,    6.54,    5.68,    5.44,    5.00,    5.29,    9.58,    5.89,    5.17,    7.27,    3.94,    3.61,    7.40,    6.78,    4.28,    7.81,   13.10
193409,    1.93,   -0.27,   -0.19,   -0.58,   -0.06,   -0.15,   -0.69,   -1.31,    0.85,    0.09,   -0.41,   -0.80,    0.40,   -0.53,   -0.95,   -0.74,   -1.70,    0.30,    1.90
193410,  -15.00,   -0.42,   -2.63,   -6.91,    0.58,   -1.56,   -4.33,   -6.37,   -7.36,    0.22,    1.46,   -3.03,   -0.33,   -5.98,   -1.56,   -6.13,   -6.55,   -7.16,   -7.75
193411,    6.03,   10.33,    5.35,   10.95,   10.80,    5.55,    7.60,   12.65,    5.19,   10.57,   11.35,    9.04,    2.69,    7.51,    7.74,    8.50,   15.53,    6.41,    2.89
193412,   16.47,    0.80,    0.60,   -1.69,    1.05,    0.65,   -0.18,    0.73,   -3.78,   -0.05,    3.67,    0.10,    1.13,   -1.70,    2.23,    2.13,   -0.18,   -4.01,   -3.34
193501,   -7.53,   -3.04,   -2.93,   -8.18,   -2.23,   -3.73,   -2.72,   -6.98,  -10.26,   -2.95,   -0.57,   -5.31,   -2.37,   -2.51,   -3.05,   -7.36,   -6.73,  -11.23,   -8.39
193502,  -16.54,   -0.90,   -1.83,  -12.16,    0.22,   -1.64,   -3.32,   -8.77,  -15.07,   -0.14,    1.03,   -4.13,    0.45,   -3.79,   -2.60,   -6.62,  -10.20,  -16.10,  -13.14
193503,  -20.38,   -3.11,   -3.47,   -8.34,   -3.71,   -2.54,   -2.32,   -8.67,   -9.59,   -3.93,   -3.24,   -1.29,   -3.53,   -2.06,   -2.72,  -10.32,   -7.55,   -7.74,  -12.92
193504,    3.40,    8.15,    9.95,   12.66,    7.13,   10.38,    9.91,   12.06,   13.01,    6.82,    7.83,   11.14,    9.77,    8.98,   11.31,   11.48,   12.44,   13.65,   11.78
193505,   12.76,    3.07,    4.26,    3.62,    2.48,    4.85,    3.95,    2.42,    4.62,    2.54,    2.37,    4.74,    4.95,    2.38,    6.31,    1.54,    2.99,    5.19,    3.54
193506,    5.29,    6.37,    5.62,    6.97,    6.57,    5.96,    4.90,    6.32,    9.08,    6.56,    6.58,    5.82,    6.08,    2.90,    7.77,    7.38,    5.63,   10.57,    6.14
193507,   11.58,    7.21,    6.52,   16.08,    7.30,    7.08,    5.55,   11.70,   13.09,    5.53,    9.14,    6.68,    7.30,    5.17,    6.38,    8.41,   20.90,   16.07,    6.82
193508,   10.84,    2.31,    2.39,    5.41,    2.58,    0.94,    2.32,    4.11,    7.51,    2.89,    2.26,    0.74,    1.05,    2.29,    2.40,    4.86,    2.23,    7.06,    8.53
193509,   24.21,    4.68,    0.83,    0.96,    5.22,    0.10,    1.73,    1.29,   -0.71,    3.93,    6.55,    1.42,   -0.63,    2.44,    0.21,    0.38,    3.61,   -0.35,   -1.52
193510,   13.86,    6.65,    8.08,    6.21,    6.51,    8.38,    7.12,    8.63,    6.60,    4.53,    8.48,    7.55,    8.86,    4.82,   12.10,    9.85,    5.61,    6.73,    6.30
193511,    5.57,    3.07,    5.77,   15.27,    2.81,    5.20,    5.85,    7.09,   18.74,    2.60,    3.01,    4.68,    5.49,    7.26,    2.97,    5.99,    9.94,   15.65,   25.75
193512,    9.62,    3.01,    5.97,    7.60,    2.93,    4.30,    6.30,    7.01,    7.82,    3.55,    2.33,    3.50,    4.75,    3.59,   12.03,    6.92,    7.24,    9.89,    3.48
193601,   51.58,    3.38,    9.47,   13.97,    3.41,    6.37,    8.55,   13.11,   16.53,    3.00,    3.80,    3.20,    8.06,    6.61,   12.34,   14.50,    9.71,   15.37,   19.10
193602,   -3.98,    1.92,    2.94,    7.01,    1.98,    1.62,    4.23,    3.90,    4.72,    1.14,    2.79,    1.56,    1.65,    4.49,    3.74,    1.10,   11.07,    4.03,    6.18
193603,   -3.67,    2.58,    0.14,   -0.90,    3.12,    1.21,   -1.53,    2.16,   -2.86,    0.73,    5.39,   -0.72,    2.22,   -1.92,   -0.80,    2.07,    2.38,   -1.86,   -4.96
193604,   -6.73,   -7.22,   -8.58,  -11.13,   -7.04,   -8.53,   -7.74,  -10.98,  -11.19,   -6.14,   -7.85,   -8.37,   -8.61,   -7.20,   -8.72,  -10.95,  -11.03,  -10.59,  -12.51
193605,   -0.40,    5.06,    5.13,    6.82,    5.40,    4.32,    4.85,    5.87,    7.64,    5.28,    5.52,    2.82,    5.09,    4.89,    4.79,    6.01,    5.53,    5.97,   11.35
193606,   -3.55,    3.58,    2.05,    0.04,    3.80,    1.35,    2.33,    1.80,    0.44,    2.80,    4.73,    2.08,    0.99,    2.38,    2.24,    2.84,   -0.61,    0.81,   -0.33
193607,   11.51,    6.00,    6.28,   11.96,    6.14,    6.09,    5.87,   10.58,   10.66,    8.27,    1.78,    5.17,    7.13,    5.07,    7.61,    7.30,   13.16,    9.73,   14.05
193608,   -2.17,    0.30,    0.84,    4.33,    0.07,    1.17,    0.84,    3.01,    4.27,   -0.47,    1.23,    1.70,    0.58,    0.83,    0.87,    1.18,    4.38,    3.64,    6.48
193609,    9.24,    0.85,    1.24,    0.82,    0.66,    1.42,    1.05,    1.83,    0.44,    0.60,    0.81,    1.97,    0.80,    0.80,    1.57,    2.76,    1.17,   -0.19,    2.59
193610,   16.45,    6.33,    8.70,    8.41,    6.56,    4.65,    9.54,   10.77,    5.27,    7.13,    5.35,    5.01,    4.23,    7.07,   14.76,   10.14,   11.22,    6.04,    2.72
193611,   -0.21,    3.50,    3.42,    0.70,    3.34,    3.88,    3.18,    2.61,    0.32,    2.25,    5.71,    4.48,    3.23,    3.35,    2.85,    4.81,    1.02,    0.96,   -1.90
193612,    3.86,   -1.77,    2.36,    1.71,   -2.11,    0.20,    1.76,    4.46,    1.49,   -2.06,   -2.23,    0.32,    0.08,    0.28,    4.71,    7.90,    1.90,    1.65,    0.90
193701,   23.47,    3.70,    1.69,    6.73,    3.84,    3.71,    0.52,    3.76,   10.24,    5.12,    1.16,    2.84,    4.68,   -0.12,    1.71,    3.75,    3.77,   11.22,    6.73
193702,   -3.95,   -0.14,    0.83,    6.72,   -0.22,    0.77,    0.86,    2.49,    9.49,   -0.05,   -0.58,    0.32,    1.25,   -1.07,    4.41,    0.29,    4.23,    8.46,   13.28
193703,    1.50,   -1.77,   -0.21,    5.75,   -2.04,   -1.61,    0.35,    2.36,    7.98,   -2.37,   -1.32,   -0.12,   -3.22,   -1.44,    3.47,    0.67,    3.64,    6.77,   12.26
193704,   -6.21,   -6.89,   -6.41,  -11.02,   -6.99,   -6.22,   -6.70,   -8.80,  -10.78,   -6.95,   -7.06,   -6.36,   -6.07,   -5.30,   -9.03,   -5.46,  -11.25,  -11.26,   -9.19
193705,   -8.34,    0.24,   -0.73,   -3.10,    0.54,   -2.15,   -0.07,   -2.50,   -2.79,    0.48,    0.66,   -1.52,   -2.86,    0.36,   -0.81,   -1.35,   -3.41,   -1.83,   -5.90
193706,  -11.10,   -4.23,   -2.96,   -7.76,   -4.48,   -3.29,   -2.67,   -5.14,   -8.94,   -4.94,   -3.48,   -2.78,   -3.88,   -2.11,   -3.64,   -3.33,   -6.60,   -6.37,  -17.61
193707,   22.38,    9.25,    8.01,   10.96,    8.66,   10.59,    7.07,   10.36,   10.71,    7.51,   10.06,   11.56,    9.62,    8.25,    6.15,    9.41,   11.31,   11.46,    8.60
193708,  -10.51,   -4.25,   -4.62,   -7.62,   -3.16,   -6.11,   -4.98,   -5.84,   -7.85,   -3.87,   -2.30,   -8.41,   -3.77,   -6.22,   -3.99,   -4.38,   -7.29,   -6.82,  -10.84
193709,  -25.68,  -12.61,  -12.77,  -19.59,  -12.12,  -15.80,  -10.46,  -16.61,  -20.99,  -12.51,  -11.67,  -14.56,  -17.00,  -14.70,   -7.14,  -15.61,  -17.63,  -20.30,  -23.08
193710,   -7.68,  -10.19,   -7.65,  -13.93,  -10.20,   -9.34,   -6.97,   -9.91,  -16.33,   -9.92,  -10.52,  -10.17,   -8.51,   -7.62,   -6.50,   -9.18,  -10.68,  -15.33,  -19.44
193711,  -13.03,   -8.86,   -7.87,   -8.41,   -8.85,   -9.21,   -7.57,   -7.21,   -9.13,   -7.66,  -10.23,   -8.91,   -9.49,  -10.33,   -5.60,   -6.94,   -7.50,   -8.46,  -11.31
193712,  -15.10,   -4.41,   -3.19,   -7.28,   -3.85,   -5.28,   -2.46,   -6.38,   -6.99,   -1.60,   -6.54,   -6.74,   -3.84,   -2.37,   -2.53,   -5.20,   -7.64,   -4.44,  -15.59
193801,   -0.63,    1.39,   -0.13,   -0.32,    1.63,    0.68,   -0.67,    0.87,   -1.42,   -0.08,    3.79,    0.37,    0.97,    1.86,   -2.38,    0.68,    1.07,   -1.24,   -2.12
193802,    3.32,    6.44,    5.40,    5.93,    6.12,    7.43,    4.63,    6.17,    5.88,    5.96,    6.32,    7.81,    7.06,    8.71,    1.75,    6.34,    5.99,    4.21,   12.20
193803,  -37.24,  -23.79,  -22.77,  -30.57,  -23.46,  -24.32,  -22.05,  -26.04,  -33.10,  -23.73,  -23.12,  -25.23,  -23.46,  -25.07,  -19.78,  -24.72,  -27.48,  -29.99,  -44.00
193804,   26.23,   14.03,   14.62,   16.23,   13.52,   15.32,   14.40,   17.59,   13.22,   11.36,   16.13,   16.26,   14.44,   15.84,   13.39,   15.76,   19.67,   11.57,   20.59
193805,  -10.54,   -3.67,   -3.82,   -5.99,   -3.58,   -5.39,   -2.31,   -6.50,   -5.24,   -3.00,   -4.25,   -4.07,   -6.65,   -4.10,   -1.01,   -6.23,   -6.79,   -5.37,   -4.71
193806,   41.77,   25.90,   21.29,   29.93,   25.71,   27.11,   19.15,   24.11,   33.32,   27.01,   24.20,   26.71,   27.51,   22.44,   16.87,   22.23,   26.18,   32.13,   38.16
193807,    7.19,    6.87,    7.72,   10.15,    8.04,    5.76,    7.70,    7.21,   13.08,    6.06,   11.03,    4.35,    7.97,    8.01,    7.27,    7.22,    7.20,   11.16,   17.03
193808,  -19.66,   -0.49,   -6.00,   -5.83,    0.03,   -3.68,   -5.44,   -4.64,   -8.27,   -0.78,    1.20,   -1.67,   -6.70,   -4.90,   -6.19,   -5.70,   -3.25,   -8.33,   -8.16
193809,   -0.28,    1.33,    0.46,   -1.23,    1.20,    1.43,   -0.10,    0.26,   -2.74,    1.64,    0.57,    1.62,    1.13,   -0.56,    0.55,    0.25,    0.28,   -1.62,   -4.93
193810,   12.18,    7.04,    7.61,   14.58,    7.20,    5.90,    7.11,   13.20,   19.10,    6.72,    7.89,    6.67,    4.69,    9.14,    4.31,   15.58,   10.15,   19.61,   18.09
193811,  -19.76,   -1.22,   -2.10,   -3.32,   -1.57,   -0.53,   -2.98,   -2.97,   -3.88,   -1.24,   -2.04,   -0.42,   -0.70,   -3.27,   -2.57,   -3.14,   -2.73,   -2.98,   -5.74
193812,    3.92,    3.33,    4.50,    7.81,    3.45,    4.05,    3.87,    4.17,   10.30,    4.25,    2.29,    3.07,    5.65,    4.66,    2.74,    3.38,    5.22,    9.71,   11.52
193901,    2.01,   -5.32,   -6.38,  -10.90,   -6.04,   -4.84,   -5.78,   -7.98,  -12.37,   -5.42,   -6.94,   -3.67,   -6.70,   -5.12,   -6.74,   -6.98,   -9.29,  -11.45,  -14.26
193902,   -8.24,    3.44,    3.21,    6.81,    2.96,    3.38,    3.69,    6.07,    7.32,    2.21,    4.07,    4.52,    1.51,    4.66,    2.25,    5.92,    6.28,    7.10,    7.78
193903,  -19.98,   -9.97,  -14.01,  -21.59,  -11.06,   -9.27,  -13.70,  -18.29,  -25.32,   -8.82,  -14.34,   -7.60,  -12.08,  -15.01,  -11.72,  -18.80,  -17.60,  -23.72,  -28.67
193904,   -8.69,   -0.14,   -0.05,   -2.50,   -0.48,    0.42,   -0.18,   -1.84,   -0.83,   -0.84,    0.08,    0.59,    0.12,    0.01,   -0.47,   -0.12,   -4.12,   -1.19,   -0.02
193905,   -2.86,    6.96,    5.82,    9.36,    7.08,    6.28,    5.74,    7.46,   10.24,    6.76,    7.59,    6.70,    5.53,    7.07,    3.78,    6.71,    8.48,   10.21,   10.31
193906,   -7.13,   -4.45,   -6.70,  -11.09,   -4.37,   -5.51,   -5.49,   -8.54,  -13.57,   -3.64,   -5.49,   -4.62,   -7.12,   -5.70,   -5.17,   -8.53,   -8.55,  -12.94,  -14.98
193907,   -1.77,   11.40,    8.75,   13.71,   11.29,    8.88,    9.40,   10.11,   17.52,    9.91,   13.32,   11.91,    7.57,    8.71,   10.52,   10.40,    9.17,   15.89,   20.49
193908,   -2.78,   -6.43,   -6.17,  -11.21,   -6.04,   -5.87,   -7.43,   -7.36,  -14.12,   -5.02,   -7.50,   -8.29,   -4.78,   -7.04,   -8.06,   -7.33,   -7.46,  -11.86,  -18.06
193909,  119.46,   13.99,   17.73,   43.27,   13.20,   12.91,   18.08,   31.95,   54.01,   10.58,   17.05,   17.90,   10.76,   16.91,   19.98,   32.43,   30.38,   46.66,   67.82
193910,  -27.09,    0.04,   -0.81,   -4.44,    0.04,    0.10,   -0.34,   -3.12,   -5.28,    0.63,   -0.79,    0.04,    0.12,    0.20,   -1.19,   -3.08,   -3.25,   -4.25,   -6.97
193911,  -14.06,   -2.75,   -3.94,  -10.40,   -2.42,   -2.51,   -4.12,   -7.62,  -13.13,   -1.80,   -3.30,   -4.31,   -1.68,   -4.50,   -3.52,   -7.94,   -6.58,  -10.59,  -17.43
193912,  -31.05,    3.61,    2.14,    0.88,    3.70,    2.58,    2.75,    0.77,    1.38,    3.87,    3.46,    3.15,    2.33,    3.73,    1.20,    0.94,    0.24,    1.89,    0.45
194001,   -3.74,   -2.20,   -2.51,   -4.72,   -2.13,   -1.80,   -2.18,   -4.52,   -6.13,   -2.23,   -2.00,   -2.52,   -1.48,   -2.56,   -1.55,   -5.01,   -2.88,   -4.61,   -8.92
194002,  -14.77,    1.30,    1.47,    1.79,    0.96,    1.84,    1.09,    2.11,    1.81,    0.77,    1.25,    2.94,    1.35,    0.81,    1.55,    2.22,    1.76,    1.94,    1.58
194003,   23.74,    2.42,    1.52,    2.26,    2.66,    1.03,    1.97,    2.31,    1.88,    2.48,    2.92,    1.29,    0.91,    1.98,    1.96,    2.17,    2.75,    2.49,    0.71
194004,  -16.20,   -0.03,    0.26,    0.98,    0.06,   -0.25,    0.92,    0.64,    0.07,    0.37,   -0.37,   -0.47,   -0.15,    0.56,    1.50,    0.18,    2.13,    0.94,   -1.62
194005,  -19.64,  -22.23,  -21.17,  -26.26,  -21.97,  -20.45,  -23.36,  -22.59,  -28.99,  -19.83,  -25.06,  -23.51,  -19.06,  -22.84,  -24.17,  -22.51,  -22.84,  -25.78,  -35.42
194006,    4.35,    4.95,    8.09,   10.16,    4.80,    7.22,   10.15,    5.56,   14.77,    3.48,    6.85,    5.67,    7.88,   10.95,    8.87,    5.77,    4.87,   14.99,   14.28
194007,   -7.50,    3.41,    3.14,    3.31,    3.92,    2.29,    3.45,    3.54,    2.88,    3.45,    5.12,    2.14,    2.55,    3.27,    4.06,    3.44,    3.72,    3.28,    2.17
194008,   -0.88,    2.22,    1.88,    3.26,    2.92,    1.16,    1.44,    2.60,    2.91,    2.99,    2.74,    0.48,    2.28,    0.45,    4.90,    2.07,    3.58,    2.22,    4.12
194009,    8.70,    3.19,    1.39,    1.67,    3.51,    2.57,    0.60,    0.63,    2.77,    3.56,    3.39,    2.36,    2.91,    0.56,    0.70,    0.64,    0.62,    2.63,    3.03
194010,   -0.89,    0.94,    6.32,    7.83,    0.45,    3.01,    6.06,    8.59,    9.15,   -0.16,    1.97,    2.20,    4.31,    5.78,    6.99,    9.73,    6.53,   11.08,    5.86
194011,    7.11,   -1.91,   -1.27,   -0.59,   -2.58,   -0.79,   -0.85,    0.24,   -4.48,   -2.57,   -2.62,   -0.22,   -1.69,   -0.97,   -0.48,   -1.39,    3.30,   -4.52,   -4.41
194012,  -14.69,    0.57,    0.86,   -0.19,    0.23,    1.25,    0.20,    0.83,    0.53,    0.53,   -0.49,    1.39,    1.03,    0.56,   -1.00,    1.78,   -0.86,    1.80,   -1.70
194101,    6.47,   -5.03,   -3.78,   -1.35,   -5.77,   -3.89,   -2.93,   -3.15,   -0.29,   -6.29,   -4.52,   -3.22,   -4.98,   -2.84,   -3.21,   -3.59,   -2.34,   -1.83,    2.52
194102,   -4.70,   -1.61,   -1.50,   -0.76,   -1.54,   -1.70,   -1.24,   -1.55,   -0.52,   -1.78,   -0.94,   -1.79,   -1.56,   -0.95,   -2.21,   -1.86,   -0.99,   -0.02,   -1.37
194103,   -2.89,    0.54,    1.20,    3.43,    0.51,    0.71,    1.71,    1.48,    4.17,    0.45,    0.65,    0.62,    0.87,    2.16,    0.20,    0.79,    2.72,    3.00,    6.23
194104,  -13.95,   -6.52,   -4.62,   -2.50,   -6.47,   -6.35,   -3.98,   -3.57,   -2.18,   -6.30,   -6.88,   -6.63,   -5.90,   -3.51,   -5.60,   -3.99,   -2.82,   -2.64,   -1.40
194105,    2.94,    0.95,    2.51,    2.24,    1.18,    1.26,    2.53,    2.80,    0.74,    1.48,    0.46,    0.39,    2.67,    2.93,    1.12,    2.26,    3.74,    0.49,    1.16
194106,   -1.98,    6.15,    5.65,    3.81,    6.45,    5.31,    6.29,    4.54,    4.28,    6.65,    5.99,    5.42,    5.12,    6.45,    5.70,    5.24,    3.35,    4.15,    4.50
194107,   19.21,    3.84,    8.30,   11.34,    4.56,    3.73,    8.38,    9.69,   17.98,    4.30,    5.22,    2.24,    6.59,    8.58,    8.21,   11.29,    8.61,   15.56,   20.05
194108,   -0.22,    0.66,   -0.92,   -1.98,    0.81,    0.10,   -1.52,   -1.16,   -2.07,    0.95,    0.43,    0.34,   -0.35,   -0.47,   -2.42,   -0.02,   -1.94,   -0.99,   -2.95
194109,   -7.68,   -0.07,   -2.18,   -1.71,    0.14,   -1.02,   -2.59,   -1.42,   -2.24,   -0.06,    0.65,   -0.54,   -1.92,   -2.16,   -2.97,   -1.33,   -1.48,    0.43,   -4.46
194110,   10.46,   -6.10,   -3.47,   -3.19,   -6.62,   -4.85,   -2.84,   -2.66,   -5.13,   -6.95,   -5.79,   -4.89,   -4.77,   -4.22,   -1.63,   -3.15,   -2.32,   -3.26,   -6.78
194111,   12.80,   -2.27,   -0.77,   -1.90,   -1.82,   -2.64,    0.04,   -1.66,   -3.45,   -1.63,   -2.31,   -3.29,   -1.41,   -1.58,    1.42,   -2.28,   -1.23,   -1.57,   -5.16
194112,  -19.41,   -4.70,   -3.86,   -9.85,   -3.51,   -5.01,   -4.67,   -8.81,   -9.45,   -3.09,   -4.58,   -7.38,   -0.57,   -6.45,   -3.18,   -7.07,  -10.03,  -10.39,   -8.56
194201,   14.19,   -1.66,    1.01,   11.20,   -2.73,    0.65,    0.88,    7.10,   13.78,   -3.96,    0.45,    0.89,    0.24,    3.96,   -1.59,    2.96,   10.09,    8.42,   18.69
194202,   -3.32,   -2.25,   -2.71,   -2.27,   -2.49,   -2.00,   -3.17,   -2.29,   -1.13,   -2.87,   -1.54,   -1.71,   -2.49,   -2.72,   -3.56,   -1.56,   -2.78,   -4.81,    1.94
194203,  -14.12,   -5.83,   -7.35,   -6.07,   -5.48,   -6.84,   -7.89,   -5.84,   -6.38,   -5.92,   -4.42,   -6.60,   -7.28,   -8.58,   -7.30,   -5.71,   -5.93,   -5.34,   -7.19
194204,  -12.23,   -4.62,   -4.44,   -2.99,   -3.69,   -6.35,   -3.76,   -3.67,   -2.61,   -3.01,   -5.34,   -6.76,   -5.65,   -2.87,   -4.51,   -4.40,   -3.17,   -2.55,   -2.65
194205,    0.27,    7.35,    4.76,    0.79,    7.77,    5.87,    5.01,    2.32,   -0.91,    7.63,    8.10,    6.35,    5.05,    4.23,    5.67,    3.45,    1.56,    1.03,   -2.45
194206,    0.84,    3.00,    2.53,    2.67,    4.37,    1.07,    1.91,    2.72,    2.62,    4.43,    4.23,   -0.29,    3.50,    2.62,    1.30,    2.76,    2.69,    2.74,    2.52
194207,    2.52,    2.72,    4.28,    7.13,    2.18,    4.29,    3.47,    5.47,    7.56,    1.89,    2.69,    3.91,    4.89,    2.92,    4.16,    4.52,    6.82,    3.42,   11.79
194208,    7.96,    1.73,    1.80,    3.86,    1.41,    1.98,    1.44,    3.45,    4.14,    0.99,    2.15,    2.43,    1.28,    0.74,    2.30,    3.30,    3.65,    5.91,    2.47
194209,    6.03,    2.62,    2.84,    4.01,    2.93,    2.72,    1.93,    2.57,    5.69,    3.38,    2.12,    1.97,    3.90,    2.05,    1.78,    2.42,    2.79,    2.41,    8.86
194210,   22.41,    5.36,    7.87,   12.47,    5.30,    5.57,    9.08,   10.36,   14.18,    5.30,    5.30,    5.48,    5.71,    7.90,   10.54,    9.76,   11.19,   13.52,   14.79
194211,   -2.11,    1.05,    0.07,   -4.39,    0.92,    1.64,   -0.06,   -3.50,   -5.09,    1.38,    0.11,    1.33,    2.12,    0.60,   -0.84,   -3.24,   -3.86,   -2.07,   -7.84
194212,   -7.86,    4.87,    5.84,    5.41,    5.89,    3.93,    5.75,    6.18,    4.06,    5.32,    6.90,    2.69,    5.82,    5.89,    5.59,    6.00,    6.44,    3.23,    4.86
194301,   17.46,    5.43,    8.37,   12.08,    5.62,    5.92,    9.07,    9.25,   15.96,    5.86,    5.19,    5.02,    7.24,    9.92,    8.03,    9.26,    9.23,   16.33,   15.60
194302,   63.04,    4.90,    7.15,   12.39,    3.79,    6.33,    8.18,   10.06,   14.69,    2.95,    5.29,    7.40,    4.80,    7.58,    8.92,    9.66,   10.61,   13.17,   16.17
194303,  -15.05,    4.25,    7.44,   11.86,    4.23,    5.10,    8.31,    9.08,   13.53,    3.46,    5.57,    4.30,    6.28,    9.07,    7.37,    8.02,   10.51,   11.75,   15.20
194304,    0.87,   -0.12,    1.34,    3.64,   -0.58,    1.03,    1.16,    1.10,    7.83,   -0.56,   -0.61,    0.90,    1.23,    0.91,    1.48,    1.81,    0.16,    4.38,   10.97
194305,   12.74,    5.09,    5.94,    8.42,    5.25,    4.83,    7.00,    6.60,    9.35,    5.05,    5.60,    4.74,    4.97,    7.46,    6.42,    5.86,    7.59,    7.88,   10.61
194306,   -5.49,    2.13,    1.90,    0.08,    2.00,    2.97,    0.41,    1.03,   -0.73,    0.89,    3.89,    2.41,    3.79,    0.20,    0.67,    1.20,    0.81,    3.48,   -4.25
194307,    1.37,   -4.77,   -3.94,   -6.00,   -5.44,   -3.63,   -3.02,   -5.47,   -7.90,   -5.47,   -5.34,   -3.47,   -4.02,   -1.88,   -4.92,   -6.34,   -4.85,   -5.55,  -10.26
194308,   -4.80,    1.49,    1.20,    0.29,    1.49,    1.40,    1.29,    0.55,    0.25,    1.24,    2.26,    1.47,    1.22,    1.24,    1.37,    0.90,    0.31,    0.77,   -0.30
194309,    4.27,    2.21,    2.77,    3.02,    2.37,    1.95,    2.75,    3.00,    4.32,    2.30,    2.58,    1.91,    2.05,    2.76,    2.73,    4.03,    2.26,    3.46,    5.25
194310,  -11.74,   -1.43,   -0.91,    0.46,   -1.77,   -1.10,   -0.95,    0.91,   -0.40,   -1.92,   -1.29,   -0.79,   -1.89,   -0.12,   -2.37,    0.82,    0.98,   -0.53,   -0.26
194311,  -16.50,   -4.81,   -6.72,   -9.55,   -5.05,   -4.56,   -6.86,   -7.96,  -13.47,   -4.47,   -6.79,   -4.37,   -5.07,   -6.54,   -7.42,   -8.94,   -7.24,  -11.49,  -15.53
194312,    9.76,    5.75,    7.25,    8.00,    5.59,    6.15,    7.20,    7.31,   11.21,    4.97,    7.49,    6.06,    6.39,    6.24,    8.89,    8.81,    6.23,   10.47,   12.02
194401,   -4.28,    0.86,    1.87,    4.96,    0.81,    1.11,    2.37,    2.50,    7.33,    0.43,    1.95,    0.95,    1.53,    1.74,    3.45,    1.04,    3.59,    5.36,    9.46
194402,   -4.39,    0.08,    0.80,    2.13,    0.25,    0.06,    0.64,    0.77,    4.97,    0.27,    0.17,   -0.23,    0.80,    1.43,   -0.69,    1.25,    0.43,    3.80,    6.18
194403,    6.96,    2.20,    2.66,    4.09,    2.55,    1.89,    2.20,    3.51,    5.38,    2.75,    1.94,    1.55,    2.75,    1.46,    3.47,    3.82,    3.28,    4.99,    5.77
194404,   -8.34,   -1.41,   -1.96,   -1.97,   -1.39,   -1.55,   -2.09,   -1.54,   -2.95,   -1.30,   -1.66,   -1.44,   -1.83,   -1.94,   -2.33,   -1.83,   -1.34,   -1.36,   -4.55
194405,   -0.27,    4.64,    5.22,    5.71,    4.50,    4.86,    5.11,    5.20,    7.82,    4.57,    4.29,    4.93,    4.69,    4.81,    5.63,    6.33,    4.38,    8.16,    7.46
194406,   44.78,    5.03,    5.59,    7.97,    5.66,    4.42,    4.65,    7.50,    8.83,    5.41,    6.44,    3.83,    5.93,    5.03,    4.02,    7.63,    7.40,    9.22,    8.42
194407,    0.00,   -1.62,   -1.44,   -0.94,   -1.75,   -1.47,   -1.17,   -1.38,   -0.75,   -2.13,   -0.77,   -1.29,   -1.69,   -1.40,   -0.81,   -1.48,   -1.27,   -1.68,    1.23
194408,  -20.00,    1.44,    1.53,    1.25,    1.71,    0.70,    2.43,    2.05,    0.58,    1.64,    1.87,    0.79,    0.59,    2.41,    2.45,    1.68,    2.48,    1.35,   -1.04
194409,    0.00,    0.37,   -0.23,   -0.24,    0.46,   -0.35,   -0.05,    0.25,    0.04,    0.44,    0.52,    0.14,   -0.96,    0.29,   -0.59,    1.12,   -0.75,    0.30,   -0.52
194410,    0.00,   -0.06,    0.81,   -0.15,   -0.33,    0.78,    0.83,   -0.21,    0.21,   -0.17,   -0.74,    0.59,    1.01,    0.94,    0.64,    0.31,   -0.81,    0.44,   -0.29
194411,  -99.99,    1.16,    2.32,    3.24,    1.11,    1.75,    2.16,    2.87,    3.31,    1.13,    1.05,    1.28,    2.34,    1.84,    2.67,    2.67,    3.11,    2.51,    5.06
194412,  -99.99,    2.61,    4.74,    9.85,    2.42,    3.54,    5.23,    5.34,   12.08,    2.13,    3.17,    3.05,    4.14,    5.52,    4.77,    5.01,    5.72,    8.97,   18.68
194501,  -99.99,    0.86,    3.22,    3.51,    1.28,    1.17,    3.23,    5.10,    2.18,    1.08,    1.80,   -0.14,    2.78,    2.67,    4.12,    4.24,    6.11,    4.05,   -1.45
194502,  -99.99,    5.19,    6.40,   10.08,    5.44,    5.38,    6.19,    8.23,   10.40,    5.48,    5.33,    4.60,    6.31,    6.60,    5.55,    7.14,    9.49,    9.26,   12.72
194503,  -99.99,   -3.24,   -4.57,   -4.98,   -3.89,   -3.04,   -4.12,   -5.61,   -4.58,   -3.81,   -4.08,   -1.69,   -4.63,   -3.92,   -4.43,   -5.50,   -5.74,   -4.58,   -4.58
194504,  -99.99,    6.79,    8.13,   10.73,    7.58,    6.54,    7.83,    8.46,   11.62,    7.44,    7.94,    4.91,    8.51,    8.05,    7.47,    7.97,    9.02,    9.61,   15.59
194505,  -99.99,    2.04,    1.16,    1.81,    1.70,    1.92,    1.52,    0.83,    2.47,    0.82,    3.91,    2.87,    0.81,    1.68,    1.27,    1.14,    0.49,    1.90,    3.55
194506,  -99.99,   -1.10,    0.89,    3.99,   -1.72,    0.29,    0.95,    2.04,    5.19,   -1.83,   -1.44,    0.40,    0.16,    0.68,    1.39,    2.46,    1.57,    2.44,   10.31
194507,  -99.99,   -1.49,   -1.95,   -4.62,   -1.45,   -0.87,   -3.02,   -2.72,   -5.00,   -1.10,   -2.32,   -1.67,   -0.36,   -3.65,   -2.03,   -1.92,   -3.69,   -3.45,   -7.11
194508,  -99.99,    8.58,    4.67,    2.98,    8.67,    5.86,    5.02,    4.03,    2.57,    7.98,   10.37,    8.21,    4.42,    5.24,    4.68,    4.07,    3.98,    4.21,    0.24
194509,  -99.99,    4.65,    4.59,    5.82,    5.06,    3.46,    4.37,    5.68,    6.54,    5.17,    4.77,    2.87,    3.83,    4.15,    4.72,    6.93,    4.12,    5.41,    8.20
194510,  -99.99,    2.51,    5.13,    5.71,    2.49,    3.28,    5.71,    6.83,    4.96,    2.47,    2.55,    2.60,    3.72,    6.19,    4.95,    6.28,    7.53,    4.98,    4.93
194511,  -99.99,    3.16,    6.14,    9.67,    2.98,    5.15,    5.81,    7.73,   10.42,    2.19,    4.88,    3.94,    5.92,    5.66,    6.05,    7.61,    7.88,    8.00,   13.89
194512,  -99.99,    1.88,    1.29,   -0.21,    1.89,    1.18,    1.69,    0.93,   -0.57,    1.91,    1.84,    1.83,    0.78,    2.40,    0.59,    1.13,    0.67,   -0.12,   -1.17
194601,  -99.99,    6.25,    5.26,    8.47,    6.11,    5.53,    4.99,    6.89,    9.32,    5.77,    6.90,    6.89,    4.69,    5.02,    4.93,    7.23,    6.45,    9.05,    9.69
194602,  -99.99,   -5.91,   -5.11,   -7.37,   -5.82,   -4.89,   -5.16,   -6.91,   -7.70,   -5.30,   -7.02,   -6.31,   -3.98,   -5.00,   -5.41,   -7.20,   -6.55,   -6.87,   -8.84
194603,  -99.99,    5.24,    6.95,    5.25,    5.09,    5.44,    8.18,    7.31,    4.12,    4.83,    5.71,    5.88,    5.17,    8.37,    7.87,    6.76,    8.00,    4.79,    3.18
194604,  -99.99,    3.79,    5.39,    3.18,    3.74,    4.20,    6.00,    5.36,    2.40,    3.59,    4.09,    4.03,    4.31,    6.47,    5.25,    5.65,    5.00,    3.33,    1.08
194605,  -99.99,    3.36,    3.74,    6.28,    3.00,    4.39,    2.81,    5.74,    6.69,    3.10,    2.78,    4.91,    4.07,    3.24,    2.11,    6.04,    5.35,    3.79,   10.87
194606,  -99.99,   -4.43,   -2.84,   -4.43,   -4.47,   -3.43,   -1.96,   -5.74,   -3.67,   -4.13,   -5.28,   -4.26,   -2.90,   -1.69,   -2.42,   -5.38,   -6.20,   -3.60,   -3.77
194607,  -19.51,   -2.85,   -2.47,   -2.72,   -2.51,   -3.84,   -2.29,   -1.74,   -3.47,   -2.26,   -2.77,   -4.07,   -3.62,   -4.04,   -1.28,   -2.01,   -1.26,   -1.03,   -6.76
194608,   -9.52,   -6.47,   -6.40,   -6.40,   -6.24,   -6.83,   -6.85,   -5.35,   -7.38,   -6.08,   -6.40,   -7.31,   -6.36,   -6.68,   -6.95,   -5.80,   -4.53,   -6.59,   -8.51
194609,  -21.53,  -10.01,   -8.90,  -12.30,  -10.23,   -9.66,   -8.51,   -8.88,  -14.00,   -9.67,  -10.81,   -9.19,  -10.11,  -10.63,   -7.32,   -8.71,   -9.18,  -10.54,  -19.02
194610,   -0.61,   -2.54,   -1.67,    0.50,   -2.52,   -2.33,   -2.97,   -0.04,    1.14,   -3.75,   -1.24,   -2.60,   -2.07,   -1.31,   -3.86,    0.29,   -0.63,    0.12,    2.78
194611,   -3.68,   -0.30,    0.64,    0.01,   -0.09,    0.00,    0.40,    0.53,   -0.10,    1.05,   -1.24,   -1.09,    1.04,   -2.62,    2.09,    0.72,    0.19,   -0.05,   -0.17
194612,   -2.55,    5.31,    5.18,    3.99,    5.52,    6.07,    4.73,    4.44,    3.72,    5.11,    5.95,    4.51,    7.54,    5.78,    4.17,    4.42,    4.47,    3.92,    3.41
194701,    5.23,    2.30,   -0.26,    2.12,    1.96,    0.44,    1.54,    0.02,    1.97,   -0.15,    4.12,    3.57,   -2.42,    2.02,    1.28,   -1.30,    2.39,    2.03,    1.87
194702,    4.35,   -0.02,   -1.28,   -1.50,    0.26,   -0.63,   -1.45,   -1.53,   -1.60,   -0.74,    1.25,   -1.04,   -0.24,   -1.07,   -1.66,   -1.66,   -1.32,   -1.22,   -2.19
194703,   -4.76,   -1.88,   -1.20,   -1.64,   -1.69,   -2.18,   -2.32,    0.21,   -2.29,   -1.96,   -1.43,   -2.58,   -1.79,   -2.41,   -2.27,    0.62,   -0.51,   -0.84,   -4.60
194704,  -19.38,   -5.35,   -4.01,   -5.08,   -5.21,   -5.89,   -3.83,   -3.82,   -5.13,   -5.84,   -4.61,   -5.89,   -5.89,   -6.27,   -2.49,   -3.16,   -4.98,   -4.04,   -6.94
194705,   -6.98,   -1.31,   -0.12,   -2.24,   -1.33,   -1.17,   -1.65,    0.83,   -2.41,   -1.27,   -1.38,   -1.25,   -1.10,   -1.52,   -1.72,    2.39,   -1.95,   -1.84,   -3.39
194706,    6.67,    6.36,    4.63,    4.58,    6.15,    6.89,    1.97,    5.94,    4.77,    7.08,    5.26,    7.18,    6.62,    7.68,   -1.03,    6.84,    4.26,    4.55,    5.15
194707,   33.33,    3.60,    3.69,    7.23,    3.56,    3.98,    3.48,    4.40,    7.75,    3.14,    4.13,    3.78,    4.14,    3.58,    3.40,    3.92,    5.32,    6.77,    9.38
194708,    0.00,   -1.85,   -1.46,   -2.10,   -1.68,   -1.66,   -1.63,   -1.20,   -2.55,   -1.83,   -1.46,   -2.66,   -0.84,   -0.44,   -2.62,   -1.63,   -0.40,   -1.82,   -3.74
194709,   -2.78,   -0.64,   -0.58,    0.22,   -0.55,   -0.69,   -0.87,    0.38,    0.16,   -0.41,   -0.73,   -1.06,   -0.38,   -0.04,   -1.59,    0.35,    0.45,   -0.06,    0.52
194710,   -5.71,    2.28,    3.00,    3.04,    2.07,    3.90,    2.73,    2.85,    2.71,    1.34,    3.07,    3.26,    4.40,    1.55,    3.75,    2.10,    4.24,    4.23,    0.22
194711,   -6.06,   -2.19,   -1.64,   -1.92,   -1.93,   -2.08,   -1.54,   -2.50,   -1.96,   -1.39,   -2.66,   -3.37,   -1.05,   -2.00,   -1.15,   -2.91,   -1.76,   -1.68,   -2.46
194712,   22.58,    1.94,    3.34,    6.09,    1.90,    3.47,    3.17,    3.29,    6.38,    1.98,    1.79,    2.15,    4.50,    1.99,    4.17,    2.32,    5.03,    4.54,    9.53
194801,    5.26,   -4.45,   -3.91,   -2.92,   -4.66,   -4.07,   -4.08,   -2.57,   -2.86,   -4.66,   -4.66,   -3.49,   -4.52,   -1.96,   -5.83,   -2.24,   -3.17,   -4.00,   -0.99
194802,   -5.00,   -4.72,   -3.88,   -4.88,   -4.75,   -5.14,   -3.14,   -5.00,   -4.59,   -4.90,   -4.55,   -4.58,   -5.57,   -2.46,   -3.74,   -4.47,   -5.94,   -4.33,   -5.00
194803,    5.26,    7.82,    7.77,   11.26,    7.50,    9.82,    6.81,    9.46,   11.20,    7.45,    7.55,    9.30,   10.23,    5.25,    8.17,    8.35,   11.48,   11.28,   11.09
194804,   13.75,    2.24,    4.27,    6.76,    2.33,    3.01,    4.78,    3.59,    7.17,    2.13,    2.60,    1.84,    3.91,    3.54,    5.82,    2.64,    5.26,    7.50,    6.64
194805,    7.69,    8.56,    6.64,    7.80,    8.39,    9.15,    5.92,    6.74,    7.80,    7.80,    9.21,    9.32,    9.02,    5.07,    6.63,    6.13,    7.78,    7.85,    7.73
194806,   24.49,   -0.71,    0.18,    1.53,   -0.61,   -0.75,    0.65,   -0.77,    2.11,   -0.47,   -0.81,   -1.14,   -0.46,    0.57,    0.72,   -0.84,   -0.65,    2.53,    1.44
194807,   -7.45,   -5.02,   -5.31,   -4.50,   -5.21,   -5.90,   -4.05,   -5.07,   -4.85,   -5.03,   -5.42,   -4.25,   -7.10,   -3.41,   -5.36,   -6.56,   -3.80,   -5.71,   -3.60
194808,    4.35,    0.80,   -0.24,    0.46,    0.91,   -0.24,    0.10,   -0.39,    0.75,    0.20,    1.80,    0.35,   -0.68,    0.08,    0.14,   -0.72,   -0.12,    0.37,    1.29
194809,    1.88,   -2.75,   -2.59,   -3.97,   -2.63,   -3.55,   -1.58,   -4.27,   -3.89,   -2.15,   -3.22,   -3.26,   -3.76,   -1.40,   -1.97,   -4.44,   -4.12,   -3.78,   -4.06
194810,    0.97,    6.34,    5.76,    6.16,    6.19,    7.62,    4.56,    5.81,    6.24,    5.73,    6.78,    6.95,    8.12,    4.09,    5.55,    5.58,    5.99,    6.93,    5.27
194811,  -23.09,   -8.44,   -8.84,  -13.39,   -8.45,   -9.50,   -7.34,  -12.09,  -14.13,   -7.45,   -9.68,   -8.44,  -10.29,   -6.22,   -9.67,  -12.33,  -11.89,  -13.03,  -15.70
194812,   -3.28,    4.81,    2.55,    2.03,    5.08,    3.31,    2.47,    1.98,    1.98,    5.74,    4.23,    3.74,    2.98,    2.66,    2.06,    1.82,    2.11,    2.55,    1.14
194901,   11.14,    0.59,   -0.87,    1.52,    0.81,   -1.24,   -0.71,    1.01,    1.83,    0.41,    1.33,   -0.34,   -1.91,   -1.75,    1.55,    1.14,    0.90,    1.93,    1.69
194902,    1.93,   -2.59,   -2.82,   -4.24,   -2.56,   -3.57,   -2.06,   -2.61,   -5.23,   -2.31,   -2.87,   -2.74,   -4.22,   -2.03,   -2.12,   -3.03,   -2.27,   -4.70,   -6.02
194903,   13.80,    4.31,    3.57,    5.43,    4.39,    3.90,    3.00,    5.71,    5.36,    5.15,    3.41,    3.98,    3.84,    2.46,    4.13,    5.90,    5.56,    4.69,    6.40
194904,   -7.80,   -2.06,   -0.84,   -2.71,   -2.01,   -0.88,   -1.31,   -1.90,   -2.84,   -1.98,   -2.05,   -2.30,    0.23,   -1.37,   -1.19,   -1.22,   -2.46,   -2.39,   -3.52
194905,   -1.83,   -1.96,   -3.16,   -5.35,   -2.00,   -3.06,   -2.27,   -4.95,   -5.73,   -1.78,   -2.29,   -1.80,   -4.02,   -2.32,   -2.18,   -5.36,   -4.62,   -5.92,   -5.46
194906,   10.56,    1.03,    0.14,   -2.29,    1.04,   -0.16,    0.57,   -0.30,   -2.74,    0.50,    1.77,    0.97,   -1.04,    1.31,   -0.95,    1.09,   -1.43,   -2.39,   -3.28
194907,   20.00,    5.27,    5.88,    6.59,    5.73,    5.00,    5.82,    5.92,    6.53,    5.18,    6.48,    4.12,    6.30,    4.63,    7.07,    5.05,    6.66,    7.11,    6.07
194908,    8.33,    2.73,    2.84,    2.68,    2.83,    2.63,    3.37,    2.12,    2.57,    3.17,    2.37,    2.47,    2.85,    2.80,    3.95,    1.31,    2.81,    2.68,    2.48
194909,    3.85,    2.71,    3.66,    4.33,    3.02,    2.54,    3.78,    3.96,    4.63,    3.65,    2.16,    1.92,    3.43,    3.59,    3.97,    3.90,    4.01,    2.84,    6.10
194910,   14.81,    3.31,    3.08,    3.42,    3.60,    3.02,    2.93,    3.13,    2.83,    3.36,    3.95,    2.54,    3.69,    2.70,    3.16,    2.02,    4.05,    3.79,    2.07
194911,  -16.13,    2.89,    0.22,    1.18,    3.11,    1.20,    0.52,    0.63,    1.82,    3.46,    2.62,    2.32,   -0.35,    0.93,    0.12,    0.78,    0.51,    2.44,    1.32
194912,    7.69,    5.37,    4.05,    7.30,    5.87,    3.76,    4.26,    5.62,    8.66,    6.13,    5.50,    4.08,    3.29,    4.75,    3.77,    5.33,    5.85,    4.34,   12.19
195001,   14.29,    1.00,    2.19,    3.89,    0.99,    1.23,    2.67,    1.88,    6.15,    1.42,    0.39,    1.03,    1.52,    2.86,    2.49,    2.47,    1.39,    5.64,    6.54
195002,    9.38,    1.57,    1.52,    0.97,    1.93,    0.98,    1.47,    1.27,    1.08,    1.72,    2.22,    0.63,    1.49,    1.41,    1.53,    1.76,    0.85,    1.87,    0.48
195003,   -8.57,    1.93,    0.74,    0.23,    1.97,    1.50,    0.91,    0.59,   -0.82,    2.10,    1.77,    1.83,    1.03,    0.26,    1.57,   -0.45,    1.46,   -2.49,    0.44
195004,   -4.69,    4.38,    3.23,    5.73,    5.18,    2.47,    3.88,    4.19,    5.77,    5.18,    5.18,    2.23,    2.81,    3.25,    4.51,    2.38,    5.69,    7.04,    4.85
195005,   14.75,    4.57,    4.84,    3.93,    4.78,    4.67,    4.53,    4.91,    2.21,    4.41,    5.32,    3.97,    5.66,    2.87,    6.19,    3.69,    5.88,    3.19,    1.48
195006,    8.57,   -5.49,   -6.51,   -5.79,   -5.72,   -5.50,   -6.46,   -4.81,   -8.15,   -6.34,   -4.85,   -4.84,   -6.43,   -5.84,   -7.07,   -6.84,   -3.21,   -8.04,   -8.22
195007,  -13.16,   -3.38,    4.40,   12.81,   -3.64,   -0.55,    6.00,   10.62,   13.87,   -4.41,   -2.51,   -2.20,    0.43,    6.21,    5.64,   10.83,   10.27,   11.74,   17.30
195008,   -1.52,    6.04,    4.24,    3.06,    6.46,    3.87,    4.91,    3.36,    3.25,    6.74,    6.06,    4.19,    3.69,    4.96,    4.83,    3.84,    2.58,    4.62,    1.16
195009,  -10.77,    5.79,    3.91,    4.65,    5.41,    4.65,    4.73,    4.37,    4.47,    4.39,    6.91,    7.49,    3.00,    4.01,    5.94,    3.93,    5.10,    2.99,    6.80
195010,    8.62,   -0.18,   -0.49,    1.65,    0.02,   -0.40,   -0.94,   -0.51,    2.53,   -0.82,    1.22,   -1.10,    0.03,   -0.36,   -1.90,   -0.51,   -0.52,    4.40,   -0.30
195011,   -6.35,    2.29,    3.33,    4.36,    2.60,    1.95,    3.67,    4.29,    4.42,    4.20,    0.35,    0.93,    2.56,    4.10,    2.94,    4.35,    4.20,    3.24,    6.30
195012,   55.93,    3.40,    6.72,   10.96,    3.30,    4.89,    6.62,    9.51,   11.85,    4.00,    2.28,    3.85,    5.50,    6.20,    7.32,    9.99,    8.74,    9.02,   16.17
195101,   -6.52,    5.20,    5.52,    9.06,    4.94,    4.61,    7.00,    6.32,   10.01,    4.83,    5.10,    6.36,    3.60,    6.83,    7.29,    6.14,    6.60,    9.20,   11.17
195102,    2.33,    2.23,    1.83,   -1.34,    2.40,    1.64,    2.30,    0.15,   -1.48,    2.07,    2.88,    1.48,    1.73,    2.95,    1.20,    0.83,   -0.97,   -1.47,   -1.51
195103,   -9.09,   -0.73,   -2.74,   -5.12,   -0.65,   -1.39,   -3.29,   -4.28,   -5.24,   -1.15,    0.10,   -1.10,   -1.56,   -3.47,   -2.98,   -3.99,   -4.78,   -4.91,   -5.71
195104,  -10.00,    4.37,    5.55,    6.71,    4.56,    3.21,    7.48,    6.08,    7.07,    5.50,    3.20,    3.49,    3.04,    9.15,    4.62,    6.27,    5.76,    8.27,    5.37
195105,   -2.78,   -2.33,   -1.88,   -3.52,   -2.25,   -1.78,   -2.16,   -2.38,   -4.15,   -1.47,   -3.41,   -2.74,   -1.20,   -2.18,   -2.12,   -2.69,   -1.84,   -3.99,   -4.39
195106,   -8.57,   -2.24,   -1.32,   -6.90,   -2.14,   -2.26,    0.22,   -4.51,   -7.48,   -1.69,   -2.84,   -2.68,   -2.01,    2.61,   -4.00,   -3.97,   -5.41,   -6.21,   -9.33
195107,   -6.25,    6.68,    6.92,    8.93,    7.06,    5.79,    6.54,    8.67,    9.55,    7.10,    6.98,    5.23,    6.59,    4.64,    9.08,    9.16,    8.27,    8.65,   10.37
195108,    0.00,    4.28,    4.40,    4.93,    3.74,    5.53,    4.53,    4.96,    4.09,    3.21,    4.70,    6.38,    4.32,    4.65,    4.39,    3.90,    5.85,    6.10,    2.26
195109,   11.67,    0.62,    0.59,    1.65,    0.55,    1.08,    0.08,    1.10,    2.83,    0.26,    1.07,    0.90,    1.34,    0.88,   -0.95,    1.99,    0.36,    1.79,    3.80
195110,   -7.46,   -3.76,   -0.58,   -2.30,   -4.07,   -2.45,    0.02,   -0.87,   -3.75,   -4.60,   -3.14,   -2.58,   -2.25,   -0.95,    1.29,   -1.09,   -0.69,   -2.06,   -5.29
195111,    3.23,    0.78,    0.67,    0.68,    0.73,    1.48,    0.25,    0.31,    1.23,    0.59,    0.97,    0.99,    2.19,    0.05,    0.52,    0.57,    0.09,    0.31,    2.10
195112,  -12.50,    4.18,    3.44,    1.45,    4.69,    2.68,    3.77,    1.93,    1.22,    5.41,    3.43,    2.31,    3.22,    2.73,    5.10,    2.18,    1.71,    1.43,    1.03
195201,   -7.14,    0.45,    2.49,    3.34,    0.02,    1.92,    2.63,    3.63,    2.57,   -1.08,    1.99,    2.09,    1.67,    1.12,    4.49,    2.98,    4.18,    1.99,    3.11
195202,   11.54,   -2.18,   -2.76,   -3.22,   -2.18,   -2.18,   -3.15,   -2.86,   -2.67,   -1.77,   -2.90,   -2.16,   -2.20,   -2.60,   -3.81,   -1.72,   -3.81,   -3.87,   -1.58
195203,  -17.24,    4.30,    4.67,    6.06,    4.57,    4.35,    4.07,    5.78,    6.41,    4.47,    4.74,    3.30,    5.84,    3.20,    5.12,    5.89,    5.69,    3.38,    9.12
195204,   -8.33,   -4.66,   -4.93,   -5.27,   -4.79,   -4.38,   -4.50,   -6.53,   -4.59,   -5.01,   -4.42,   -4.14,   -4.72,   -3.62,   -5.55,   -7.15,   -6.00,   -6.56,   -2.92
195205,   -9.09,    3.76,    2.79,    3.33,    4.00,    2.84,    2.70,    3.21,    3.35,    4.46,    3.21,    2.84,    2.85,    1.88,    3.70,    3.11,    3.30,    1.91,    4.52
195206,   15.00,    3.86,    4.11,    4.46,    3.92,    4.10,    4.06,    3.39,    5.39,    3.85,    4.05,    3.60,    4.80,    3.83,    4.34,    3.37,    3.41,    4.26,    6.29
195207,   35.20,    1.16,    0.84,    1.34,    1.28,    1.09,    0.46,    1.37,    1.05,    0.94,    2.05,    0.87,    1.46,    0.82,   -0.20,    0.95,    1.80,    1.75,    0.42
195208,    3.72,   -0.87,   -0.19,   -0.76,   -0.68,   -0.99,    0.29,   -0.99,   -0.99,   -0.67,   -0.70,   -1.32,   -0.43,    0.42,    0.06,   -1.56,   -0.40,   -1.12,   -0.86
195209,   -3.59,   -1.79,   -1.78,   -2.34,   -1.58,   -1.94,   -1.43,   -3.40,   -2.14,   -1.37,   -2.06,   -2.29,   -1.36,   -0.70,   -2.80,   -4.14,   -2.64,   -2.21,   -2.07
195210,   -3.31,   -0.58,   -0.36,   -0.70,   -0.85,    0.00,   -0.62,   -0.53,   -0.37,   -0.85,   -0.85,    0.06,   -0.11,   -0.11,   -1.59,    0.16,   -1.21,   -0.90,    0.12
195211,  -11.96,    6.20,    5.47,    7.41,    7.02,    5.17,    4.69,    6.62,    7.44,    8.12,    4.51,    4.27,    6.67,    4.97,    4.14,    5.88,    7.38,    6.45,    8.33
195212,   -4.86,    3.12,    2.93,    3.37,    3.09,    3.13,    2.52,    3.34,    4.06,    3.27,    2.67,    3.19,    3.03,    1.89,    3.78,    4.38,    2.30,    3.33,    4.70
195301,   -0.51,   -0.88,    0.23,    1.93,   -0.77,   -0.81,    0.80,    0.67,    1.76,   -1.04,   -0.16,   -1.12,   -0.31,    1.19,    0.06,   -0.82,    2.20,    2.06,    1.50
195302,    3.59,   -0.17,    0.02,   -0.36,   -0.37,    0.13,   -0.12,    0.53,   -0.54,   -0.88,    0.80,    0.33,   -0.20,   -0.15,   -0.06,    1.12,   -0.07,   -0.20,   -0.83
195303,    1.98,   -1.19,   -1.18,   -2.48,   -1.27,   -1.33,   -1.07,   -1.41,   -2.27,   -1.01,   -1.85,   -1.00,   -1.89,   -1.07,   -1.08,   -0.03,   -2.81,   -2.31,   -2.24
195304,   -3.88,   -3.01,   -2.46,   -1.73,   -2.71,   -3.32,   -2.29,   -2.15,   -1.79,   -2.48,   -3.26,   -3.72,   -2.66,   -2.23,   -2.42,   -2.64,   -1.63,   -0.64,   -2.81
195305,    1.01,    0.85,    0.35,    1.23,    0.70,    0.53,    0.49,    0.88,    2.09,    0.93,    0.17,    1.20,   -0.56,    0.61,    0.27,    1.87,   -0.13,    0.30,    3.69
195306,  -11.50,   -1.65,   -1.58,   -2.23,   -1.83,   -1.63,   -0.83,   -2.75,   -2.02,   -1.83,   -1.83,   -1.21,   -2.32,   -0.79,   -0.89,   -2.93,   -2.56,   -1.98,   -2.05
195307,    6.21,    2.95,    2.07,    1.81,    2.66,    3.12,    1.80,    1.55,    1.54,    2.43,    3.20,    3.70,    2.58,    1.34,    2.10,    0.83,    2.16,    1.35,    1.69
195308,  -14.36,   -4.00,   -4.05,   -7.71,   -3.62,   -4.01,   -4.63,   -6.36,   -8.76,   -3.66,   -3.54,   -4.98,   -3.09,   -4.66,   -4.60,   -6.34,   -6.38,   -6.31,  -10.83
195309,  -15.84,    0.89,    0.12,   -1.78,    1.11,    0.71,   -0.70,   -1.32,   -2.27,    1.02,    1.31,    0.29,    1.09,    0.21,   -1.30,   -1.51,   -1.17,   -2.31,   -2.23
195310,   -5.90,    5.05,    4.28,    4.37,    5.17,    4.20,    4.98,    5.04,    3.47,    5.46,    4.52,    4.73,    3.71,    4.76,    5.13,    4.53,    5.46,    3.06,    3.83
195311,   -7.45,    3.34,    2.23,    2.92,    3.76,    2.38,    1.98,    2.63,    2.48,    4.49,    2.08,    2.21,    2.54,    2.18,    1.85,    1.63,    3.44,    3.81,    1.33
195312,   -5.08,    0.52,    0.24,   -2.24,    0.66,    0.57,    0.19,   -1.17,   -4.32,    0.70,    0.57,    0.15,    0.95,    0.36,    0.07,   -2.89,    0.22,   -3.69,   -4.89
195401,    8.04,    4.47,    5.85,    7.93,    3.65,    5.50,    7.08,    8.01,    8.25,    3.75,    3.42,    6.73,    4.38,    6.17,    7.70,    8.59,    7.57,    8.14,    8.34
195402,    4.13,    1.65,    2.12,    0.89,    1.79,    1.82,    2.13,    0.64,    1.39,    1.68,    2.05,    1.27,    2.33,    2.01,    2.22,    1.04,    0.33,    0.83,    1.90
195403,   10.71,    4.23,    3.49,    1.85,    4.48,    3.64,    3.45,    2.56,    1.19,    4.90,    3.48,    3.55,    3.73,    3.98,    3.09,    2.49,    2.62,    1.05,    1.31
195404,   13.25,    5.23,    3.36,    3.28,    5.13,    4.31,    4.36,    3.61,    0.69,    6.10,    2.81,    5.50,    3.22,    4.37,    4.35,    0.32,    6.22,    0.59,    0.78
195405,    3.79,    2.88,    2.74,    6.36,    2.89,    2.33,    2.94,    6.26,    6.72,    2.93,    2.77,    2.88,    1.82,    3.35,    2.66,    6.63,    5.98,    7.42,    6.09
195406,    1.83,    1.83,   -0.13,    1.13,    2.94,   -0.65,   -0.10,    1.11,    0.22,    3.59,    1.35,   -1.20,   -0.13,    1.42,   -1.13,   -0.22,    2.12,    1.33,   -0.78
195407,   10.76,    4.30,    5.27,    9.02,    3.98,    5.24,    5.60,    6.99,    8.54,    3.46,    5.37,    5.31,    5.19,    5.31,    5.84,    4.67,    9.57,    8.64,    8.46
195408,   -1.83,   -2.94,   -0.86,   -4.13,   -3.24,   -1.17,   -1.19,   -3.20,   -3.09,   -3.38,   -2.86,   -2.00,   -0.54,   -0.94,   -1.41,   -1.21,   -5.30,   -2.05,   -3.92
195409,   -0.60,    6.83,    6.44,    6.06,    7.05,    5.83,    8.26,    6.39,    4.16,    8.01,    4.58,    6.12,    5.62,    7.56,    8.85,    4.72,    8.24,    4.38,    3.98
195410,   -3.33,   -2.23,   -1.02,    0.10,   -2.24,   -1.54,   -1.08,   -0.09,   -0.31,   -2.37,   -1.90,   -2.17,   -1.06,   -1.97,   -0.34,   -0.68,    0.55,   -1.95,    1.05
195411,    2.78,    9.57,    8.21,   14.51,   10.02,    7.53,    9.27,   12.98,   12.80,   10.66,    8.31,    8.12,    7.09,    9.81,    8.84,    9.75,   16.38,   11.34,   13.94
195412,   11.87,    4.33,    6.13,   11.69,    4.02,    4.56,    7.62,    9.76,   14.07,    4.03,    4.00,    5.32,    4.00,    7.77,    7.49,   10.35,    9.17,   12.93,   14.95
195501,    1.16,    0.10,    0.80,    3.28,   -0.13,    1.52,   -0.42,    2.24,    1.83,   -0.01,   -0.46,    0.84,    2.03,   -1.46,    0.44,   -0.41,    4.89,    2.55,    1.28
195502,    2.37,    3.08,    2.94,    3.69,    2.98,    2.78,    3.41,    3.30,    4.64,    2.77,    3.53,    3.39,    2.33,    3.00,    3.74,    3.96,    2.66,    3.61,    5.43
195503,  -14.62,   -0.29,   -0.26,    1.90,   -0.14,   -0.47,   -0.32,    0.85,    2.00,   -0.24,    0.14,   -0.76,   -0.26,    0.54,   -1.01,   -0.12,    1.79,    3.75,    0.68
195504,   -3.53,    4.05,    1.91,    4.05,    4.56,    1.90,    2.19,    4.17,    2.55,    5.42,    2.22,    2.39,    1.54,    2.77,    1.71,    2.56,    5.70,   -0.43,    4.85
195505,   -0.14,    1.93,    0.09,    0.24,    2.34,    0.10,    0.53,   -0.18,    0.94,    2.72,    1.30,    0.57,   -0.25,    0.15,    0.85,    0.16,   -0.50,    1.46,    0.57
195506,   -5.68,    6.53,    7.13,    7.75,    7.02,    5.75,    8.78,    9.18,    3.08,    7.99,    4.27,    4.87,    6.42,    8.81,    8.76,    5.32,   12.77,    3.97,    2.42
195507,    2.35,    2.57,    1.18,    0.61,    2.10,    3.38,    1.32,   -0.13,    0.82,    3.22,   -0.62,    3.97,    2.01,    0.14,    2.05,   -0.36,    0.26,    1.46,    0.22
195508,   -1.60,    0.34,    0.35,    1.17,    0.84,   -0.41,   -0.49,    1.95,    1.03,    0.25,    2.35,   -1.09,    1.19,   -0.07,   -0.74,    2.28,    1.39,    2.84,   -0.68
195509,    0.63,    0.04,   -0.17,   -1.85,   -0.13,   -0.22,    0.29,   -0.23,   -2.14,    0.55,   -1.83,    0.53,   -1.95,    1.19,   -0.25,    0.43,   -1.37,   -2.41,   -1.88
195510,   -4.40,   -2.80,   -1.84,   -2.80,   -3.39,   -1.45,   -1.34,   -2.71,   -3.06,   -3.72,   -2.54,   -1.05,   -2.41,   -2.01,   -0.93,   -2.89,   -2.39,   -3.08,   -3.04
195511,    2.63,    8.28,    4.71,    8.64,    8.21,    7.58,    4.14,    6.85,    8.79,    8.49,    7.50,    8.49,    5.35,    4.74,    3.78,    5.95,    8.41,    9.15,    8.43
195512,   -1.28,    2.00,    1.73,   -0.69,    1.76,    2.08,    2.29,    0.30,   -0.41,    1.44,    2.59,    2.67,    0.60,    3.09,    1.81,    1.12,   -1.13,   -0.32,   -0.50
195601,    9.09,   -3.61,   -1.39,   -2.19,   -4.34,   -1.56,   -1.04,   -1.81,   -3.05,   -4.27,   -4.53,   -1.54,   -1.61,   -3.08,    0.23,   -2.38,   -0.80,   -2.06,   -4.02
195602,    5.95,    4.74,    2.91,    3.20,    5.26,    3.23,    2.57,    3.75,    3.17,    5.24,    5.30,    3.32,    2.97,    3.02,    2.30,    4.04,    3.25,    3.25,    3.09
195603,    2.25,    7.82,    5.57,    5.19,    6.90,    8.97,    5.35,    5.61,    6.14,    7.27,    5.92,   10.40,    5.27,    6.50,    4.67,    6.72,    3.68,    5.14,    7.15
195604,   -7.69,    0.12,    1.20,    0.63,   -0.68,    1.43,    1.83,    1.17,    0.54,   -0.92,   -0.05,    2.26,   -0.83,    3.78,    0.64,    1.39,    0.79,    0.71,    0.37
195605,    5.95,   -5.11,   -4.65,   -6.12,   -4.72,   -5.48,   -4.52,   -5.86,   -6.71,   -4.77,   -4.58,   -6.13,   -3.66,   -4.24,   -4.70,   -6.24,   -5.18,   -6.81,   -6.61
195606,    1.12,    4.26,    3.20,    1.64,    5.23,    1.85,    3.41,    2.99,    1.50,    5.78,    3.79,    1.70,    2.24,    4.86,    2.49,    3.61,    1.87,    2.09,    0.91
195607,    2.60,    5.08,    5.16,    4.53,    4.56,    7.08,    5.02,    4.71,    3.27,    4.45,    4.76,    7.61,    6.32,    7.80,    2.85,    3.87,    5.83,    3.43,    3.14
195608,   -2.54,   -3.50,   -2.25,   -2.90,   -3.10,   -4.33,   -1.94,   -2.49,   -3.37,   -2.98,   -3.31,   -5.39,   -2.81,   -1.63,   -2.19,   -2.54,   -2.43,   -2.32,   -4.17
195609,   -2.26,   -5.90,   -3.64,   -3.31,   -6.10,   -4.62,   -3.12,   -4.48,   -2.44,   -6.28,   -5.76,   -4.90,   -4.24,   -2.62,   -3.53,   -4.71,   -4.18,   -2.27,   -2.58
195610,    5.20,    0.70,    0.77,    1.11,    0.70,    0.79,    0.69,    1.08,    1.01,    0.64,    0.80,    0.74,    0.85,    1.49,    0.03,    0.98,    1.21,    0.99,    1.01
195611,   -1.21,   -0.42,    2.39,    0.97,   -0.41,    0.40,    1.94,    3.94,   -0.06,   -1.74,    2.06,   -0.48,    1.62,    2.67,    1.32,    5.42,    2.01,    0.26,   -0.31
195612,   -2.34,    3.83,    3.11,    1.80,    3.45,    4.29,    3.56,    2.05,    2.12,    3.08,    4.11,    5.69,    2.41,    4.41,    2.86,    2.48,    1.48,    2.21,    2.05
195701,    2.22,   -4.40,   -2.48,   -0.73,   -4.55,   -3.56,   -1.79,   -2.96,    0.47,   -5.55,   -2.79,   -3.66,   -3.42,   -4.51,    0.55,   -3.70,   -1.94,    0.40,    0.54
195702,    3.84,   -1.54,   -2.13,   -2.98,   -1.60,   -1.29,   -1.85,   -3.81,   -3.05,   -1.57,   -1.67,   -1.26,   -1.33,   -3.58,   -0.44,   -4.47,   -2.91,   -2.43,   -3.53
195703,    0.64,    2.69,    1.92,    1.86,    2.64,    2.13,    2.33,    1.69,    2.00,    2.07,    3.63,    2.92,    1.05,    2.00,    2.60,    1.66,    1.72,    1.20,    2.63
195704,    6.00,    5.56,    3.32,    2.52,    5.50,    4.66,    3.17,    3.92,    1.83,    6.52,    3.79,    5.82,    3.02,    4.88,    1.82,    4.45,    3.23,    1.07,    2.42
195705,   -2.03,    4.73,    2.46,    1.81,    4.91,    3.03,    2.76,    1.71,    2.69,    4.08,    6.37,    3.85,    1.83,    2.82,    2.71,    2.29,    0.92,    1.64,    3.52
195706,   -2.06,   -0.12,   -1.21,   -0.37,    0.26,   -1.80,   -0.80,   -1.71,    0.35,    1.17,   -1.29,   -1.90,   -1.66,    0.38,   -1.75,   -2.14,   -1.11,   -0.04,    0.66
195707,   -1.15,    1.26,    0.55,    0.91,    1.41,    0.95,    0.10,    1.14,    1.07,    1.51,    1.20,    0.84,    1.20,    0.10,    0.10,    1.54,    0.68,    1.35,    0.81
195708,   -4.64,   -5.45,   -3.29,   -5.86,   -5.58,   -4.80,   -2.73,   -5.38,   -5.32,   -5.90,   -4.95,   -5.09,   -4.14,   -3.59,   -2.21,   -4.32,   -6.61,   -5.17,   -5.46
195709,   -9.89,   -6.35,   -4.42,   -6.17,   -6.73,   -5.13,   -3.95,   -5.46,   -7.13,   -6.68,   -6.82,   -5.25,   -4.86,   -3.72,   -4.08,   -6.01,   -4.80,   -5.58,   -8.56
195710,   -5.84,   -3.82,   -3.54,   -7.55,   -3.89,   -3.34,   -3.49,   -5.98,   -8.48,   -4.05,   -3.58,   -3.62,   -2.72,   -4.13,   -3.11,   -5.75,   -6.26,   -6.14,  -10.71
195711,   -2.86,    3.11,    1.98,   -0.08,    2.96,    3.16,    1.81,    1.67,   -0.97,    3.07,    2.76,    3.54,    2.34,    2.29,    1.53,    2.13,    1.11,    0.40,   -2.32
195712,  -13.60,   -3.93,   -2.51,   -5.91,   -3.70,   -3.88,   -1.65,   -6.99,   -5.93,   -4.65,   -1.86,   -4.59,   -2.29,   -1.53,   -1.73,   -7.90,   -5.89,   -3.75,   -8.15
195801,   20.68,    3.49,    6.28,   12.04,    3.35,    4.59,    5.99,    9.86,   12.49,    3.44,    3.18,    3.89,    6.10,    6.93,    5.44,    8.52,   11.44,   12.37,   12.61
195802,   -6.99,   -1.82,   -0.57,   -1.83,   -1.97,   -0.99,   -0.50,   -2.11,   -1.79,   -2.15,   -1.62,   -1.42,   -0.06,   -0.28,   -0.63,   -2.31,   -1.88,   -0.88,   -2.77
195803,   -0.83,    3.43,    3.23,    3.33,    3.39,    3.27,    3.68,    2.88,    2.73,    2.99,    4.14,    3.53,    2.73,    4.97,    2.90,    1.78,    4.14,    2.93,    2.52
195804,    5.65,    3.33,    2.45,    4.96,    3.09,    3.29,    2.96,    2.48,    5.53,    2.39,    4.39,    4.00,    1.79,    3.32,    2.74,    0.94,    4.20,    5.63,    5.42
195805,   -1.37,    2.11,    2.70,    3.89,    2.00,    2.77,    2.20,    3.73,    4.03,    2.69,    0.74,    2.43,    3.51,    2.97,    1.73,    3.76,    3.69,    4.18,    3.87
195806,   -1.26,    3.13,    2.72,    3.04,    2.98,    3.08,    2.94,    2.73,    3.57,    3.30,    2.39,    3.55,    2.04,    3.90,    2.34,    3.10,    2.33,    3.36,    3.80
195807,    8.88,    4.38,    4.11,    7.49,    4.97,    2.62,    4.27,    5.82,    8.36,    5.73,    4.15,    2.27,    3.16,    4.18,    4.69,    5.51,    6.27,    7.44,    9.29
195808,   -4.11,    1.74,    1.92,    3.44,    1.95,    1.11,    2.53,    2.03,    2.97,    2.15,    1.73,    0.97,    1.31,    2.46,    2.86,    0.58,    4.11,    3.76,    2.18
195809,    6.34,    4.75,    4.34,    8.06,    4.74,    4.29,    4.73,    5.14,    9.42,    3.66,    5.94,    4.80,    3.51,    5.01,    3.41,    4.40,    6.16,    7.93,   10.92
195810,   -2.95,    2.65,    2.72,    3.85,    2.42,    3.30,    2.70,    2.74,    4.18,    2.57,    2.26,    3.50,    2.98,    3.11,    0.75,    2.28,    3.38,    4.16,    4.20
195811,    5.15,    3.36,    2.27,    4.43,    3.47,    2.93,    2.01,    3.44,    3.93,    3.96,    2.94,    2.96,    2.87,    1.99,    2.07,    2.16,    5.16,    3.31,    4.54
195812,    0.00,    4.96,    6.68,    3.92,    5.07,    4.80,    8.31,    3.26,    3.77,    7.44,    2.47,    4.52,    5.24,    9.21,    3.94,    2.59,    4.15,    4.22,    3.33
195901,   18.57,   -0.57,    2.91,    4.47,   -0.91,    1.34,    3.04,    3.98,    4.50,   -0.68,   -1.18,    0.70,    2.33,    2.90,    3.73,    3.64,    4.42,    4.99,    4.03
195902,   -3.28,    0.47,    1.87,    2.43,    1.00,    0.34,    1.38,    2.41,    1.58,    3.74,   -2.18,   -1.45,    3.08,    1.24,    2.07,    1.45,    3.64,    1.76,    1.39
195903,    2.52,    0.74,    0.02,    0.38,    0.70,    0.83,   -0.68,    1.05,    0.45,    1.86,   -0.74,    0.90,    0.73,   -0.93,    0.58,    1.65,    0.29,    1.05,   -0.15
195904,   -0.85,    4.70,    2.66,    3.43,    5.63,    1.50,    2.82,    3.65,    3.15,    6.26,    4.83,    1.19,    1.95,    3.18,    0.98,    3.53,    3.81,    1.17,    5.13
195905,   -3.39,    2.71,    0.58,    3.02,    3.06,    0.48,    1.41,    1.16,    3.12,    3.78,    2.14,    1.33,   -0.76,    1.63,    0.28,   -0.20,    2.87,    2.03,    4.17
195906,    6.07,   -0.37,    0.34,    2.07,   -0.32,    0.39,    0.04,   -0.06,    2.42,   -0.99,    0.55,   -0.54,    1.77,   -0.13,    0.99,   -1.40,    1.58,    2.23,    2.60
195907,   50.00,    3.96,    2.48,    3.29,    4.13,    3.30,    2.07,    3.52,    2.56,    4.67,    2.85,    3.48,    3.01,    1.63,    3.69,    2.94,    4.08,    2.06,    2.98
195908,    0.00,   -1.37,   -1.01,   -0.73,   -1.46,   -1.19,   -0.21,   -2.55,   -0.21,   -1.65,   -0.99,   -1.11,   -1.33,    0.22,   -1.79,   -3.82,   -1.30,   -0.50,    0.04
195909,   -2.56,   -5.03,   -3.33,   -5.06,   -4.72,   -4.82,   -2.96,   -5.62,   -4.55,   -4.71,   -4.75,   -5.92,   -3.13,   -2.40,   -5.08,   -5.62,   -5.63,   -6.09,   -3.27
195910,    1.32,    1.48,    1.83,    0.38,    1.34,    2.12,    1.65,    1.03,   -0.29,    1.47,    1.04,    1.89,    2.46,    1.41,    2.56,    0.93,    1.12,    0.94,   -1.27
195911,   -3.90,    3.03,    0.03,    0.00,    4.13,    0.09,   -0.06,   -0.57,    0.33,    4.57,    3.07,   -0.17,    0.46,   -0.46,    1.49,   -0.80,   -0.35,    1.03,   -0.24
195912,    1.35,    2.98,    2.56,    3.71,    2.98,    2.81,    2.44,    3.56,    3.60,    3.31,    2.17,    3.00,    2.52,    2.51,    2.19,    3.28,    3.83,    3.35,    3.82
196001,   -1.33,   -8.17,   -4.32,   -5.03,   -8.81,   -6.44,   -2.58,   -5.47,   -4.90,   -9.02,   -8.27,   -6.25,   -6.71,   -1.46,   -6.77,   -5.78,   -5.18,   -4.68,   -5.08
196002,    0.00,    1.32,    2.19,   -0.71,    2.29,   -0.82,    4.08,   -1.06,   -0.94,    1.94,    3.12,   -1.54,    0.25,    4.84,    1.12,   -1.70,   -0.45,   -1.05,   -0.85
196003,   -2.70,   -0.90,   -1.18,   -4.80,   -0.45,   -1.47,   -1.27,   -3.22,   -6.32,   -0.29,   -0.81,   -2.29,   -0.28,   -0.99,   -2.43,   -3.30,   -3.15,   -5.19,   -7.26
196004,    2.78,   -1.55,   -1.40,   -3.01,   -0.95,   -2.32,   -1.65,   -2.28,   -3.43,   -0.90,   -1.08,   -3.41,   -0.77,   -1.22,   -3.44,   -1.97,   -2.56,   -3.13,   -3.67
196005,    1.35,    4.32,    1.78,    0.37,    5.00,    2.39,    1.57,    0.01,    0.69,    5.65,    3.40,    2.14,    2.72,    1.58,    1.56,   -0.03,    0.04,    1.23,    0.23
196006,    0.00,    2.56,    1.80,    2.51,    2.47,    2.43,    1.58,    2.93,    2.21,    2.06,    3.47,    2.88,    1.81,    1.43,    2.21,    3.03,    2.83,    1.21,    3.08
196007,   -1.33,   -3.48,   -0.39,   -1.30,   -4.00,   -1.67,    0.17,   -0.73,   -1.28,   -4.21,   -3.44,   -1.46,   -1.93,    0.35,   -0.51,   -0.16,   -1.36,   -0.52,   -2.89
196008,    4.05,    2.77,    4.05,    2.78,    2.63,    3.16,    4.32,    4.27,    2.42,    2.39,    3.29,    3.28,    3.01,    4.63,    3.14,    4.93,    3.51,    2.97,    1.23
196009,    2.60,   -6.76,   -4.48,   -5.34,   -7.04,   -5.43,   -4.19,   -5.34,   -5.17,   -7.19,   -6.64,   -5.72,   -5.05,   -4.24,   -4.00,   -5.04,   -5.69,   -4.50,   -6.66
196010,   -3.80,   -0.72,   -0.19,    0.24,   -0.85,   -0.24,   -0.07,   -0.49,    0.30,   -1.44,    0.76,   -0.24,   -0.23,    0.14,   -0.90,   -1.02,    0.12,    0.79,   -0.82
196011,    0.00,    5.44,    4.06,    3.76,    5.54,    5.21,    3.33,    4.70,    3.96,    5.16,    6.56,    5.06,    5.41,    2.85,    5.28,    5.87,    3.35,    4.74,    2.16
196012,    1.32,    3.58,    7.21,    3.42,    3.51,    4.66,    8.34,    3.54,    2.93,    3.12,    4.55,    3.85,    5.72,    8.86,    6.30,    2.79,    4.43,    3.16,    2.39
196101,    6.49,    4.94,    7.77,    9.98,    4.46,    6.92,    7.87,    8.83,   10.49,    4.90,    3.33,    6.70,    7.20,    7.71,    8.48,    8.72,    8.96,   10.76,    9.83
196102,    1.22,    4.11,    2.78,    4.02,    3.95,    5.01,    1.56,    4.94,    3.50,    3.53,    5.09,    4.68,    5.43,    0.92,    4.09,    4.81,    5.10,    3.07,    4.53
196103,    1.20,    2.26,    4.13,    2.85,    2.33,    2.85,    4.22,    3.36,    2.99,    2.17,    2.74,    2.01,    3.92,    4.90,    1.56,    4.02,    2.57,    2.12,    5.06
196104,    7.14,   -0.29,    1.04,    2.58,   -0.64,    0.10,    1.97,    0.64,    2.96,   -0.23,   -1.71,    0.94,   -0.95,    1.92,    2.18,   -0.31,    1.78,    4.85,   -1.39
196105,   -4.44,    3.21,    1.72,    3.14,    3.27,    3.24,    0.66,    4.24,    2.86,    2.01,    6.57,    2.98,    3.59,    0.41,    1.63,    4.70,    3.71,    2.38,    4.06
196106,    0.00,   -2.34,   -3.31,   -3.45,   -1.80,   -3.99,   -3.13,   -3.49,   -3.49,   -1.61,   -2.29,   -4.24,   -3.68,   -3.14,   -3.10,   -3.60,   -3.37,   -3.16,   -4.30
196107,   -1.80,    3.10,    3.30,    1.18,    1.74,    4.67,    3.51,    1.09,    1.76,    1.80,    1.52,    5.09,    3.46,    3.07,    3.88,    1.79,    0.57,    0.80,    2.66
196108,  -99.99,    3.17,    1.83,    2.06,    4.08,    2.26,    1.09,    1.47,    2.56,    4.30,    3.33,    1.89,    3.34,    2.23,    0.15,    1.37,    1.54,   -0.15,    5.02
196109,  -99.99,   -1.23,   -3.01,   -3.69,   -0.92,   -1.91,   -3.37,   -4.06,   -2.12,   -0.62,   -1.94,   -1.67,   -2.61,   -2.94,   -3.73,   -2.31,   -5.36,   -4.59,    0.03
196110,  -99.99,    2.25,    3.92,    2.57,    3.37,    1.66,    3.83,    3.30,    1.05,    3.12,    4.22,    0.62,    4.71,    2.42,    5.04,    2.08,    4.24,    1.31,    0.84
196111,  -99.99,    4.89,    4.21,    4.31,    3.48,    6.36,    4.33,    3.82,    3.97,    3.12,    4.70,    7.01,    4.50,    4.59,    4.12,    2.68,    4.68,    4.15,    3.82
196112,  -99.99,   -0.22,    0.35,    1.46,   -1.65,    0.72,    1.93,    2.13,   -0.12,   -1.39,   -2.52,    1.85,   -2.53,    1.09,    2.64,    0.77,    3.14,    0.85,   -0.93
196201,  -99.99,   -4.96,   -1.83,    0.76,   -5.80,   -3.61,   -1.41,   -0.19,    1.54,   -6.58,   -3.10,   -3.78,   -3.09,   -4.04,    0.78,   -0.39,   -0.04,    0.82,    2.16
196202,  -99.99,    1.83,    2.28,    2.28,    1.74,    1.93,    2.69,    2.36,    1.55,    1.35,    3.06,    1.96,    1.82,    2.20,    3.08,    1.42,    3.05,    3.36,    0.02
196203,  -99.99,   -0.36,   -0.34,   -1.85,    0.14,   -0.78,   -0.46,   -1.08,   -2.38,    0.15,    0.10,   -1.05,    0.03,    0.08,   -0.89,   -0.76,   -1.30,   -0.60,   -3.93
196204,  -99.99,   -6.66,   -5.70,   -6.23,   -7.75,   -5.18,   -5.90,   -6.22,   -5.98,   -8.48,   -5.35,   -5.14,   -5.29,   -7.06,   -4.98,   -5.85,   -6.48,   -6.85,   -5.20
196205,  -99.99,   -9.13,   -7.02,   -6.89,  -10.64,   -7.49,   -6.10,   -6.53,   -7.69,  -11.02,   -9.41,   -7.10,   -8.68,   -7.85,   -4.73,   -7.15,   -6.08,   -8.24,   -7.20
196206,  -99.99,   -9.06,   -6.98,   -6.72,  -10.46,   -7.41,   -6.63,   -6.12,   -7.25,  -11.15,   -8.29,   -7.23,   -7.96,   -8.02,   -5.59,   -6.04,   -6.17,   -7.50,   -7.04
196207,  -99.99,    7.87,    5.46,    4.07,    8.56,    6.32,    4.90,    3.12,    4.29,   10.71,    5.40,    5.69,    6.75,    5.87,    4.11,    2.64,    3.70,    3.04,    5.77
196208,  -99.99,    2.79,    1.72,    2.50,    2.89,    2.25,    1.48,    1.67,    2.56,    2.83,    2.99,    2.43,    2.13,    1.66,    1.33,    1.06,    2.40,    1.60,    3.66
196209,  -99.99,   -5.09,   -4.79,   -4.70,   -5.42,   -4.59,   -4.31,   -5.34,   -4.92,   -7.00,   -2.97,   -4.01,   -4.98,   -4.28,   -4.34,   -6.19,   -4.34,   -3.58,   -6.42
196210,  -99.99,    0.46,    0.54,   -0.15,    0.69,    0.55,    0.20,   -0.52,    0.14,    0.08,    1.59,   -0.28,    1.12,    0.31,    0.11,   -0.44,   -0.62,   -0.89,    1.34
196211,  -99.99,   11.46,   10.09,   13.94,   11.39,    9.65,   11.37,   12.18,   14.92,   13.17,    8.80,   11.65,    8.28,   10.13,   12.39,   12.07,   12.31,   14.19,   15.76
196212,  -99.99,    1.44,    1.69,    0.24,    1.18,    2.25,    1.97,   -0.83,    0.09,    0.94,    1.54,    2.30,    2.22,    1.99,    1.95,   -1.99,    0.51,    0.71,   -0.61
196301,  -99.99,    5.00,    4.47,    7.70,    5.25,    4.37,    3.93,    7.68,    7.37,    4.44,    6.48,    4.22,    4.48,    3.57,    4.22,    7.17,    8.26,    7.29,    7.47
196302,  -99.99,   -2.79,   -1.82,   -0.81,   -3.23,   -1.70,   -1.80,   -1.47,   -0.38,   -3.56,   -2.73,   -1.35,   -1.95,   -2.26,   -1.43,   -1.40,   -1.54,   -0.20,   -0.58
196303,  -99.99,    3.33,    3.30,    4.58,    3.42,    2.83,    3.89,    4.15,    4.26,    2.54,    4.72,    3.07,    2.65,    3.78,    3.97,    3.30,    5.10,    4.22,    4.31
196304,  -99.99,    4.96,    4.39,    5.62,    4.74,    4.06,    5.59,    4.54,    6.58,    5.30,    3.93,    5.63,    2.93,    4.39,    6.54,    5.01,    4.02,    5.84,    7.41
196305,  -99.99,    2.25,    1.29,    4.01,    3.02,   -0.05,    1.90,    3.28,    4.64,    2.38,    3.96,   -0.21,    0.07,    1.64,    2.10,    3.61,    2.92,    2.31,    7.25
196306,  -99.99,   -2.30,   -1.49,   -0.60,   -2.97,   -1.03,   -1.06,   -2.31,    0.09,   -3.23,   -2.60,   -0.11,   -1.70,   -1.17,   -0.97,   -2.76,   -1.82,    0.42,   -0.26
196307,   -1.11,   -0.07,    0.39,   -1.51,   -0.01,    0.20,    0.11,   -0.87,   -1.32,   -0.68,    0.86,   -0.20,    0.81,    0.39,   -0.31,   -0.07,   -1.79,   -0.47,   -3.35
196308,   -0.32,    5.39,    4.68,    7.12,    5.74,    4.32,    4.99,    7.22,    6.15,    5.96,    5.47,    4.61,    3.88,    4.73,    5.40,    6.11,    8.52,    5.55,    7.59
196309,   -0.25,   -1.11,   -1.62,   -1.92,   -1.56,   -0.97,   -1.03,   -0.91,   -2.80,   -1.05,   -2.21,   -0.09,   -2.31,   -1.17,   -0.81,   -1.11,   -0.68,   -2.78,   -2.82
196310,    7.58,    3.79,    1.30,    2.19,    4.77,    1.62,    0.79,    2.63,    1.05,    3.56,    6.32,    1.62,    1.62,    0.26,    1.62,    1.65,    3.76,    1.23,    0.62
196311,    0.20,   -0.31,   -1.45,    0.47,   -1.31,    0.72,   -1.36,   -1.36,    1.09,    0.02,   -2.97,    1.97,   -1.22,   -2.24,   -0.03,   -2.25,   -0.37,    1.19,    0.83
196312,    0.36,    2.02,    2.87,    1.57,    2.34,    2.14,    1.86,    2.24,    2.19,    2.56,    2.07,    1.31,    3.48,    2.66,    0.66,    3.62,    0.72,    1.63,    3.56
196401,    8.21,    2.62,    2.71,    2.88,    2.72,    2.95,    1.82,    2.47,    2.58,    3.27,    2.00,    2.40,    3.83,    2.25,    1.17,    1.74,    3.31,    2.47,    2.83
196402,    1.14,    1.44,    1.70,    4.39,    1.85,    0.71,    1.62,    4.14,    4.22,    2.21,    1.38,    0.50,    1.04,    1.76,    1.41,    3.71,    4.62,    3.47,    6.01
196403,   19.93,    0.91,    3.15,    3.41,    1.17,    1.06,    4.03,    4.59,    1.77,    1.19,    1.14,    0.30,    2.23,    3.98,    4.11,    3.61,    5.68,    1.55,    2.26
196404,   33.97,    0.37,    1.03,   -1.09,   -0.04,    1.24,    1.02,   -1.18,    0.65,   -1.62,    2.07,    1.32,    1.11,    0.87,    1.24,    0.86,   -3.41,    0.95,   -0.03
196405,   -8.17,    1.50,    1.16,    3.65,    1.95,    0.54,    1.16,    3.32,    3.31,    2.15,    1.69,    0.50,    0.62,    1.41,    0.77,    2.62,    4.12,    2.95,    4.14
196406,   -0.54,    1.67,    1.33,    2.26,    0.99,    2.68,    0.86,    1.62,    2.30,    0.63,    1.45,    3.25,    1.82,    0.83,    0.90,    1.10,    2.20,    1.89,    3.24
196407,   -7.17,    1.90,    2.38,    2.42,    2.48,    1.04,    3.34,    2.07,    1.91,    2.18,    3.25,    0.75,    1.71,    2.09,    4.58,    1.26,    3.00,    1.55,    2.48
196408,   -8.62,   -1.37,   -0.43,   -1.39,   -1.28,   -1.38,    0.09,   -0.60,   -2.20,   -1.33,   -1.16,   -1.55,   -0.98,    0.84,   -0.63,   -0.72,   -0.47,   -1.29,   -3.58
196409,    6.32,    2.34,    3.79,    5.14,    3.08,    1.59,    4.14,    4.21,    5.47,    3.38,    2.31,    0.83,    3.34,    4.16,    4.13,    3.72,    4.77,    5.20,    5.90
196410,   -3.93,    0.50,    1.64,    1.60,    0.41,    1.17,    0.99,    1.14,    3.09,   -0.42,    2.54,    0.70,    2.23,    1.04,    0.93,    2.21,   -0.05,    2.55,    3.96
196411,   -4.67,    0.52,    0.70,   -2.93,    0.99,   -0.13,    0.86,   -0.94,   -3.26,    0.51,    2.18,   -0.46,    0.60,    1.29,    0.45,    0.46,   -2.54,   -3.15,   -3.43
196412,  -12.01,    1.08,   -0.38,   -1.85,    0.82,    1.21,   -0.98,   -1.24,   -1.24,    1.44,   -0.71,    1.63,    0.29,    0.47,   -2.40,   -0.14,   -2.55,   -0.42,   -2.52
196501,   18.00,    3.51,    3.90,    5.00,    4.83,    1.79,    3.68,    4.27,    5.37,    5.74,    2.54,    0.73,    4.13,    2.72,    4.64,    4.01,    4.58,    4.64,    6.55
196502,   13.70,    0.28,    1.18,    1.05,    0.37,    0.51,    1.31,    0.81,    0.89,    0.49,    0.06,    0.09,    1.40,    1.54,    1.08,    0.47,    1.23,   -0.25,    2.69
196503,   -2.44,   -1.26,   -1.11,    0.61,   -1.22,   -1.38,   -1.17,   -0.05,    0.92,   -1.06,   -1.63,   -1.34,   -1.47,   -1.48,   -0.85,   -0.29,    0.24,    0.51,    1.55
196504,   15.16,    3.60,    2.98,    3.43,    4.38,    2.12,    2.97,    2.97,    4.50,    5.31,    1.97,    1.87,    2.65,    2.06,    3.87,    3.61,    2.19,    5.93,    2.32
196505,    2.00,   -0.28,    0.03,   -2.07,   -0.75,    0.68,   -0.46,   -0.41,   -2.70,   -0.83,   -0.53,    0.75,    0.51,   -0.65,   -0.28,    0.34,   -1.32,   -2.74,   -2.63
196506,   -2.27,   -4.40,   -6.05,   -5.73,   -4.70,   -4.32,   -6.14,   -5.58,   -7.12,   -5.17,   -3.42,   -3.74,   -5.53,   -6.81,   -5.49,   -6.78,   -4.09,   -6.90,   -7.47
196507,    6.22,    1.37,    1.76,    4.13,    1.61,    0.55,    2.33,    3.63,    5.04,    2.03,    0.63,    0.50,    0.59,    2.05,    2.62,    4.52,    2.20,    4.26,    6.48
196508,   27.43,    2.99,    2.94,    3.15,    3.42,    1.81,    4.14,    2.36,    3.55,    3.61,    2.95,    1.46,    2.07,    4.35,    3.92,    2.40,    2.29,    3.21,    4.16
196509,    3.44,    3.79,    2.31,    3.65,    3.87,    2.61,    2.33,    3.74,    3.48,    3.87,    3.87,    3.47,    1.98,    2.93,    1.68,    3.57,    4.02,    3.14,    4.09
196510,    1.99,    2.89,    2.15,    5.71,    3.24,    0.91,    3.32,    4.82,    6.16,    3.73,    2.09,    1.56,    0.44,    2.56,    4.13,    4.87,    4.74,    5.84,    6.74
196511,   67.32,    0.09,    0.19,    0.98,    0.04,   -0.92,    2.12,    0.92,    1.29,    0.10,   -0.11,    0.28,   -1.81,    2.27,    1.95,    1.32,    0.28,   -0.06,    3.70
196512,  -11.05,    0.92,    1.06,    4.28,    1.12,    0.15,    1.67,    3.16,    4.20,    1.12,    1.14,    0.17,    0.13,    0.43,    3.00,    2.35,    4.47,    4.17,    4.25
196601,   -4.83,   -0.04,    1.53,    4.89,   -0.10,    0.05,    2.57,    4.18,    4.87,    0.03,   -0.41,    0.18,   -0.05,    0.92,    4.28,    3.70,    4.94,    2.67,    8.67
196602,   -2.55,   -1.48,   -0.53,    0.52,   -1.04,   -1.77,   -0.61,   -0.21,    1.22,   -0.57,   -2.18,   -3.15,   -0.71,   -0.95,   -0.27,    0.31,   -1.03,    0.40,    2.54
196603,   12.84,   -1.52,   -2.70,   -3.52,   -1.32,   -3.15,   -1.65,   -2.46,   -3.90,   -1.06,   -2.00,   -2.27,   -3.80,   -2.53,   -0.79,   -2.34,   -2.66,   -2.30,   -6.42
196604,    1.48,    2.56,    2.03,    2.75,    2.34,    2.24,    1.96,    4.06,    2.48,    2.26,    2.52,    3.41,    1.35,    1.91,    2.01,    4.50,    3.37,    2.13,    3.05
196605,  -12.40,   -4.40,   -5.50,   -8.01,   -4.41,   -4.44,   -5.79,   -7.81,   -8.11,   -4.42,   -4.39,   -4.35,   -4.50,   -6.58,   -5.02,   -7.82,   -7.79,   -6.74,  -10.34
196606,    1.62,   -1.91,   -0.05,   -0.13,   -1.83,   -1.24,   -0.18,    1.15,   -0.30,   -1.37,   -2.99,   -2.24,   -0.46,   -0.31,   -0.06,    1.71,    0.25,   -0.22,   -0.43
196607,   -4.87,   -1.66,   -0.69,   -1.08,   -1.61,   -1.53,   -0.93,    0.08,   -1.49,   -1.75,   -1.27,   -1.88,   -1.05,   -0.36,   -1.43,    0.46,   -0.51,   -0.45,   -2.38
196608,   -7.56,   -7.81,   -6.85,   -8.05,   -7.66,   -8.61,   -6.19,   -7.09,   -8.82,   -7.44,   -8.20,   -8.48,   -8.78,   -7.63,   -4.93,   -7.17,   -6.98,   -8.28,   -9.29
196609,    2.86,   -1.02,    0.11,   -0.70,   -1.28,    0.38,    0.24,   -0.44,   -1.40,   -1.91,    0.29,    0.15,    0.70,   -0.34,    0.73,   -0.88,    0.24,   -1.37,   -1.42
196610,   -4.12,    3.09,    6.65,    4.14,    2.61,    4.52,    7.95,    5.10,    3.71,    1.90,    4.33,    5.26,    3.51,    7.31,    8.49,    5.36,    4.71,    4.32,    3.17
196611,    9.57,    3.81,   -0.60,   -0.02,    4.16,    2.37,   -1.64,   -0.06,    0.09,    5.24,    1.60,    2.28,    2.50,   -1.53,   -1.72,    0.00,   -0.15,   -0.24,    0.38
196612,  -12.68,   -0.24,    1.49,    0.06,   -0.31,    0.71,    1.41,    0.84,    0.43,   -1.23,    1.94,    0.06,    1.60,    0.54,    2.15,    1.66,   -0.44,    0.88,    0.03
196701,   27.89,    8.24,    7.03,   13.57,    8.31,    7.99,    6.27,    9.93,   14.73,    8.69,    7.42,    7.92,    8.09,    5.02,    7.30,    8.60,   12.03,   13.74,   15.60
196702,   10.33,    2.09,   -0.10,   -0.11,    2.34,    0.87,   -0.48,    0.04,    0.06,    2.82,    1.20,    0.93,    0.79,   -0.81,   -0.21,    0.28,   -0.33,   -0.60,    0.63
196703,   10.10,    4.38,    3.86,    5.48,    4.50,    3.55,    3.67,    5.28,    5.50,    4.65,    4.13,    3.80,    3.20,    3.80,    3.56,    5.16,    5.46,    6.55,    4.59
196704,    6.04,    5.98,    1.97,    3.20,    6.73,    3.05,    0.95,    3.84,    2.47,    8.17,    3.18,    2.50,    3.79,    1.08,    0.84,    3.59,    4.21,    2.35,    2.57
196705,   -1.14,   -4.83,   -3.53,   -2.30,   -5.13,   -3.21,   -3.74,   -2.76,   -2.66,   -5.91,   -3.11,   -3.35,   -3.01,   -3.28,   -4.11,   -3.39,   -1.82,   -3.68,   -1.77
196706,   26.21,    1.78,    2.51,    5.32,    1.91,    1.70,    2.27,    4.51,    4.65,    2.29,    0.94,    1.15,    2.43,    1.82,    2.64,    3.35,    6.21,    4.92,    4.42
196707,   11.95,    4.99,    3.83,    8.00,    4.59,    5.64,    2.92,    6.73,    8.24,    4.53,    4.70,    6.06,    4.91,    1.15,    6.36,    6.37,    7.40,   10.02,    6.67
196708,   -5.44,   -0.75,   -0.75,    1.05,   -0.69,   -0.98,   -1.13,    0.87,    1.68,   -1.01,   -0.15,   -0.90,   -1.11,   -1.11,   -1.17,    1.60,   -0.48,    2.11,    1.28
196709,   -0.07,    3.92,    2.98,    2.07,    3.96,    3.07,    3.37,    3.44,    1.26,    5.19,    1.93,    3.79,    1.80,    3.84,    2.48,    3.09,    4.11,    2.21,    0.39
196710,   -3.38,   -1.49,   -3.67,   -4.92,   -0.83,   -4.01,   -2.99,   -4.07,   -5.25,    1.38,   -4.63,   -3.24,   -5.40,   -1.97,   -4.90,   -4.05,   -4.10,   -3.33,   -7.03
196711,   -1.76,    1.10,    0.40,   -0.36,    1.53,    0.50,    0.12,   -0.26,   -0.31,    1.63,    1.35,   -0.08,    1.58,    0.31,   -0.26,   -0.14,   -0.49,   -1.23,    0.57
196712,   16.76,    2.48,    3.60,    5.22,    2.35,    3.43,    2.87,    5.75,    4.84,    1.68,    3.57,    2.86,    4.48,    2.68,    3.26,    5.52,    6.16,    5.61,    4.12
196801,    6.33,   -5.96,   -1.07,    0.06,   -6.37,   -4.57,    0.17,   -0.64,   -0.59,   -8.62,   -2.31,   -4.83,   -4.10,    0.00,    0.50,   -1.89,    1.62,   -0.79,   -0.40
196802,   -8.25,   -3.49,   -2.39,   -3.80,   -3.50,   -2.79,   -2.40,   -3.93,   -3.45,   -3.65,   -3.25,   -3.45,   -1.60,   -2.14,   -2.92,   -3.54,   -4.62,   -4.10,   -2.82
196803,   -6.47,    1.73,   -0.79,    0.15,    2.69,   -1.13,   -0.49,   -1.02,    0.74,    3.71,    0.97,   -0.86,   -1.61,   -0.05,   -1.37,   -0.89,   -1.25,    1.31,    0.19
196804,   14.88,   10.50,    6.16,   12.37,   11.36,    7.83,    4.84,   11.11,   12.40,   12.28,    9.76,    8.09,    7.36,    3.82,    6.92,   10.46,   12.28,   12.65,   12.15
196805,    5.56,    2.77,    0.90,    6.11,    2.95,    2.14,    0.51,    2.71,    6.33,    3.97,    1.14,    2.24,    1.95,   -0.21,    1.93,    1.07,    5.59,    5.56,    7.09
196806,    2.30,   -0.03,    3.36,    0.16,   -0.16,    1.30,    3.70,    2.64,   -1.04,   -1.20,    1.74,    0.36,    3.01,    3.20,    4.69,    2.36,    3.11,   -0.66,   -1.41
196807,   -7.55,   -4.59,    0.10,    0.30,   -5.36,   -1.89,    1.11,    0.36,    0.00,   -5.67,   -4.81,   -1.94,   -1.83,   -2.32,    3.25,    0.07,    0.53,    1.81,   -1.68
196808,   -0.90,    1.34,    1.69,    2.63,    1.42,    0.93,    2.28,    1.84,    3.35,    1.34,    1.56,    1.08,    0.75,    1.98,    2.46,    1.44,    2.07,    4.27,    2.47
196809,    8.41,    3.66,    4.60,    5.13,    2.93,    5.68,    3.24,    4.79,    7.57,    1.83,    4.84,    6.14,    5.14,    3.82,    2.88,    7.38,    3.25,    7.44,    7.70
196810,   -5.41,   -0.62,    1.78,    2.94,   -1.42,    1.71,    2.14,    3.11,    1.40,   -3.08,    1.39,    2.01,    1.34,    2.72,    1.79,    1.44,    4.15,    0.56,    2.15
196811,    5.24,    5.76,    5.79,    5.67,    6.58,    4.19,    6.29,    5.48,    5.54,    7.49,    5.11,    3.18,    5.43,    5.63,    6.69,    5.00,    5.76,    8.35,    3.07
196812,   -0.90,   -4.43,   -2.91,   -3.11,   -4.63,   -3.78,   -3.05,   -2.85,   -2.31,   -4.58,   -4.71,   -3.78,   -3.80,   -2.90,   -3.14,   -1.43,   -3.72,   -2.69,   -1.96
196901,   -1.50,   -1.82,    0.02,    0.24,   -2.20,   -0.39,    0.39,   -0.37,    0.78,   -2.83,   -1.15,   -0.57,   -0.17,    0.07,    0.59,   -0.69,   -0.17,   -0.56,    2.00
196902,  -11.03,   -4.55,   -5.57,   -5.39,   -4.56,   -4.72,   -5.24,   -5.31,   -6.98,   -4.48,   -4.67,   -4.55,   -4.92,   -6.12,   -4.71,   -7.24,   -4.14,   -6.91,   -7.04
196903,   -2.78,    3.81,    2.57,    2.86,    4.13,    1.99,    3.56,    1.90,    4.17,    4.14,    4.11,    2.77,    1.06,    2.88,    3.98,    1.95,    1.87,    7.02,    1.61
196904,   -1.82,    3.04,    0.54,    2.64,    3.47,    1.06,    0.93,    2.26,    1.19,    3.55,    3.34,    1.61,    0.39,    1.44,    0.62,   -0.31,    3.76,    2.71,   -0.25
196905,    1.39,   -0.13,    0.73,    0.76,   -0.42,    0.48,    1.02,    1.30,   -0.26,   -0.30,   -0.62,    0.86,    0.00,    1.22,    0.90,    0.90,    1.52,    0.14,   -0.65
196906,  -17.61,   -4.19,   -8.32,   -7.42,   -3.31,   -7.39,   -8.18,   -7.40,   -9.03,   -1.70,   -5.97,   -7.11,   -7.74,   -6.83,   -9.01,   -9.45,   -6.25,   -9.84,   -8.19
196907,  -11.30,   -5.34,   -7.68,   -6.20,   -5.25,   -6.70,   -7.11,   -7.28,   -6.18,   -4.60,   -6.98,   -5.57,   -8.95,   -6.43,   -7.87,   -8.06,   -6.24,   -6.02,   -6.54
196908,    6.18,    6.77,    4.46,    2.75,    7.41,    5.12,    4.20,    4.18,    2.27,    7.17,    8.06,    5.06,    5.25,    3.07,    5.50,    4.50,    3.76,    2.50,    1.74
196909,   -0.25,   -0.57,   -3.45,   -4.55,   -0.35,   -2.01,   -3.09,   -4.48,   -4.27,   -0.41,   -0.19,   -1.18,   -3.74,   -1.08,   -5.35,   -3.98,   -5.15,   -4.34,   -4.09
196910,   11.55,    6.72,    4.90,    4.10,    6.95,    5.88,    5.52,    3.52,    4.30,    6.94,    6.97,    6.09,    5.44,    5.69,    5.31,    3.41,    3.67,    4.39,    4.10
196911,  -10.63,   -2.39,   -3.98,   -3.85,   -2.01,   -3.72,   -3.74,   -4.93,   -2.93,   -1.28,   -4.00,   -3.44,   -4.33,   -3.50,   -4.01,   -4.27,   -5.81,   -1.73,   -5.80
196912,   -8.02,   -0.36,   -2.22,   -4.55,    0.21,   -2.49,   -1.68,   -2.70,   -5.29,    1.34,   -2.95,   -1.98,   -3.59,   -1.86,   -1.46,   -2.52,   -2.94,   -5.40,   -5.02
197001,   -9.81,   -7.95,   -8.32,   -5.30,   -8.30,   -7.33,   -8.43,   -7.97,   -4.15,   -8.72,   -7.07,   -6.94,   -8.20,   -6.82,  -10.32,   -8.16,   -7.72,   -4.69,   -2.82
197002,    2.93,    3.79,    7.54,    7.91,    3.55,    5.49,    8.09,    7.06,    7.83,    3.13,    4.75,    4.46,    7.79,    8.58,    7.49,    6.30,    8.08,    7.76,    8.00
197003,    1.66,   -2.04,    1.27,    1.00,   -2.97,   -0.06,    1.86,    0.93,    1.51,   -3.06,   -2.73,    0.63,   -1.57,    3.44,   -0.08,    1.72,   -0.12,    1.65,    1.16
197004,  -16.38,  -11.36,   -9.89,   -7.91,  -12.27,  -10.10,   -9.44,   -8.00,   -8.54,  -11.89,  -13.34,   -8.84,  -12.91,   -9.65,   -9.18,   -9.10,   -6.51,   -8.65,   -8.26
197005,  -13.00,   -8.06,   -4.67,   -4.60,   -8.88,   -6.42,   -5.66,   -2.25,   -4.94,   -8.33,  -10.47,   -5.88,   -7.68,   -6.67,   -4.37,   -1.03,   -3.86,   -4.22,   -6.73
197006,   -9.81,   -5.68,   -3.50,   -6.86,   -6.41,   -4.19,   -3.80,   -2.90,   -8.19,   -7.02,   -4.64,   -3.79,   -5.12,   -4.32,   -3.15,   -2.08,   -4.00,   -8.06,   -8.52
197007,    8.57,    5.37,    9.54,    7.74,    4.82,    8.14,    8.78,   10.25,    7.28,    2.41,    9.40,    8.21,    8.10,    8.58,    9.01,   11.41,    8.16,    9.89,    5.05
197008,    6.67,    4.25,    5.44,    6.13,    4.35,    6.02,    4.58,    5.13,    6.38,    4.62,    3.86,    3.78,    7.34,    5.11,    3.95,    4.72,    5.90,    6.60,    6.19
197009,    9.62,    7.88,    1.03,    4.59,    8.12,    2.91,    2.11,    1.24,    6.33,    8.74,    7.00,    6.67,    0.78,    1.19,    3.21,    0.25,    3.04,    5.31,    7.25
197010,    1.46,   -1.14,   -1.99,   -3.06,   -0.92,   -2.20,   -3.93,   -0.67,   -4.56,   -0.45,   -1.78,   -2.28,   -2.15,   -3.89,   -3.97,   -0.10,   -1.67,   -4.05,   -5.02
197011,    0.69,    4.79,    5.47,    5.74,    4.76,    5.56,    5.09,    5.92,    4.60,    4.39,    5.45,    4.97,    5.91,    5.13,    5.05,    5.45,    6.77,    4.56,    4.64
197012,    6.15,    5.55,    6.91,    6.40,    5.07,    6.98,    7.96,    6.03,    7.68,    4.57,    5.98,    8.11,    6.32,    7.86,    8.08,    6.46,    5.27,    6.34,    8.89
197101,   11.20,    5.06,    4.38,    6.51,    4.58,    5.62,    4.85,    4.22,    8.39,    4.24,    5.19,    7.55,    4.47,    5.03,    4.64,    3.90,    4.81,    8.89,    7.94
197102,    3.97,    2.53,    0.56,    2.09,    2.65,    1.14,    1.00,    0.97,    1.60,    2.47,    2.97,    1.93,    0.66,    1.74,    0.13,    0.09,    2.54,    1.04,    2.10
197103,    7.42,    6.05,    3.22,    2.45,    6.13,    4.03,    5.01,    1.79,    3.15,    6.79,    4.94,    5.66,    3.02,    5.23,    4.74,    1.78,    1.80,    3.03,    3.25
197104,    7.89,    3.85,    2.68,    4.95,    3.51,    4.92,    1.37,    2.73,    6.72,    3.02,    4.40,    5.60,    4.48,    1.77,    0.88,    2.41,    3.29,    5.51,    7.78
197105,   -6.47,   -2.87,   -4.33,   -4.72,   -2.57,   -4.15,   -4.47,   -4.72,   -4.22,   -2.94,   -1.93,   -4.34,   -4.03,   -4.21,   -4.78,   -4.45,   -5.19,   -3.98,   -4.43
197106,    3.84,    1.08,   -0.25,   -0.41,    1.09,   -0.63,    0.53,    0.41,   -1.53,    1.38,    0.57,    1.05,   -1.71,    0.34,    0.77,    0.26,    0.69,   -3.12,   -0.15
197107,   -5.97,   -4.23,   -3.61,   -5.16,   -4.06,   -4.39,   -3.47,   -3.84,   -6.09,   -4.73,   -3.07,   -5.21,   -3.55,   -2.70,   -4.64,   -3.88,   -3.74,   -5.16,   -6.98
197108,    1.72,    5.46,    1.48,    8.03,    5.47,    4.69,   -0.05,    2.72,   10.77,    4.58,    6.78,    5.37,    4.01,   -0.48,    0.62,    2.22,    4.00,    9.07,   12.40
197109,   -1.18,    0.39,   -1.19,   -2.41,    0.51,   -0.98,   -1.07,   -1.22,   -2.87,    0.98,   -0.18,   -0.31,   -1.68,   -0.34,   -2.20,   -1.04,   -1.70,   -1.96,   -3.73
197110,  -11.97,   -4.00,   -3.57,   -4.84,   -3.71,   -5.56,   -2.99,   -3.49,   -5.15,   -3.20,   -4.44,   -5.68,   -5.42,   -2.66,   -3.52,   -3.16,   -4.36,   -4.50,   -5.77
197111,   -4.98,    0.69,   -0.55,   -2.03,    0.81,   -0.38,   -0.45,   -0.82,   -2.34,    1.02,    0.49,    0.01,   -0.78,   -0.12,   -0.97,   -0.54,   -1.56,   -1.48,   -3.16
197112,    8.49,    9.15,    8.69,   10.09,    9.00,   10.05,    8.88,    7.77,   10.90,    9.70,    7.97,   10.02,   10.09,    8.14,   10.08,    7.35,    8.87,   10.96,   10.84
197201,    8.46,    2.93,    0.97,    6.48,    3.00,    1.87,    0.46,    2.16,    8.32,    4.07,    1.39,    2.47,    1.23,    0.56,    0.31,    1.62,    3.57,    7.92,    8.72
197202,    8.10,    4.56,    1.24,    1.41,    4.82,    2.62,    1.24,    0.90,    1.13,    5.19,    4.23,    3.03,    2.18,    0.68,    2.14,    0.53,    1.87,    0.21,    2.03
197203,   -3.23,    2.16,   -1.23,    0.58,    2.40,    0.42,   -1.70,   -1.10,    1.09,    2.07,    2.91,    0.73,    0.08,   -1.69,   -1.70,   -1.43,   -0.26,    1.45,    0.75
197204,    1.42,    0.79,    0.23,    0.93,    0.82,    0.58,    0.14,    0.50,    0.62,    1.15,    0.31,    0.59,    0.56,    0.05,    0.28,    0.12,    1.46,    1.11,    0.14
197205,    2.48,    2.76,    0.66,   -1.86,    3.19,   -1.11,    1.78,    0.31,   -1.93,    4.03,    1.88,    0.06,   -2.38,    2.24,    1.06,    1.14,   -1.75,   -1.56,   -2.29
197206,   -2.21,   -1.21,   -2.78,   -5.52,   -1.06,   -3.07,   -2.60,   -2.88,   -5.88,   -0.23,   -2.39,   -2.12,   -4.12,   -2.56,   -2.66,   -2.08,   -4.91,   -4.88,   -6.88
197207,   -6.95,    0.36,   -1.44,   -1.29,    0.85,   -2.01,   -0.81,   -1.25,   -2.12,    1.43,   -0.98,   -1.80,   -2.36,   -1.44,   -0.32,   -1.95,   -0.81,   -2.03,   -2.23
197208,   12.93,    1.39,    6.51,    6.58,    0.66,    5.07,    6.05,    7.69,    5.37,    0.24,    1.99,    4.70,    5.69,    5.60,    6.40,    8.39,    7.26,    5.91,    4.76
197209,   -7.22,   -0.60,   -1.26,   -0.27,   -0.14,   -2.18,   -1.59,    0.87,   -3.68,    0.51,   -2.20,   -2.62,   -1.45,   -1.81,   -1.41,   -0.34,    1.62,   -3.51,   -3.88
197210,   -2.02,    0.40,    1.98,    1.25,    0.59,    0.56,    1.71,    2.12,   -0.05,    0.32,    1.46,   -0.41,    2.14,    0.14,    2.91,    2.43,    1.93,    0.52,   -0.71
197211,    5.03,    2.99,    6.46,    9.24,    2.11,    6.43,    6.68,    7.80,   10.83,    1.44,    4.28,    6.93,    5.64,    7.30,    6.22,    6.79,    8.42,    9.61,   12.25
197212,   -3.40,    2.51,   -0.81,   -0.81,    3.27,   -0.47,   -0.72,   -0.48,   -2.92,    3.76,    1.70,   -0.74,   -0.04,   -2.06,    0.29,   -1.75,    0.28,   -2.69,   -3.18
197301,   -9.64,   -2.81,   -2.49,   -1.77,   -2.28,   -4.93,   -2.70,   -0.32,   -4.32,   -1.22,   -5.70,   -5.19,   -4.51,   -5.84,   -0.39,   -0.05,   -0.48,   -4.04,   -4.63
197302,   -3.59,   -3.31,   -5.23,   -5.06,   -3.08,   -4.56,   -5.26,   -5.56,   -4.02,   -2.40,   -5.35,   -4.39,   -4.84,   -5.61,   -5.02,   -5.55,   -5.56,   -4.16,   -3.87
197303,   -9.74,   -1.32,    0.20,    0.94,   -1.12,   -1.82,    0.52,    0.95,    0.73,   -1.32,   -0.45,   -2.22,   -1.18,   -1.70,    2.06,    0.78,    1.05,   -0.72,    2.37
197304,   -2.02,   -6.22,   -2.84,   -1.84,   -6.45,   -4.65,   -2.70,   -1.37,   -3.79,   -6.51,   -6.23,   -5.16,   -3.87,   -4.68,   -1.39,   -2.19,   -0.89,   -3.21,   -4.43
197305,  -11.42,   -1.18,   -2.60,   -3.84,   -0.60,   -3.17,   -1.92,   -3.39,   -6.25,    0.09,   -2.98,   -3.91,   -2.02,   -2.44,   -1.59,   -4.60,   -2.68,   -5.67,   -6.90
197306,    6.41,   -1.01,   -0.58,   -1.09,   -0.81,   -1.18,   -0.32,   -0.90,   -2.54,   -0.40,   -2.30,   -1.99,    0.04,   -2.16,    0.84,   -1.73,   -0.43,   -2.30,   -2.82
197307,    2.95,    7.02,    2.95,    5.91,    6.98,    7.39,    1.73,    2.87,    6.92,    5.91,   10.23,    7.19,    7.67,    2.24,    1.02,    1.72,    4.83,    7.11,    6.65
197308,   -4.42,   -3.26,   -3.16,   -1.64,   -3.36,   -2.61,   -3.64,   -2.68,   -0.88,   -3.75,   -2.23,   -2.74,   -2.43,   -3.24,   -4.20,   -2.80,   -2.47,   -1.29,   -0.33
197309,   28.91,    2.73,    9.15,    8.99,    1.80,    8.62,    9.11,    8.78,    9.22,   -0.38,    8.06,    7.85,    9.66,    8.62,    9.79,    8.81,    8.73,    8.89,    9.68
197310,  -11.83,   -0.29,   -0.19,    0.08,    0.01,   -0.70,    0.36,   -2.04,    1.93,    0.19,   -0.46,   -1.85,    0.83,    0.73,   -0.17,   -2.09,   -1.97,    0.13,    4.36
197311,  -16.20,  -13.09,  -10.88,  -11.99,  -12.54,  -14.57,  -12.12,   -8.58,  -12.45,  -11.44,  -15.47,  -16.02,  -12.71,  -11.25,  -13.36,   -6.84,  -11.46,  -13.87,  -10.61
197312,   11.91,   -1.26,    4.85,    4.40,   -1.53,    0.70,    6.32,    3.91,    6.49,   -2.34,    0.72,    0.28,    1.22,    5.72,    7.21,    5.00,    2.01,    5.09,    8.26
197401,   -1.28,   -0.61,   -0.25,    6.29,   -1.47,    2.33,   -0.83,    3.01,    5.38,   -1.72,   -0.80,    4.15,    0.11,   -1.95,    0.77,    0.58,    7.38,    5.08,    5.75
197402,   -0.22,   -0.98,    1.27,    2.09,   -1.28,    1.28,   -0.22,    2.36,    3.32,   -1.82,    0.19,    0.57,    2.17,   -0.24,   -0.19,    3.37,    0.64,    3.75,    2.79
197403,   -4.28,   -1.66,   -3.24,   -2.17,   -1.49,   -3.16,   -2.68,   -2.98,   -2.55,   -1.70,   -0.96,   -2.53,   -3.94,   -2.80,   -2.50,   -3.73,   -1.70,   -2.40,   -2.74
197404,   -8.52,   -3.55,   -5.90,   -4.14,   -3.29,   -5.53,   -5.12,   -6.05,   -3.91,   -3.15,   -3.65,   -4.92,   -6.31,   -5.11,   -5.13,   -7.01,   -4.41,   -5.98,   -1.37
197405,  -14.41,   -2.13,   -5.39,   -6.35,   -1.65,   -5.24,   -5.85,   -4.37,   -7.57,   -0.58,   -4.47,   -4.64,   -6.00,   -5.24,   -6.69,   -4.07,   -4.88,   -7.24,   -7.96
197406,  -11.09,   -2.18,   -1.85,   -2.22,   -1.76,   -3.18,   -2.00,   -2.72,   -0.57,   -1.59,   -2.21,   -4.49,   -1.47,   -2.28,   -1.60,   -1.86,   -4.14,   -1.66,    0.71
197407,    0.51,   -9.25,   -4.38,   -2.88,  -10.54,   -4.35,   -3.40,   -3.22,   -3.08,  -11.77,   -7.02,   -2.77,   -6.26,   -4.28,   -1.12,   -3.74,   -2.64,   -3.81,   -1.74
197408,   -8.75,  -10.08,   -6.00,   -7.23,  -10.16,   -8.15,   -5.52,   -7.35,   -7.26,   -9.83,  -11.08,   -9.71,   -6.19,   -4.62,   -7.78,   -7.49,   -7.19,   -7.76,   -6.36
197409,   -4.93,  -13.73,   -6.16,   -7.26,  -14.56,   -9.26,   -5.32,   -5.60,   -7.31,  -16.57,   -8.95,   -9.93,   -8.46,   -5.38,   -5.17,   -4.11,   -7.22,   -6.68,   -8.41
197410,    4.08,   20.99,   10.84,    7.91,   21.91,   13.30,   12.15,    9.74,    6.35,   22.77,   19.73,   16.91,    9.00,   12.91,   10.16,    9.77,    9.70,    4.85,    9.08
197411,   -3.10,   -4.03,   -3.56,   -4.43,   -4.39,   -2.95,   -3.64,   -3.44,   -4.85,   -4.81,   -3.29,   -2.40,   -3.66,   -4.75,   -0.70,   -2.97,   -3.97,   -3.72,   -6.80
197412,   -4.13,   -3.42,   -0.69,   -4.13,   -3.98,   -0.77,   -0.35,   -2.78,   -4.75,   -4.39,   -2.93,   -0.87,   -0.65,    0.53,   -2.59,   -2.19,   -3.46,   -2.81,   -8.09
197501,   26.02,   11.13,   18.02,   23.99,   10.33,   16.30,   16.76,   22.46,   25.18,   10.47,    9.96,   14.62,   18.50,   16.14,   18.40,   22.21,   22.73,   22.25,   30.54
197502,    6.15,    8.12,    2.87,    2.61,    9.24,    2.94,    3.33,    2.90,    1.56,   11.21,    4.21,    3.39,    2.38,    3.71,    2.32,    2.16,    3.74,    0.32,    3.68
197503,   -0.80,    3.13,    2.15,    7.53,    3.17,    3.24,    0.78,    6.20,    6.86,    3.40,    2.54,    2.93,    3.63,   -0.14,    3.19,    4.39,    8.24,    7.93,    5.08
197504,    6.38,    5.79,    2.25,    5.69,    5.85,    4.51,    1.69,    4.61,    4.44,    4.96,    8.27,    5.56,    3.17,    1.46,    2.29,    2.42,    6.99,    4.25,    4.77
197505,    9.58,    5.85,    5.93,    2.76,    5.38,    8.10,    4.96,    3.00,    4.07,    4.82,    6.87,    7.99,    8.25,    4.97,    4.96,    4.51,    1.43,    3.66,    4.76
197506,   11.58,    4.42,    6.54,    7.22,    3.86,    7.13,    5.63,    7.81,    6.83,    2.95,    6.27,    6.88,    7.45,    5.29,    6.48,    7.99,    7.62,    7.82,    5.18
197507,   -1.69,   -7.32,   -3.73,   -3.67,   -7.89,   -4.31,   -4.15,   -4.50,   -3.84,   -8.79,   -5.89,   -5.36,   -2.30,   -3.96,   -4.64,   -5.07,   -3.46,   -3.83,   -3.86
197508,  -10.91,   -2.28,   -2.03,   -4.01,   -2.29,   -2.34,   -2.53,   -0.92,   -5.04,   -2.86,   -1.05,   -2.27,   -2.48,   -2.46,   -2.68,    0.11,   -2.74,   -3.53,   -7.28
197509,   -4.88,   -3.99,   -2.87,   -3.69,   -4.63,   -1.86,   -2.92,   -3.84,   -4.52,   -4.74,   -4.38,   -1.86,   -1.86,   -3.10,   -2.47,   -4.47,   -2.70,   -4.27,   -4.91
197510,   -0.66,    6.33,    5.56,    4.57,    6.80,    5.48,    4.70,    5.77,    3.44,    7.54,    5.24,    4.78,    6.78,    4.47,    5.25,    5.69,    5.90,    4.78,    1.35
197511,   -6.82,    2.94,    3.35,    4.21,    3.15,    2.52,    3.45,    3.90,    4.19,    3.45,    2.49,    2.25,    3.02,    3.03,    4.46,    3.71,    4.24,    3.82,    4.78
197512,    6.13,   -1.78,    0.21,    0.21,   -2.53,    0.61,    0.17,    0.00,    0.56,   -2.76,   -2.01,    0.75,    0.34,    0.17,    0.17,    0.11,   -0.19,    0.65,    0.42
197601,   24.72,   11.04,   15.08,   20.92,   11.46,   10.86,   15.25,   18.46,   22.68,   11.48,   11.43,    9.64,   13.07,   14.67,   16.63,   18.24,   18.86,   20.21,   26.62
197602,    4.74,   -1.02,    2.59,    7.80,   -1.71,    2.17,    1.89,    3.26,   10.33,   -3.04,    1.19,    1.28,    3.74,    1.01,    3.95,    2.44,    4.74,    8.45,   13.16
197603,    8.23,    2.91,    2.69,    2.06,    2.87,    3.10,    2.27,    2.25,    2.75,    3.26,    2.06,    3.03,    3.22,    2.70,    1.29,    2.86,    1.18,    2.71,    2.81
197604,    5.71,   -1.60,    0.10,   -1.48,   -2.18,   -0.04,    0.55,   -0.35,   -1.72,   -2.55,   -1.38,    0.26,   -0.56,    1.05,   -0.63,    0.11,   -1.17,   -1.96,   -1.39
197605,   -1.57,   -0.64,   -1.66,   -1.81,   -1.18,    0.03,   -1.08,   -2.57,   -1.67,   -1.54,   -0.43,    1.08,   -1.81,   -0.94,   -1.40,   -2.89,   -1.99,   -1.37,   -2.10
197606,    9.73,    4.35,    4.95,    5.02,    4.27,    4.18,    5.79,    5.60,    4.19,    5.02,    2.73,    4.57,    3.48,    5.29,    6.96,    5.33,    6.09,    3.71,    4.86
197607,    3.76,   -1.23,    0.32,    0.51,   -1.61,    0.13,    0.37,    0.08,    1.49,   -1.45,   -1.97,    0.17,    0.07,    0.84,   -0.47,    0.50,   -0.45,    1.33,    1.70
197608,   -5.53,   -0.52,    0.86,   -1.10,   -0.68,    0.13,    1.39,   -0.74,   -0.93,   -0.30,   -1.57,    0.05,    0.27,    2.43,   -0.50,   -0.34,   -1.26,    0.06,   -2.22
197609,   -1.22,    2.26,    3.13,    2.69,    1.79,    3.80,    3.14,    3.33,    0.95,    1.56,    2.34,    3.95,    3.54,    2.78,    3.81,    2.47,    4.44,    1.45,    0.29
197610,   -0.59,   -2.38,   -1.23,   -2.92,   -2.40,   -2.11,   -0.89,   -2.20,   -3.03,   -2.73,   -1.63,   -2.30,   -1.79,   -0.38,   -1.83,   -1.72,   -2.81,   -2.16,   -4.21
197611,   -1.54,   -0.53,    2.56,    2.72,   -0.79,    1.18,    2.32,    2.57,    4.08,   -1.69,    1.34,    0.37,    2.58,    2.71,    1.59,    3.49,    1.41,    4.17,    3.95
197612,   13.31,    4.96,    6.95,    9.16,    4.32,    7.54,    6.32,    8.49,    8.84,    3.58,    6.00,    7.21,    8.09,    5.74,    7.42,    7.74,    9.47,    8.56,    9.24
197701,    3.87,   -6.05,   -1.17,    1.11,   -7.09,   -2.58,   -0.87,   -0.13,    2.30,   -8.00,   -5.06,   -2.53,   -2.66,   -1.24,   -0.16,   -0.17,   -0.07,    1.75,    3.06
197702,   -0.57,   -1.77,   -1.45,   -1.20,   -1.48,   -2.63,   -0.96,   -1.48,   -1.43,   -1.46,   -1.51,   -2.72,   -2.48,   -0.61,   -1.60,   -1.87,   -0.98,   -0.96,   -2.10
197703,    1.33,   -1.61,   -0.42,    0.40,   -1.60,   -1.06,   -0.82,    0.12,    1.38,   -1.66,   -1.47,   -1.65,   -0.07,   -1.11,   -0.30,    0.66,   -0.57,    2.17,    0.25
197704,    5.48,   -1.01,    1.90,    3.60,   -1.83,    1.97,    1.63,    2.94,    3.46,   -2.91,    0.48,    1.74,    2.35,    1.94,    1.05,    2.32,    3.74,    4.23,    2.34
197705,   -4.34,   -1.88,   -0.06,   -0.81,   -2.22,   -0.82,    0.47,   -0.80,   -0.92,   -2.47,   -1.71,   -0.76,   -0.92,    1.20,   -0.88,   -0.88,   -0.69,   -1.11,   -0.64
197706,    8.55,    5.76,    4.05,    5.70,    6.18,    4.50,    3.62,    5.12,    5.85,    6.91,    4.69,    4.38,    4.70,    2.68,    5.42,    4.78,    5.56,    5.24,    6.74
197707,    1.68,   -1.45,   -0.95,   -2.00,   -1.17,   -2.49,   -0.71,   -0.29,   -2.36,   -1.03,   -1.40,   -2.60,   -2.39,   -0.79,   -0.65,    0.52,   -1.61,   -2.19,   -2.62
197708,   -0.14,    0.28,   -3.19,   -2.48,    0.87,   -2.78,   -2.45,   -3.66,   -2.70,    1.59,   -0.31,   -2.15,   -3.34,   -2.37,   -2.50,   -4.50,   -2.25,   -2.24,   -3.45
197709,    0.53,   -0.57,    1.13,   -0.16,   -0.53,   -0.28,    1.83,    0.49,    0.10,   -1.12,    0.48,   -0.74,    0.13,    1.01,    2.39,    1.05,   -0.44,    0.17,   -0.01
197710,   -0.64,   -4.40,   -3.62,   -2.75,   -4.45,   -3.71,   -4.29,   -2.46,   -3.32,   -4.26,   -4.77,   -4.17,   -3.31,   -4.24,   -4.32,   -2.65,   -2.15,   -2.52,   -4.62
197711,    5.70,    4.35,    4.25,    5.89,    4.26,    4.59,    4.18,    4.25,    7.28,    3.96,    4.75,    4.76,    4.44,    5.68,    3.19,    4.14,    4.44,    6.34,    8.85
197712,   -0.65,    0.38,    0.94,    1.32,    0.28,    1.08,    1.19,    0.49,    1.15,    0.96,   -0.84,    0.77,    1.34,    0.67,    1.54,   -0.13,    1.51,    1.29,    0.93
197801,    4.77,   -6.33,   -5.38,   -2.52,   -6.19,   -6.67,   -4.97,   -4.26,   -1.59,   -5.90,   -6.68,   -6.89,   -6.48,   -5.49,   -4.61,   -4.72,   -3.51,   -2.46,   -0.18
197802,   -1.10,   -2.34,    0.59,   -0.34,   -2.63,   -0.89,    1.69,   -0.14,   -0.28,   -3.28,   -1.50,   -1.12,   -0.69,    0.65,    2.39,    0.02,   -0.41,   -0.33,   -0.20
197803,    8.76,    2.55,    3.95,    5.03,    2.06,    4.40,    3.89,    3.78,    6.09,    1.12,    3.65,    4.62,    4.21,    4.49,    3.50,    3.72,    3.88,    5.76,    6.62
197804,    6.33,   11.00,    5.80,    6.90,   11.40,    8.27,    5.35,    5.47,    6.98,   12.12,   10.23,    9.32,    7.36,    7.56,    3.88,    4.64,    6.82,    6.92,    7.06
197805,    9.09,    2.30,    1.65,    3.41,    2.18,    2.47,    1.29,    1.89,    4.45,    2.43,    1.75,    2.80,    2.19,    1.57,    1.10,    1.67,    2.24,    3.52,    5.88
197806,    1.55,   -1.34,   -1.21,   -0.86,   -1.12,   -2.21,   -1.16,   -0.68,   -0.09,   -0.47,   -2.20,   -2.30,   -2.14,   -1.29,   -1.08,   -0.01,   -1.74,    0.60,   -1.12
197807,    3.54,    6.99,    4.23,    5.94,    7.35,    5.23,    5.04,    3.60,    6.43,    7.34,    7.36,    5.75,    4.69,    5.20,    4.83,    2.48,    5.42,    5.10,    8.83
197808,   13.18,    4.05,    4.94,    3.61,    3.89,    4.85,    5.30,    3.74,    4.14,    4.22,    3.39,    4.62,    5.09,    5.19,    5.45,    4.18,    3.03,    3.95,    4.46
197809,   -2.95,   -2.54,    0.73,   -0.21,   -3.12,   -0.60,    1.12,    0.71,   -0.22,   -3.51,   -2.52,   -0.49,   -0.71,    1.38,    0.76,    1.29,   -0.21,    0.12,   -0.81
197810,  -29.26,  -11.26,  -10.19,  -13.41,  -11.02,  -11.88,  -10.46,   -9.38,  -15.75,  -10.04,  -12.51,  -12.09,  -11.65,  -10.44,  -10.50,   -8.50,  -10.80,  -14.02,  -18.75
197811,    4.67,    3.41,    3.43,    3.34,    3.37,    3.12,    4.09,    3.10,    3.27,    3.53,    3.11,    3.56,    2.66,    4.17,    3.98,    2.91,    3.41,    3.28,    3.26
197812,   -3.98,    2.84,    0.83,    0.19,    3.17,    1.34,    0.90,    0.34,    0.43,    4.95,    0.35,    1.70,    0.96,    1.38,    0.26,    0.59,   -0.07,    0.71,   -0.08
197901,   16.23,    3.87,    5.34,    7.40,    3.46,    5.50,    5.12,    5.79,    8.32,    2.39,    5.21,    5.30,    5.70,    5.00,    5.27,    5.43,    6.40,    6.80,   11.16
197902,   -6.02,   -3.67,   -2.39,   -2.63,   -3.98,   -2.81,   -2.72,   -1.74,   -2.74,   -3.90,   -4.10,   -2.59,   -3.06,   -3.03,   -2.29,   -1.27,   -2.52,   -2.34,   -3.48
197903,   13.95,    6.35,    6.00,    7.75,    6.09,    6.90,    6.98,    5.03,    8.47,    5.60,    6.89,    7.21,    6.58,    7.59,    6.17,    3.87,    6.98,    7.43,   10.39
197904,    3.26,    0.27,    0.86,    1.31,    0.34,    0.89,    1.25,    0.17,    1.22,    0.17,    0.60,    0.03,    1.79,    0.93,    1.68,   -0.60,    1.42,    1.50,    0.71
197905,   -6.16,   -1.90,   -1.22,   -1.11,   -2.04,   -1.19,   -1.56,   -0.90,   -1.23,   -1.99,   -2.11,   -1.42,   -0.95,   -1.51,   -1.61,   -0.85,   -0.97,   -1.27,   -1.15
197906,    2.72,    3.39,    5.57,    5.74,    2.98,    5.20,    6.16,    5.29,    4.96,    1.95,    4.62,    4.79,    5.63,    6.62,    5.53,    4.48,    6.59,    4.00,    6.67
197907,   -3.70,    0.75,    1.99,    3.05,    0.31,    2.12,    1.97,    2.00,    3.55,   -0.75,    1.96,    1.97,    2.32,    2.11,    1.84,    1.65,    2.38,    3.03,    4.35
197908,    4.86,    7.06,    5.72,    5.76,    7.10,    7.19,    4.99,    5.50,    6.55,    6.65,    7.78,    6.97,    7.49,    5.69,    4.34,    6.25,    4.68,    6.55,    6.56
197909,    2.39,   -0.60,    0.72,   -0.77,   -1.14,    0.64,    0.98,   -0.32,   -0.67,   -1.55,   -0.51,    0.86,    0.35,    1.13,    0.83,    0.24,   -0.93,   -0.63,   -0.72
197910,  -13.95,   -7.04,   -6.62,   -8.94,   -6.89,   -6.47,   -6.71,   -8.16,   -9.41,   -6.85,   -6.96,   -7.42,   -5.19,   -6.86,   -6.56,   -8.06,   -8.28,   -7.86,  -11.72
197911,   14.36,    6.98,    5.80,    4.65,    6.65,    7.39,    4.89,    6.89,    3.85,    7.20,    5.83,    7.85,    6.77,    3.91,    5.82,    7.91,    5.77,    4.92,    2.19
197912,   19.24,    3.64,    1.54,    2.56,    3.26,    3.96,    0.74,    1.69,    3.86,    2.51,    4.40,    4.65,    3.05,    0.57,    0.91,    2.51,    0.77,    2.75,    5.63
198001,    5.16,    5.23,    6.58,    7.99,    4.65,    7.41,    6.02,    6.13,    9.46,    3.01,    7.12,    6.73,    8.33,    7.94,    4.25,    6.34,    5.90,    7.21,   12.96
198002,    0.75,   -2.73,    1.56,   -0.22,   -3.45,    0.27,    2.08,   -0.59,    0.04,   -3.38,   -3.56,   -0.86,    1.76,    2.68,    1.50,   -0.57,   -0.61,    0.44,   -0.56
198003,  -30.76,  -10.49,  -11.30,  -13.99,   -9.33,  -12.77,  -10.89,  -11.89,  -15.39,   -9.18,   -9.54,  -13.40,  -11.97,  -12.28,   -9.54,  -11.89,  -11.88,  -13.52,  -18.17
198004,    7.97,    4.18,    5.68,    6.13,    3.84,    4.47,    5.86,    7.95,    4.67,    3.48,    4.36,    5.08,    3.71,    4.36,    7.28,    7.68,    8.26,    6.28,    2.14
198005,    4.77,    6.03,    5.69,    6.82,    5.79,    5.93,    6.12,    5.32,    7.63,    5.84,    5.72,    6.64,    5.02,    6.77,    5.52,    5.00,    5.69,    8.20,    6.70
198006,   11.28,    3.34,    3.57,    2.81,    3.13,    4.34,    2.53,    4.59,    2.33,    2.91,    3.45,    3.86,    4.97,    3.51,    1.63,    5.54,    3.49,    2.04,    2.81
198007,    4.62,    9.80,    5.79,    3.52,   11.57,    6.91,    4.91,    3.73,    5.79,   12.12,   10.77,    6.54,    7.49,    4.08,    6.05,    5.99,    1.78,    3.48,    8.34
198008,    2.05,    2.80,    1.77,    2.10,    3.53,    1.85,    1.72,    2.01,    1.08,    4.18,    2.60,    1.39,    2.56,    0.98,    2.70,    1.00,    2.91,    0.52,    1.67
198009,   12.84,    4.22,    3.19,   -0.61,    4.04,    5.14,    3.03,   -0.52,    0.33,    4.07,    4.00,    4.56,    6.03,    4.47,    1.14,    0.41,   -1.35,    0.85,   -0.21
198010,    0.41,    2.26,    2.85,   -0.31,    1.72,    3.87,    3.55,   -1.03,    0.71,    3.17,   -0.41,    3.33,    4.68,    4.14,    2.75,   -0.93,   -1.12,    0.38,    1.05
198011,    8.87,   11.60,   12.40,    4.41,   11.53,   13.29,   14.58,    4.48,    2.82,   12.06,   10.72,   11.75,   15.56,   17.50,   10.66,    3.13,    5.69,    3.64,    1.96
198012,   -7.23,   -2.52,   -4.38,   -0.71,   -1.53,   -5.22,   -4.55,   -0.97,   -0.58,   -1.12,   -2.17,   -4.42,   -6.35,   -5.00,   -3.91,   -1.15,   -0.81,   -0.29,   -0.91
198101,   -6.60,   -5.66,   -4.72,    1.73,   -5.91,   -6.17,   -4.80,    0.36,    2.30,   -7.03,   -4.16,   -5.17,   -7.61,   -6.32,   -2.66,   -0.66,    1.28,    2.23,    2.38
198102,   -0.78,    2.44,    1.39,    1.62,    2.45,    2.05,    0.53,    2.57,    1.41,    1.55,    3.82,    2.42,    1.49,    1.31,   -0.53,    3.46,    1.79,    0.55,    2.38
198103,   13.37,    4.46,    4.40,    5.82,    5.08,    4.57,    2.61,    5.14,    7.81,    4.79,    5.52,    3.24,    6.57,    1.73,    3.83,    6.16,    4.22,    5.61,   10.24
198104,    8.27,   -1.82,   -1.71,    1.45,   -1.56,   -3.25,   -1.41,    1.78,    0.33,   -0.59,   -2.99,   -2.35,   -4.58,   -3.23,    1.09,    1.14,    2.37,    0.59,    0.06
198105,   17.50,    1.29,   -0.07,    2.85,    2.43,   -1.00,   -0.55,    2.81,    2.22,    3.42,    0.91,   -0.97,   -1.04,   -1.15,    0.23,    2.18,    3.37,    2.09,    2.35
198106,   -8.43,   -3.49,    1.94,    0.31,   -4.95,    0.73,    2.37,    0.34,    0.25,   -6.18,   -3.05,   -0.46,    2.51,    1.62,    3.35,    0.32,    0.36,    0.83,   -0.38
198107,   -1.26,    0.77,   -0.85,   -1.16,    0.87,    1.54,   -2.14,   -2.28,   -0.72,    0.82,    0.92,    0.56,    2.87,   -2.36,   -1.75,   -2.59,   -1.91,    0.03,   -2.26
198108,  -10.77,   -7.23,   -5.54,   -2.94,   -7.08,   -6.63,   -5.53,   -5.32,   -1.91,   -9.00,   -5.37,   -7.57,   -5.36,   -5.96,   -4.81,   -5.79,   -4.75,   -0.75,   -4.34
198109,   -9.75,   -6.81,   -6.08,   -1.98,   -7.56,   -6.33,   -6.29,   -2.76,   -1.79,   -9.21,   -6.14,   -5.14,   -7.90,   -6.62,   -5.75,   -3.13,   -2.32,   -0.25,   -5.10
198110,   16.61,    8.34,    4.20,    4.66,    8.69,    7.21,    3.87,    3.10,    4.60,   11.33,    6.50,    7.54,    6.77,    3.15,    5.06,    1.67,    4.77,    4.95,    3.82
198111,   15.57,    3.77,    5.17,    4.24,    3.05,    5.47,    4.77,    4.97,    4.25,    0.41,    5.34,    5.41,    5.54,    4.76,    4.79,    5.64,    4.21,    3.76,    5.38
198112,   -6.02,   -3.01,   -2.50,   -2.27,   -2.84,   -3.08,   -2.97,   -1.95,   -1.98,   -3.76,   -2.08,   -3.37,   -2.67,   -2.98,   -2.95,   -1.22,   -2.79,   -1.73,   -2.54
198201,   -2.10,   -2.29,   -3.65,    0.20,   -2.17,   -3.83,   -3.14,   -1.53,    0.61,   -3.96,   -0.69,   -2.55,   -5.61,   -3.42,   -2.69,   -2.36,   -0.56,    1.35,   -1.06
198202,    0.63,   -7.38,   -3.41,   -1.69,   -7.35,   -6.91,   -2.73,   -1.24,   -2.21,   -9.56,   -5.60,   -7.45,   -6.12,   -2.82,   -2.58,   -1.68,   -0.73,   -3.14,   -0.03
198203,   -2.97,   -1.92,   -0.50,    1.83,   -3.31,    0.24,   -1.02,    1.64,    1.78,   -3.94,   -2.82,    1.20,   -1.15,   -1.68,    0.03,    1.39,    1.93,    1.80,    1.76
198204,   10.99,    5.84,    3.76,    2.47,    6.56,    4.30,    3.68,    3.46,    1.80,    6.12,    6.89,    4.26,    4.36,    3.40,    4.11,    3.26,    3.68,    0.64,    4.38
198205,    1.42,   -3.52,   -2.31,   -1.95,   -4.05,   -2.21,   -2.18,   -3.21,   -1.06,   -5.03,   -3.31,   -2.33,   -2.03,   -2.00,   -2.47,   -2.93,   -3.53,   -0.51,   -2.25
198206,   16.26,   -2.63,   -1.25,   -1.67,   -3.26,   -1.39,   -0.69,   -1.73,   -1.83,   -4.53,   -2.31,   -1.22,   -1.65,   -0.61,   -0.82,   -2.04,   -1.38,   -2.46,   -0.49
198207,   -1.05,   -0.93,   -3.68,   -1.78,   -0.47,   -3.25,   -3.48,   -2.25,   -2.10,   -2.03,    1.13,   -2.03,   -4.69,   -3.25,   -3.71,   -3.07,   -1.52,   -2.15,   -1.98
198208,    7.48,   10.91,   12.52,   12.87,   10.86,   11.70,   12.30,   12.93,   12.71,   11.21,   10.51,   11.03,   12.51,   11.40,   13.25,   12.85,   13.00,   13.36,   11.24
198209,    6.93,    2.03,    2.30,    0.65,    2.07,    2.28,    2.80,    0.81,    0.88,    1.58,    2.56,    1.93,    2.69,    3.14,    2.45,    1.19,    0.47,    0.86,    0.93
198210,   17.83,   13.23,   11.45,    9.95,   13.14,   11.99,   11.11,   11.22,   10.43,   15.21,   11.10,   13.47,   10.23,   10.01,   12.25,   13.06,    9.57,    9.46,   12.70
198211,    8.41,    7.50,    3.10,    4.68,    7.79,    5.29,    3.03,    3.40,    5.63,    8.96,    6.61,    6.78,    3.48,    3.12,    2.95,    2.85,    3.91,    4.79,    7.55
198212,   20.11,    1.17,    1.12,    1.48,    1.80,    0.26,    1.11,    0.63,    3.12,   -0.31,    4.00,   -0.39,    1.08,    1.60,    0.61,    1.17,    0.13,    2.63,    4.18
198301,    5.43,    3.71,    3.57,    5.81,    3.83,    3.57,    3.91,    5.77,    2.69,    4.87,    2.78,    3.41,    3.78,    2.78,    5.05,    2.88,    8.44,    2.01,    4.14
198302,   -0.92,    3.73,    2.98,    2.86,    3.26,    3.98,    3.91,    1.52,    4.78,    3.43,    3.09,    4.95,    2.75,    3.31,    4.49,    1.74,    1.34,    4.50,    5.36
198303,    5.24,    2.52,    4.67,    3.42,    2.65,    3.10,    4.46,    3.87,    4.43,    2.01,    3.31,    2.18,    4.30,    5.35,    3.58,    5.32,    2.59,    4.26,    4.78
198304,   27.62,    6.04,    8.86,    7.20,    6.49,    6.33,    8.53,    8.06,    8.23,    5.58,    7.41,    4.91,    8.14,    8.12,    8.95,    9.97,    6.34,    7.36,   10.03
198305,    5.14,    1.12,    0.82,    0.60,    1.77,    0.29,    1.35,   -0.12,    1.12,    3.19,    0.35,   -0.53,    1.31,   -0.27,    2.97,   -0.40,    0.15,    0.96,    1.44
198306,   15.74,    5.35,    3.74,    1.00,    5.83,    5.23,    3.09,    1.10,    2.17,    5.75,    5.90,    4.09,    6.63,    4.53,    1.69,    2.27,    0.01,    1.09,    4.27
198307,   -8.01,   -5.30,   -2.32,   -0.81,   -5.13,   -4.91,   -2.96,   -0.08,   -1.41,   -5.12,   -5.15,   -5.81,   -3.52,   -2.80,   -3.15,   -0.28,    0.13,   -1.99,    0.01
198308,   -3.90,   -1.89,    0.39,    4.57,   -1.90,   -1.40,   -0.25,    3.05,    5.08,   -2.77,   -0.39,   -1.87,   -0.69,   -1.04,    0.76,    2.29,    3.79,    4.64,    6.13
198309,    4.39,    2.17,    1.68,    1.21,    2.47,    1.98,    2.34,    0.30,    1.35,    2.43,    2.53,    1.25,    3.07,    2.80,    1.77,   -0.44,    1.00,    1.80,    0.28
198310,   -2.76,   -4.39,   -1.36,   -0.62,   -4.64,   -3.07,   -1.19,   -0.56,   -0.94,   -5.71,   -2.81,   -3.64,   -2.24,    0.59,   -3.47,   -1.02,   -0.12,   -1.05,   -0.67
198311,   -1.26,    3.17,    2.74,    2.21,    2.75,    3.34,    3.47,    2.47,    1.85,    1.81,    4.30,    4.46,    1.73,    2.68,    4.52,    2.16,    2.76,    2.00,    1.48
198312,   -1.83,   -1.13,   -0.94,   -0.60,   -1.34,   -0.33,   -1.86,   -1.05,    0.37,   -1.23,   -1.52,   -0.50,   -0.06,   -1.68,   -2.09,    0.07,   -2.10,    0.49,    0.07
198401,    6.36,   -5.14,    0.43,    3.25,   -5.98,   -1.60,    0.20,    1.11,    4.71,   -6.60,   -4.98,   -2.59,   -0.12,   -2.05,    3.15,    1.23,    1.00,    4.91,    4.22
198402,   -8.29,   -5.10,   -4.29,   -1.63,   -4.67,   -6.23,   -4.46,   -2.88,   -0.76,   -5.28,   -3.68,   -6.34,   -6.08,   -4.54,   -4.37,   -2.73,   -3.02,   -2.21,    2.82
198403,   -3.24,    1.40,    1.58,    0.70,    1.21,    2.48,    0.74,    1.62,    0.31,    0.96,    1.61,    1.97,    3.23,    0.58,    0.94,    1.92,    1.32,   -0.31,    1.68
198404,   -1.48,    0.20,    0.19,    1.50,    0.53,   -0.32,    0.74,    0.67,    1.11,    0.41,    0.73,   -0.76,    0.31,    1.12,    0.28,   -0.83,    2.12,    1.59,    0.05
198405,   -8.15,   -5.00,   -4.65,   -5.76,   -5.18,   -3.81,   -6.09,   -4.22,   -6.26,   -5.45,   -4.75,   -4.48,   -2.87,   -6.62,   -5.44,   -3.39,   -5.00,   -6.36,   -6.03
198406,    8.49,    4.44,    1.62,    2.36,    4.07,    5.02,    1.88,   -0.16,    3.66,    3.84,    4.42,    5.55,    4.29,    2.30,    1.37,   -0.71,    0.36,    5.60,   -0.67
198407,   -7.91,   -1.85,   -1.92,   -2.53,   -1.57,   -2.70,   -0.96,   -3.24,   -2.03,   -1.24,   -2.07,   -2.82,   -2.59,   -1.71,   -0.39,   -3.24,   -3.24,   -2.49,   -1.24
198408,   10.55,   11.55,   11.07,   11.37,   11.84,   11.14,   10.38,   11.37,   11.62,   12.49,   10.85,   10.56,   11.72,   10.37,   10.39,   11.88,   11.01,   12.25,   10.56
198409,   -1.62,   -2.40,   -0.18,    3.09,   -2.84,   -1.05,    0.04,    1.80,    3.35,   -3.55,   -1.75,   -0.87,   -1.22,   -0.84,    0.69,    0.46,    2.72,    3.01,    3.95
198410,   -4.50,    0.17,    0.71,   -0.43,   -0.14,    1.42,    0.94,   -0.42,   -0.58,   -0.61,    0.58,    1.21,    1.64,    0.25,    1.44,   -0.72,   -0.22,   -1.74,    1.43
198411,   -5.01,   -2.64,   -1.11,    0.84,   -3.14,   -1.04,   -1.20,   -0.32,    1.37,   -4.11,   -1.71,   -0.95,   -1.14,   -1.53,   -0.97,   -0.91,    0.08,    1.09,    1.84
198412,    3.91,    2.58,    2.52,    2.20,    2.70,    2.33,    2.39,    2.81,    1.78,    2.70,    2.69,    2.20,    2.46,    1.73,    2.84,    2.86,    2.79,    1.15,    2.82
198501,   16.10,   10.96,    8.37,    6.00,   11.21,    9.45,    8.08,    7.48,    5.46,   12.54,    9.27,   10.15,    8.75,    8.53,    7.78,    8.57,    6.78,    5.38,    5.58
198502,    1.06,    1.61,    1.81,    2.16,    1.26,    1.97,    1.71,    2.41,    2.14,    0.97,    1.69,    2.80,    1.12,    1.58,    1.79,    2.76,    2.18,    2.91,    0.91
198503,    0.36,   -1.66,   -0.75,    2.07,   -2.33,   -0.19,   -0.73,    0.89,    2.25,   -3.23,   -1.00,    0.60,   -1.00,    0.22,   -1.37,   -0.51,    1.82,    2.11,    2.48
198504,   -2.08,   -1.84,   -0.66,    1.85,   -1.73,   -2.25,   -0.79,    1.35,    2.21,   -2.13,   -1.14,   -2.19,   -2.32,    0.01,   -1.34,    1.34,    1.35,    2.37,    1.94
198505,    7.02,    5.78,    6.55,    4.95,    5.65,    6.68,    7.12,    5.16,    4.62,    5.09,    6.46,    6.24,    7.14,    8.61,    6.11,    4.78,    5.41,    4.86,    4.23
198506,    1.77,    1.48,    1.98,    1.50,    1.04,    2.50,    1.80,    1.19,    2.24,    0.46,    1.88,    2.92,    2.06,    1.35,    2.12,    2.29,    0.48,    2.02,    2.61
198507,   -0.82,    0.61,   -0.43,   -1.19,    0.74,    0.39,   -0.17,   -1.27,   -1.30,    1.04,    0.37,    0.20,    0.61,   -0.01,   -0.35,   -1.48,   -0.95,   -2.40,    0.49
198508,   -2.26,   -1.63,   -0.06,    0.78,   -1.89,   -0.23,   -0.07,    0.25,    0.61,   -1.95,   -1.83,   -0.75,    0.39,    0.01,   -0.17,   -0.34,    1.14,    0.66,    0.53
198509,   -6.13,   -4.34,   -2.93,   -4.38,   -4.57,   -2.63,   -3.52,   -3.77,   -4.20,   -4.46,   -4.70,   -3.60,   -1.48,   -3.76,   -3.26,   -3.12,   -4.74,   -4.32,   -4.02
198510,    3.94,    3.96,    5.07,    5.30,    3.92,    4.29,    4.57,    5.44,    5.72,    3.68,    4.21,    4.07,    4.55,    4.62,    4.51,    6.11,    4.41,    6.22,    4.94
198511,    0.43,    8.87,    6.67,    4.86,    9.36,    7.59,    7.65,    4.54,    4.96,    9.13,    9.65,    7.27,    7.96,    7.95,    7.33,    4.47,    4.64,    5.93,    3.44
198512,    4.72,    5.59,    3.66,    4.33,    6.00,    3.98,    4.24,    3.33,    4.47,    5.96,    6.05,    4.25,    3.64,    5.31,    3.09,    2.87,    4.04,    5.48,    2.82
198601,    4.06,    1.01,    0.65,    1.63,    0.82,    1.44,    1.73,   -0.31,    1.90,    0.21,    1.56,    1.63,    1.21,    0.39,    3.20,   -1.21,    1.08,    1.90,    1.90
198602,    5.66,    7.86,    8.17,    6.90,    7.47,    9.52,    8.11,    6.85,    7.06,    6.30,    8.87,    9.15,   10.00,    7.27,    9.01,    7.05,    6.56,    6.85,    7.42
198603,    6.69,    6.02,    5.63,    4.53,    5.73,    6.69,    5.43,    4.74,    4.93,    5.45,    6.05,    6.99,    6.33,    5.20,    5.68,    5.44,    3.68,    6.02,    3.14
198604,    4.06,    0.85,   -1.34,   -2.84,    0.97,   -0.13,   -1.38,   -2.19,   -2.73,    2.35,   -0.65,    0.44,   -0.87,   -0.47,   -2.33,   -1.61,   -3.09,   -2.63,   -2.90
198605,    8.34,    5.10,    5.49,    4.87,    5.23,    5.21,    4.33,    5.96,    5.02,    4.80,    5.75,    4.67,    5.93,    4.25,    4.42,    6.87,    4.52,    6.00,    3.38
198606,   -1.18,    1.66,    1.11,    2.45,    1.92,    1.30,    1.07,    1.18,    2.59,    1.72,    2.17,    0.77,    2.00,    1.02,    1.12,    0.60,    2.12,    4.67,   -1.01
198607,  -11.43,   -7.67,   -5.65,   -2.95,   -7.93,   -6.71,   -6.01,   -3.35,   -3.45,   -8.01,   -7.85,   -6.88,   -6.46,   -5.96,   -6.07,   -4.47,   -2.03,   -1.92,   -5.86
198608,    4.99,    4.29,    7.99,    8.96,    4.05,    5.85,    6.03,    9.67,    9.90,    2.73,    5.15,    5.02,    7.09,    5.02,    7.36,   11.76,    7.28,    9.28,   10.91
198609,   -8.35,   -9.90,   -7.00,   -6.92,   -9.88,   -9.20,   -6.97,   -7.21,   -6.16,  -11.29,   -8.73,   -9.94,   -8.10,   -7.74,   -5.96,   -6.29,   -8.30,   -8.58,   -2.25
198610,    4.52,    5.49,    4.99,    5.10,    5.07,    6.20,    5.42,    4.49,    5.14,    7.39,    3.22,    6.77,    5.38,    6.16,    4.48,    4.08,    5.01,    5.86,    4.05
198611,   -0.78,    1.81,    1.68,    1.44,    1.93,    1.43,    1.84,    1.57,    1.43,    1.01,    2.69,    1.48,    1.36,    2.53,    0.94,    1.67,    1.45,    1.75,    0.94
198612,   -4.45,   -2.54,   -3.07,   -2.81,   -2.41,   -2.57,   -3.87,   -2.72,   -2.77,   -2.12,   -2.64,   -2.92,   -2.05,   -4.02,   -3.67,   -2.58,   -2.89,   -3.68,   -1.36
198701,   17.53,   13.85,   12.98,   10.87,   13.58,   14.84,   11.02,   12.14,   11.66,   13.75,   13.44,   14.65,   15.11,   10.89,   11.18,   14.38,    9.37,   12.45,   10.47
198702,    6.15,    7.68,    3.88,    0.46,    8.30,    6.54,    4.19,    0.88,    0.24,    9.18,    7.57,    5.81,    7.59,    2.18,    6.83,    0.88,    0.87,    0.38,    0.03
198703,    4.21,    1.59,    2.28,    2.69,    1.41,    2.09,    1.03,    2.78,    3.68,    0.94,    1.81,    2.16,    1.99,    1.29,    0.70,    4.33,    0.77,    1.71,    6.72
198704,   -2.41,   -1.83,   -1.20,   -1.70,   -1.78,   -1.58,   -2.47,   -1.09,   -0.96,   -3.40,   -0.43,   -1.99,   -0.98,   -2.85,   -1.99,    0.44,   -3.18,   -0.40,   -1.80
198705,    2.04,    1.14,   -0.15,    0.71,    1.56,   -0.27,   -0.32,    0.50,    0.65,    1.30,    1.77,   -0.18,   -0.39,    0.36,   -1.18,    0.26,    0.84,   -0.03,    1.68
198706,    2.64,    4.29,    5.10,    4.56,    4.19,    4.40,    5.47,    4.84,    4.74,    4.49,    3.94,    4.62,    4.09,    6.51,    4.15,    5.32,    4.18,    4.43,    5.19
198707,    9.99,    5.07,    3.50,    3.96,    5.05,    3.49,    5.34,    2.98,    3.94,    4.87,    5.24,    5.14,    1.93,    6.97,    3.66,    2.37,    4.00,    3.14,    5.23
198708,   -0.37,    4.51,    4.35,    2.73,    4.54,    4.78,    3.66,    4.30,    2.24,    3.66,    5.51,    4.41,    5.14,    4.26,    3.03,    4.60,    3.79,    3.18,    0.78
198709,   -0.47,   -2.04,   -2.18,   -2.42,   -2.28,   -3.26,   -0.84,   -1.97,   -2.08,   -3.87,   -0.56,   -1.29,   -5.18,   -0.63,   -1.06,   -1.26,   -3.15,   -2.31,   -1.71
198710,  -35.17,  -24.23,  -21.30,  -20.30,  -23.73,  -24.63,  -23.35,  -17.12,  -21.02,  -22.85,  -24.65,  -25.73,  -23.52,  -23.86,  -22.80,  -16.17,  -18.74,  -19.35,  -23.66
198711,   -7.75,   -8.53,   -7.40,   -5.50,   -8.91,   -7.42,   -6.92,   -6.69,   -6.01,   -9.46,   -8.32,   -7.33,   -7.51,   -8.63,   -5.08,   -7.98,   -4.41,   -8.10,   -2.53
198712,    7.47,    9.14,    6.52,    4.90,    9.12,    8.17,    7.92,    3.67,    5.80,    8.69,    9.57,    9.23,    7.13,    8.22,    7.60,    4.07,    2.98,    5.99,    5.49
198801,   -1.05,    2.04,    5.44,    7.73,    2.01,    2.46,    4.95,    8.15,    7.83,    1.91,    2.11,    2.15,    2.77,    6.55,    3.30,    8.51,    7.52,    9.60,    5.01
198802,   13.66,    5.76,    5.05,    3.96,    5.58,    6.65,    5.57,    3.01,    4.17,    5.37,    5.79,    6.32,    6.98,    6.01,    5.10,    2.73,    3.49,    2.86,    6.33
198803,    5.79,   -2.40,   -2.40,   -0.62,   -3.01,   -2.15,   -1.85,   -2.58,    0.72,   -2.18,   -3.88,   -0.57,   -3.73,   -2.59,   -1.05,   -2.02,   -3.56,    0.64,    0.84
198804,    4.36,   -0.44,    2.05,    1.55,   -0.50,    1.10,    1.50,    1.80,    1.95,   -1.14,    0.19,   -0.26,    2.50,    0.60,    2.45,    2.46,    0.61,    2.48,    1.08
198805,   -5.18,   -0.33,    0.32,    1.81,   -0.44,   -0.20,   -0.55,    2.18,    1.62,   -0.44,   -0.45,    0.00,   -0.41,    0.00,   -1.11,    2.15,    2.24,    1.55,    1.74
198806,    6.59,    5.25,    5.78,    4.17,    5.03,    7.10,    6.01,    3.60,    4.21,    4.79,    5.29,    5.88,    8.34,    6.14,    5.87,    3.34,    4.06,    2.79,    6.55
198807,    2.65,   -1.69,   -0.27,    0.23,   -1.61,   -1.46,   -0.04,    0.10,    0.51,   -1.36,   -1.87,   -2.01,   -1.05,    0.12,   -0.24,    0.28,   -0.11,    0.65,    0.31
198808,   -6.58,   -3.08,   -2.95,   -1.42,   -3.13,   -4.48,   -2.15,   -0.97,   -1.91,   -2.76,   -3.51,   -2.91,   -5.60,   -2.41,   -1.86,   -1.11,   -0.81,   -1.79,   -2.06
198809,    0.09,    4.83,    3.47,    3.49,    5.20,    4.28,    2.50,    3.40,    3.84,    4.98,    5.42,    3.42,    4.92,    1.12,    4.10,    3.72,    3.05,    3.74,    3.98
198810,   -3.47,    1.17,    2.37,    2.64,    0.88,    3.74,    1.26,    1.83,    3.08,   -0.15,    1.96,    2.30,    4.79,    0.83,    1.74,    1.57,    2.10,    2.07,    4.44
198811,   -4.82,   -2.15,   -1.66,   -0.66,   -2.07,   -1.60,   -2.38,   -0.91,   -0.56,   -2.16,   -1.97,   -2.46,   -0.98,   -1.93,   -2.88,   -1.02,   -0.79,   -1.01,    0.02
198812,    2.49,    2.99,    1.77,    0.88,    2.86,    2.58,    2.01,    1.21,    0.49,    3.06,    2.64,    3.51,    1.92,    2.46,    1.51,    1.06,    1.37,    1.03,   -0.22
198901,   13.79,    6.68,    6.35,    6.84,    6.93,    6.36,    6.16,    5.93,    7.72,    6.48,    7.40,    5.70,    6.84,    6.53,    5.73,    6.10,    5.76,    7.56,    7.92
198902,    3.51,   -2.18,   -1.64,   -0.97,   -2.32,   -1.73,   -1.79,   -0.95,   -1.09,   -1.49,   -3.19,   -1.61,   -1.81,   -2.52,   -0.96,   -1.06,   -0.83,   -1.16,   -1.00
198903,   -0.49,    2.49,    1.84,    2.71,    2.35,    0.99,    3.55,    2.39,    1.96,    2.80,    1.87,    3.04,   -0.41,    3.57,    3.54,    1.21,    3.62,    1.83,    2.14
198904,    4.61,    5.93,    4.70,    4.03,    5.98,    5.00,    4.75,    4.43,    4.06,    5.96,    6.00,    5.75,    4.47,    3.01,    6.76,    4.87,    3.98,    4.38,    3.65
198905,    4.01,    4.83,    3.46,    3.92,    4.74,    3.06,    4.18,    4.23,    3.89,    4.97,    4.49,    5.18,    1.55,    4.23,    4.11,    4.51,    3.95,    4.13,    3.58
198906,    2.09,   -1.22,   -0.46,    0.39,   -1.20,   -0.70,   -1.04,   -0.06,    1.27,   -1.96,   -0.39,   -1.31,   -0.21,   -0.58,   -1.55,    0.54,   -0.69,   -0.14,    3.12
198907,    8.44,   10.07,    6.76,    5.86,    9.98,    8.70,    6.09,    7.01,    5.92,   10.31,    9.48,   10.27,    6.69,    5.52,    6.75,    8.33,    5.78,    6.10,    5.61
198908,    3.65,    1.28,    2.91,    2.48,    0.93,    2.54,    3.20,    2.18,    2.50,    0.38,    1.77,    2.01,    3.24,    3.07,    3.34,    1.90,    2.46,    2.82,    1.96
198909,   -3.64,    0.58,   -0.86,    0.04,    1.03,   -1.19,   -0.55,    0.41,   -0.39,    2.17,   -0.66,   -0.35,   -2.29,   -0.01,   -1.16,    0.21,    0.60,   -0.16,   -0.77
198910,   -8.60,   -1.71,   -4.10,   -2.71,   -1.02,   -3.97,   -3.86,   -3.48,   -2.12,   -0.85,   -1.27,   -3.19,   -5.03,   -3.44,   -4.34,   -3.50,   -3.46,   -1.25,   -3.58
198911,    4.03,    2.17,    1.64,    0.79,    1.81,    2.23,    1.95,    1.10,    0.78,    2.28,    1.09,    2.95,    1.25,    2.52,    1.29,    1.41,    0.81,    1.17,    0.10
198912,   -0.60,    1.53,    2.17,    2.19,    0.93,    1.02,    3.33,    3.78,    1.01,    0.85,    1.04,    2.81,   -1.46,    3.49,    3.15,    3.87,    3.69,    0.62,    1.70
199001,  -10.31,   -7.71,   -6.43,   -7.34,   -7.78,   -6.14,   -7.39,   -7.44,   -6.92,   -7.80,   -7.76,   -7.55,   -4.10,   -6.66,   -8.22,   -6.98,   -7.87,   -6.40,   -7.82
199002,    3.22,    0.65,    2.21,    2.58,    0.66,    1.96,    2.23,    1.59,    2.39,    0.39,    1.06,    0.63,    3.86,    2.29,    2.16,    0.30,    2.83,    3.10,    1.12
199003,    1.14,    4.14,    1.75,    0.58,    3.98,    3.82,    1.12,    0.97,    0.82,    4.36,    3.43,    4.45,    2.96,    0.57,    1.77,    1.70,    0.27,    1.65,   -0.68
199004,   -5.91,   -1.14,   -3.39,   -4.48,   -0.62,   -1.89,   -3.93,   -4.37,   -4.63,   -0.19,   -1.26,   -2.19,   -1.46,   -3.09,   -4.91,   -4.47,   -4.27,   -3.96,   -5.89
199005,    7.81,   10.63,    8.55,    7.05,   11.25,   10.32,    7.92,    6.37,    7.40,   13.05,    8.54,    9.35,   11.67,    8.09,    7.70,    6.13,    6.60,    8.59,    5.13
199006,   -1.71,    1.27,   -2.12,   -1.41,    2.66,   -1.72,   -1.96,   -2.85,   -0.29,    2.70,    2.61,   -1.65,   -1.82,   -1.48,   -2.52,   -2.86,   -2.83,   -0.56,    0.23
199007,   -3.13,   -1.60,   -0.42,   -2.12,   -1.50,   -1.57,    0.63,   -2.16,   -2.74,   -1.29,   -1.84,   -1.85,   -1.20,    1.94,   -1.04,   -2.96,   -1.17,   -2.28,   -3.53
199008,  -14.99,  -10.11,   -8.36,  -10.17,   -9.46,  -10.66,   -7.70,   -9.56,  -10.66,   -8.84,  -10.44,  -11.87,   -9.09,   -7.65,   -7.75,   -9.65,   -9.45,  -10.00,  -11.79
199009,   -9.56,   -6.12,   -4.20,   -6.68,   -5.79,   -5.74,   -3.12,   -6.82,   -7.76,   -6.41,   -4.79,   -7.01,   -4.12,   -3.15,   -3.08,   -8.29,   -5.07,   -6.65,   -9.73
199010,   -9.74,   -0.10,   -2.29,   -0.30,    0.51,   -2.30,   -1.99,   -0.78,   -1.35,    0.44,    0.62,   -1.80,   -2.91,   -0.59,   -3.85,   -2.50,    1.20,   -0.44,   -3.00
199011,    7.27,    7.47,    6.87,    5.12,    7.07,    7.75,    6.58,    7.04,    4.76,    8.05,    5.52,    8.62,    6.66,    6.18,    7.12,    8.31,    5.63,    5.47,    3.42
199012,    6.85,    3.79,    2.63,    2.04,    3.58,    3.79,    2.18,    3.15,    1.71,    3.64,    3.50,    4.36,    3.05,    2.45,    1.81,    3.70,    2.51,    2.57,    0.07
199101,    7.03,    6.45,    3.72,    5.03,    5.98,    5.84,    3.10,    5.95,    4.96,    5.96,    6.01,    7.78,    3.32,    1.23,    5.65,    6.65,    5.14,    4.00,    6.84
199102,   12.17,    8.18,    6.72,    7.73,    8.55,    7.63,    6.01,    7.01,    8.31,    8.43,    8.76,    7.15,    8.28,    5.94,    6.10,    7.07,    6.95,    7.77,    9.33
199103,    3.89,    4.38,    1.57,    3.22,    4.99,    2.49,    1.10,    2.99,    2.73,    5.42,    4.30,    2.64,    2.29,    2.61,   -0.88,    2.21,    3.90,    3.36,    1.54
199104,   -0.69,   -0.36,    0.96,    0.55,   -0.31,    0.10,    0.64,    1.72,    0.08,    0.03,   -0.87,   -0.52,    0.89,    1.25,   -0.19,    2.18,    1.20,    0.41,   -0.55
199105,    4.14,    4.72,    3.13,    4.89,    4.29,    4.93,    2.57,    4.30,    5.46,    4.62,    3.75,    5.98,    3.59,    2.08,    3.23,    4.48,    4.10,    3.61,    9.00
199106,   -3.58,   -4.96,   -4.18,   -3.83,   -4.60,   -5.33,   -3.91,   -4.17,   -4.08,   -4.31,   -5.10,   -6.01,   -4.42,   -3.23,   -4.84,   -4.76,   -3.48,   -3.66,   -4.86
199107,    5.37,    5.32,    3.99,    3.91,    6.08,    3.38,    4.22,    4.30,    3.72,    7.41,    3.00,    3.11,    3.60,    4.45,    3.91,    4.52,    4.08,    4.13,    3.06
199108,    3.19,    3.44,    1.88,    2.40,    4.05,    1.13,    2.83,    2.09,    3.14,    4.40,    3.20,    1.62,    0.76,    2.12,    3.77,    2.51,    1.68,    4.37,    1.14
199109,    1.35,   -1.93,    0.07,   -1.83,   -1.71,   -1.02,   -0.75,    0.43,   -2.72,   -1.73,   -1.67,   -2.61,    0.24,   -1.70,    0.46,    1.83,   -0.97,   -2.36,   -3.32
199110,   -0.46,    1.61,    1.77,    1.81,    1.81,    0.97,    1.87,    2.85,    1.78,    2.33,    0.52,    1.00,    0.94,    1.57,    2.24,    3.84,    1.83,    2.35,    0.82
199111,   -5.48,   -2.70,   -4.53,   -5.52,   -1.49,   -5.47,   -4.92,   -3.78,   -6.61,   -0.14,   -4.92,   -6.48,   -4.69,   -5.48,   -4.22,   -3.11,   -4.49,   -6.24,   -7.24
199112,   12.55,   14.18,    7.72,    8.68,   14.75,    9.20,    8.50,    7.48,   10.65,   15.76,   12.05,   12.31,    6.84,    8.80,    8.12,    8.07,    6.86,   11.10,    9.85
199201,    4.31,   -1.64,   -0.58,    5.25,   -2.01,   -0.95,   -0.33,    1.54,    8.34,   -3.03,    0.83,   -0.41,   -1.38,   -0.52,   -0.09,    0.86,    2.26,    5.70,   13.01
199202,    4.57,    0.36,    1.04,    6.97,    0.12,    0.19,    2.36,    3.66,    8.30,   -0.34,    1.36,    1.17,   -0.59,    2.48,    2.21,    1.87,    5.58,    6.04,   12.00
199203,   -5.32,   -3.03,   -1.27,   -1.08,   -3.56,   -1.69,   -0.78,   -1.04,   -0.67,   -3.45,   -3.87,   -1.27,   -2.03,    0.24,   -2.05,   -0.58,   -1.51,   -1.47,    0.58
199204,   -1.47,   -0.26,    4.18,    3.10,   -0.98,    4.02,    3.45,    2.25,    4.04,   -1.60,    0.66,    2.05,    5.65,    3.69,    3.14,    2.40,    2.10,    2.21,    6.77
199205,   -1.97,    0.81,    0.51,    0.49,    0.96,    0.43,    0.49,    0.29,    0.97,    1.12,    0.56,    0.34,    0.50,   -0.68,    1.98,    0.59,   -0.01,    1.11,    0.78
199206,   -6.27,   -2.70,   -1.31,    0.02,   -3.14,   -0.89,   -2.30,   -0.20,   -0.20,   -3.40,   -2.47,   -1.30,   -0.57,   -2.70,   -1.81,   -0.64,    0.26,   -1.66,    1.78
199207,    1.93,    4.18,    4.44,    2.46,    4.77,    3.67,    3.92,    4.61,    1.15,    4.91,    4.39,    2.31,    5.51,    4.65,    3.10,    4.99,    4.18,    3.20,   -1.06
199208,   -5.88,   -1.39,   -2.10,   -4.48,   -1.07,   -2.93,   -1.41,   -2.49,   -6.22,   -1.09,   -1.03,   -2.43,   -3.58,   -1.08,   -1.79,   -2.67,   -2.28,   -3.64,   -9.11
199209,    6.23,    1.67,    1.07,    1.18,    0.96,    3.19,    0.91,    1.15,    0.59,    0.26,    2.84,    4.06,    2.04,    0.82,    1.01,    0.49,    1.90,    1.75,   -0.80
199210,    4.12,    2.58,   -0.60,    1.16,    2.68,    1.70,   -1.62,    0.88,    1.54,    2.34,    3.56,    2.24,    0.97,   -0.79,   -2.58,    1.05,    0.70,    1.86,    1.15
199211,    8.19,    4.98,    2.94,    4.95,    4.73,    5.36,    2.02,    3.33,    6.76,    4.25,    5.97,    5.79,    4.77,    2.51,    1.44,    3.83,    2.76,    5.23,    8.64
199212,    1.20,    0.86,    2.23,    3.77,   -0.07,    3.42,    1.65,    3.52,    3.88,   -0.63,    1.35,    3.87,    2.81,    3.22,   -0.20,    3.43,    3.63,    3.64,    4.16
199301,    3.88,   -0.90,    1.77,    5.63,   -1.82,    1.63,    1.55,    3.33,    7.35,   -2.70,    0.36,    1.95,    1.19,    0.97,    2.25,    3.20,    3.47,    5.46,    9.58
199302,   -2.23,   -2.70,    3.58,    2.71,   -3.92,    1.41,    4.05,    3.75,    2.01,   -4.37,   -2.84,    0.95,    2.07,    3.48,    4.75,    3.85,    3.62,    3.03,    0.85
199303,    6.54,    1.80,    3.11,    2.93,    1.20,    3.68,    3.09,    2.16,    3.59,    0.85,    2.01,    3.51,    3.91,    3.18,    2.98,    2.23,    2.08,    2.33,    5.05
199304,   -0.12,   -4.92,   -0.94,   -1.32,   -5.67,   -2.29,   -0.73,   -1.63,   -0.45,   -5.96,   -4.98,   -2.84,   -1.53,   -0.38,   -1.14,   -0.91,   -2.46,   -1.79,    1.04
199305,    5.71,    4.24,    2.45,    1.13,    4.11,    4.50,    1.94,    1.38,    1.36,    4.44,    3.36,    4.59,    4.37,    1.91,    1.98,    1.87,    0.82,    1.86,    0.81
199306,   -0.36,   -0.89,    1.06,    3.10,   -1.84,    0.90,    1.16,    2.22,    3.71,   -2.05,   -1.35,    1.67,   -0.15,    0.79,    1.61,    2.16,    2.30,    3.29,    4.16
199307,    4.94,   -1.85,    1.26,    1.38,   -2.82,    0.06,    1.79,    1.77,    0.72,   -3.33,   -2.01,    0.38,   -0.56,    2.21,    1.11,    1.55,    2.12,    0.15,    1.81
199308,   10.44,    3.54,    4.13,    4.00,    3.91,    3.21,    4.15,    4.09,    3.91,    3.43,    4.67,    2.73,    4.15,    3.96,    4.45,    4.07,    4.11,    4.79,    2.24
199309,    1.43,   -0.51,    0.73,   -0.08,   -0.37,   -0.70,    0.54,    1.09,    0.14,   -0.24,   -0.57,   -0.81,   -0.47,   -0.22,    1.77,    2.02,   -0.32,   -0.33,    1.05
199310,    9.24,    3.33,    0.13,   -0.29,    4.36,    1.21,   -0.32,   -0.30,    0.09,    4.12,    4.73,    0.99,    1.62,    0.02,   -0.84,   -0.04,   -0.71,   -0.40,    1.01
199311,   -7.55,   -0.22,   -2.66,   -2.18,    0.61,   -2.09,   -2.25,   -3.64,   -1.41,    0.99,    0.02,   -2.14,   -1.98,   -2.28,   -2.21,   -4.02,   -3.05,   -0.56,   -2.99
199312,    3.23,    1.57,    2.13,    2.27,    1.10,    3.13,    1.83,    1.77,    2.13,    0.59,    1.90,    2.68,    4.01,    1.76,    1.93,    1.34,    2.44,    2.09,    2.20
199401,   -0.02,    2.38,    4.38,    2.29,    1.78,    4.27,    4.05,    3.06,    3.53,    1.04,    2.92,    3.79,    5.18,    4.51,    3.33,    4.45,    0.91,    2.75,    4.97
199402,   -2.58,   -1.69,   -2.58,   -3.93,   -1.67,   -1.27,   -2.57,   -4.30,   -3.62,   -1.68,   -1.65,   -1.74,   -0.39,   -2.54,   -2.62,   -4.31,   -4.28,   -4.29,   -2.32
199403,   -6.81,   -4.85,   -4.07,   -3.53,   -5.22,   -4.26,   -3.76,   -3.93,   -3.51,   -5.29,   -5.11,   -4.00,   -4.75,   -3.50,   -4.17,   -4.17,   -3.56,   -2.24,   -5.93
199404,   -3.14,    0.45,    1.64,    1.57,    0.61,    0.47,    1.79,    1.54,    1.81,    0.54,    0.70,    0.09,    1.17,    1.49,    2.28,    1.69,    1.31,    1.59,    2.25
199405,    0.70,    1.05,    1.29,   -0.05,    0.44,    1.60,    2.08,   -0.24,    1.33,    0.54,    0.28,    2.47,   -0.01,    2.66,    1.16,    0.62,   -1.61,    1.88,    0.27
199406,   -0.58,   -3.27,   -1.95,   -2.45,   -3.45,   -2.65,   -2.15,   -1.50,   -2.95,   -3.78,   -2.94,   -2.87,   -2.22,   -2.55,   -1.53,   -1.28,   -1.87,   -3.60,   -1.66
199407,    2.34,    2.79,    3.57,    3.18,    2.92,    2.88,    3.61,    3.87,    2.22,    2.33,    3.73,    2.36,    3.48,    2.25,    4.81,    3.58,    4.12,    2.60,    1.59
199408,    4.71,    5.39,    3.17,    3.76,    5.92,    3.88,    2.45,    3.57,    3.88,    6.18,    5.58,    3.64,    4.15,    2.00,    2.83,    3.49,    3.64,    4.42,    2.98
199409,    1.93,   -1.24,   -2.67,   -3.43,   -0.95,   -2.80,   -2.23,   -3.12,   -3.22,   -0.26,   -1.86,   -2.21,   -3.45,   -3.15,   -1.46,   -2.53,   -3.63,   -4.02,   -1.87
199410,   -0.42,    1.88,    2.38,    0.18,    2.15,    1.88,    2.44,    0.85,   -0.11,    2.34,    1.90,    0.94,    2.95,    0.40,    4.10,    1.30,    0.47,    0.14,   -0.52
199411,   -6.05,   -3.27,   -3.42,   -4.66,   -2.60,   -4.80,   -3.12,   -4.49,   -3.85,   -2.49,   -2.75,   -5.59,   -3.92,   -4.27,   -2.22,   -3.41,   -5.43,   -3.72,   -4.06
199412,    1.89,    1.48,    1.29,    0.80,    1.56,    1.21,    1.07,    1.27,    0.94,    0.83,    2.56,    1.17,    1.25,    1.44,    0.79,    1.94,    0.67,    1.04,    0.78
199501,   -0.63,    1.89,    2.13,    4.15,    2.00,    1.26,    2.68,    3.44,    4.05,    1.43,    2.78,    1.47,    1.02,    2.54,    2.78,    2.54,    4.25,    5.03,    2.41
199502,    5.33,    3.88,    3.80,    5.07,    3.73,    4.72,    3.30,    3.72,    5.91,    3.47,    4.07,    4.46,    5.01,    4.10,    2.69,    3.12,    4.25,    6.39,    5.08
199503,    0.05,    3.00,    2.99,    0.61,    2.85,    3.57,    3.19,    0.75,    1.07,    3.04,    2.59,    3.54,    3.60,    2.56,    3.69,    1.41,    0.17,    0.75,    1.63
199504,    1.31,    2.26,    2.88,    3.43,    2.19,    2.95,    2.86,    2.21,    4.52,    1.74,    2.79,    2.52,    3.41,    1.38,    3.95,    2.05,    2.34,    3.93,    5.55
199505,    1.05,    3.07,    3.66,    5.06,    3.41,    2.43,    3.70,    5.00,    4.78,    3.35,    3.49,    1.83,    3.05,    3.61,    3.76,    4.62,    5.35,    4.87,    4.64
199506,    4.35,    3.77,    2.16,    2.30,    4.18,    2.92,    1.11,    2.16,    2.73,    4.61,    3.62,    2.25,    3.61,    0.58,    1.50,    2.49,    1.87,    2.97,    2.30
199507,    9.29,    4.10,    3.95,    4.03,    4.09,    4.29,    4.10,    3.45,    3.91,    4.16,    3.99,    4.12,    4.53,    4.27,    3.78,    2.70,    4.16,    3.78,    4.15
199508,    2.42,    0.24,    1.15,    3.73,    0.20,    0.75,    0.71,    2.85,    4.14,    0.55,   -0.28,    0.36,    1.32,    0.18,    1.69,    2.43,    3.25,    4.06,    4.30
199509,    1.77,    4.37,    2.93,    4.34,    4.97,    2.29,    2.98,    3.63,    4.66,    5.36,    4.40,    2.12,    2.54,    2.36,    4.11,    3.27,    3.96,    4.93,    4.17
199510,   -5.78,   -0.10,   -1.65,   -2.67,   -0.42,   -0.89,   -0.31,   -2.83,   -3.01,    0.42,   -1.62,    1.15,   -3.80,    0.23,   -1.29,   -3.43,   -2.29,   -3.20,   -2.65
199511,    3.23,    4.14,    4.47,    5.02,    4.84,    2.72,    4.54,    4.74,    4.74,    4.71,    5.01,    1.47,    4.58,    4.04,    5.48,    4.07,    5.35,    4.84,    4.56
199512,    0.45,    0.99,    2.44,    1.48,    0.98,    1.07,    3.39,    1.20,    1.45,    0.24,    2.04,    1.07,    1.07,    3.59,    3.03,    0.84,    1.53,    1.20,    1.92
199601,   -0.32,    2.87,    2.67,    2.73,    3.25,    2.13,    2.75,    2.24,    2.63,    3.01,    3.59,    1.29,    3.30,    2.78,    2.71,    1.55,    2.86,    2.69,    2.50
199602,    2.34,    1.87,    1.49,    1.85,    1.50,    2.87,    1.50,    1.15,    2.13,    1.25,    1.85,    3.45,    2.06,    1.46,    1.58,    0.70,    1.54,    2.67,    1.15
199603,    1.65,    0.52,    2.04,    1.31,    0.35,    1.97,    1.40,    1.78,    1.85,    0.19,    0.59,    1.18,    3.06,    0.64,    2.82,    3.04,    0.72,    2.34,    0.93
199604,    2.64,    2.91,    2.12,   -0.26,    2.49,    3.89,    1.86,    0.38,    0.39,    2.54,    2.42,    4.59,    2.94,    2.24,    1.17,    1.96,   -0.98,   -0.06,    1.24
199605,    0.37,    3.61,    1.19,    3.00,    3.87,    1.68,    1.10,    2.77,    2.99,    4.27,    3.32,    2.54,    0.45,    0.81,    1.66,    2.49,    3.01,    2.76,    3.45
199606,   -0.87,   -0.38,   -0.88,    0.06,   -0.15,   -1.44,   -0.36,   -0.65,   -0.22,    0.06,   -0.44,   -1.32,   -1.62,   -0.57,    0.05,   -1.80,    0.37,   -0.43,    0.19
199607,   -9.68,   -6.31,   -4.19,   -4.08,   -6.22,   -5.40,   -4.00,   -3.89,   -5.06,   -6.53,   -5.77,   -6.75,   -4.17,   -3.24,   -4.93,   -4.75,   -3.08,   -4.93,   -5.31
199608,    4.72,    2.50,    4.03,    3.44,    2.23,    3.67,    4.59,    3.33,    3.68,    1.82,    2.79,    3.79,    3.56,    3.96,    5.38,    3.47,    3.20,    3.02,    4.91
199609,    3.02,    6.59,    3.94,    3.25,    7.04,    4.51,    3.28,    3.60,    3.82,    7.23,    6.78,    4.51,    4.51,    4.06,    2.31,    4.60,    2.69,    3.50,    4.41
199610,   -3.13,    0.28,    3.25,    3.45,    0.41,    0.66,    4.07,    4.15,    3.09,   -0.29,    1.40,   -0.31,    1.52,    3.12,    5.26,    4.52,    3.81,    3.88,    1.65
199611,    4.93,    6.77,    7.01,    6.83,    6.72,    6.62,    7.31,    7.63,    6.02,    6.83,    6.56,    7.02,    6.27,    7.98,    6.50,    7.62,    7.64,    5.51,    6.96
199612,    3.18,   -1.53,   -1.04,   -0.05,   -1.81,   -0.16,   -1.44,   -1.15,    0.51,   -1.55,   -2.16,   -0.22,   -0.11,   -1.57,   -1.28,   -1.75,   -0.58,    0.62,    0.30
199701,    1.01,    6.27,    4.57,    4.39,    6.76,    4.70,    4.37,    4.15,    4.08,    7.09,    6.31,    3.93,    5.37,    5.10,    3.47,    3.55,    4.70,    3.36,    5.40
199702,   -0.41,   -0.41,   -0.10,    3.13,   -0.23,   -1.31,   -0.10,    2.51,    3.54,   -0.39,   -0.01,   -1.29,   -1.32,   -0.95,    0.99,    2.27,    2.73,    3.49,    3.63
199703,   -4.49,   -5.56,   -2.62,   -4.47,   -5.90,   -1.77,   -3.72,   -4.90,   -3.92,   -7.32,   -3.89,   -3.89,    0.05,   -3.38,   -4.14,   -4.80,   -5.00,   -3.98,   -3.82
199704,    1.59,    5.92,    3.55,    2.86,    6.69,    2.27,    4.76,    3.92,    0.78,    7.56,    5.50,    2.21,    2.31,    5.66,    3.62,    2.85,    4.90,    1.16,    0.09
199705,   10.31,    7.37,    6.36,    6.29,    7.02,    7.72,    6.45,    5.63,    7.09,    8.17,    5.43,    9.13,    6.56,    7.15,    5.53,    5.73,    5.54,    7.93,    5.50
199706,    2.29,    4.34,    4.12,    4.52,    4.46,    3.05,    5.17,    4.33,    4.98,    4.36,    4.59,    3.77,    2.45,    5.67,    4.51,    4.61,    4.08,    5.30,    4.37
199707,    5.15,    7.60,    8.19,    7.12,    7.29,    8.37,    9.34,    6.41,    6.76,    7.04,    7.72,    8.63,    8.07,    9.05,    9.70,    5.62,    7.58,    7.02,    6.35
199708,    0.10,   -4.88,   -2.88,   -0.84,   -5.67,   -2.24,   -2.99,   -2.42,   -1.33,   -5.84,   -5.38,   -2.29,   -2.19,   -2.93,   -3.05,   -3.95,   -0.22,   -1.56,   -0.98
199709,    5.34,    5.27,    6.23,    6.70,    5.18,    5.61,    6.58,    6.40,    6.92,    4.59,    6.16,    5.57,    5.66,    5.96,    7.35,    6.38,    6.42,    6.22,    7.99
199710,   -1.95,   -3.48,   -3.34,   -2.94,   -3.30,   -4.19,   -3.39,   -1.94,   -3.13,   -2.60,   -4.44,   -4.08,   -4.32,   -3.39,   -3.40,   -1.39,   -2.70,   -3.42,   -2.70
199711,    0.50,    4.51,    2.21,    2.82,    4.48,    2.99,    2.32,    3.65,    2.48,    4.10,    5.12,    4.58,    1.11,    2.40,    2.23,    3.94,    3.24,    3.14,    1.50
199712,    2.22,    1.14,    2.58,    3.69,    0.92,    1.55,    2.97,    4.59,    2.34,    0.42,    1.76,    1.83,    1.21,    2.72,    3.28,    4.04,    5.36,    2.82,    1.62
199801,    3.33,    2.27,   -1.85,   -0.62,    3.00,   -0.59,   -2.82,   -0.98,    0.27,    3.72,    1.79,   -0.03,   -1.27,   -2.94,   -2.68,   -0.48,   -1.68,   -0.48,    1.41
199802,    7.58,    7.11,    8.14,    6.87,    7.11,    7.34,    8.88,    6.95,    7.13,    7.95,    5.68,    7.10,    7.64,    8.84,    8.92,    7.25,    6.54,    6.47,    8.12
199803,    7.12,    4.82,    5.14,    6.51,    5.04,    3.97,    5.34,    6.79,    6.53,    4.25,    6.42,    4.10,    3.80,    5.63,    4.99,    7.01,    6.48,    5.51,    8.00
199804,   -0.45,    0.91,    1.76,    1.69,    0.96,    1.85,    0.97,    2.01,    0.46,    0.94,    1.00,    0.71,    3.25,    0.96,    0.97,    1.17,    3.20,    0.58,    0.30
199805,   -4.98,   -2.45,   -2.69,   -1.00,   -2.91,   -2.13,   -2.41,   -0.90,   -2.11,   -2.88,   -2.96,   -0.89,   -3.62,   -3.21,   -1.45,   -1.77,    0.34,   -3.29,   -0.46
199806,    2.55,    5.30,    1.49,    1.66,    6.37,    1.06,    1.59,    3.40,    0.36,    8.01,    3.59,    1.81,    0.13,    2.66,    0.33,    3.57,    3.18,   -0.43,    1.43
199807,   -1.90,   -1.15,   -2.69,   -5.39,   -0.45,   -3.25,   -3.14,   -4.32,   -4.46,   -1.44,    1.54,   -4.27,   -2.18,   -3.03,   -3.29,   -2.62,   -6.33,   -4.09,   -5.13
199808,  -19.88,  -14.14,  -18.78,  -13.58,  -14.00,  -17.60,  -17.88,  -15.28,  -14.70,  -13.80,  -14.39,  -14.79,  -20.51,  -17.72,  -18.12,  -17.59,  -12.43,  -13.80,  -16.34
199809,    8.58,    7.93,    3.86,    5.86,    8.50,    4.45,    4.13,    4.39,    6.73,    8.41,    8.66,    5.28,    3.53,    4.07,    4.23,    3.86,    5.00,    6.96,    6.28
199810,    6.33,    7.88,    7.24,    4.32,    7.71,    7.84,    7.37,    6.68,    2.95,    6.73,    9.62,    8.66,    6.92,    7.22,    7.61,    7.54,    5.69,    2.55,    3.71
199811,    2.53,    7.07,    5.58,    4.35,    7.47,    5.73,    5.01,    4.45,    5.18,    7.35,    7.70,    5.09,    6.49,    4.44,    5.83,    5.23,    3.53,    5.25,    5.05
199812,   13.43,    8.16,    2.60,    3.56,    8.98,    3.07,    3.06,    3.13,    3.79,    8.83,    9.26,    4.11,    1.85,    1.17,    5.93,    2.96,    3.33,    3.09,    5.08
199901,    7.85,    4.91,    1.32,   -0.90,    5.74,    0.85,    1.05,    0.28,    0.10,    5.68,    5.85,    0.62,    1.13,    1.18,    0.85,    2.29,   -1.91,   -0.55,    1.32
199902,   -3.02,   -4.67,   -1.58,   -2.63,   -4.95,   -2.02,   -1.79,   -2.45,   -3.32,   -4.72,   -5.37,   -3.18,   -0.60,   -1.55,   -2.11,   -2.91,   -1.93,   -2.80,   -4.28
199903,    3.59,    3.85,    3.88,    0.36,    4.28,    2.92,    3.43,    2.09,    0.29,    5.37,    2.24,    1.54,    4.57,    4.43,    2.05,    3.57,    0.43,   -0.93,    2.55
199904,    6.45,    2.50,    8.28,    7.47,    1.37,    9.38,    7.79,    7.63,    5.41,   -0.56,    5.13,    8.77,   10.09,    8.90,    6.24,    6.00,    9.53,    5.65,    4.98
199905,    2.01,   -2.42,   -0.96,    0.97,   -2.82,   -1.22,   -0.87,    0.33,    2.82,   -3.32,   -1.91,   -0.32,   -2.27,   -1.46,   -0.02,    1.34,   -0.81,    3.46,    1.66
199906,    1.27,    6.51,    3.10,    1.47,    6.97,    3.88,    3.20,    1.23,    2.68,    6.88,    7.15,    4.16,    3.53,    2.57,    4.09,    2.10,    0.26,    2.34,    3.31
199907,   -2.20,   -2.97,   -3.47,   -2.38,   -2.87,   -3.68,   -3.83,   -1.74,   -2.88,   -3.31,   -1.66,   -3.51,   -3.87,   -5.31,   -1.73,   -1.75,   -1.73,   -3.14,   -2.39
199908,   -3.84,   -0.03,   -3.30,   -3.18,    0.42,   -2.87,   -3.10,   -3.52,   -3.67,    1.83,   -3.40,   -2.57,   -3.20,   -3.20,   -2.96,   -3.95,   -2.53,   -3.29,   -4.41
199909,    0.28,   -1.80,   -5.13,   -3.54,   -1.74,   -3.14,   -5.02,   -6.27,   -3.52,   -1.64,   -2.03,   -2.16,   -4.21,   -3.99,   -6.44,   -7.47,   -3.56,   -4.64,   -1.33
199910,    4.25,    6.42,    6.50,    1.42,    6.15,    8.43,    5.12,    3.11,    1.47,    6.86,    4.12,    8.04,    8.87,    5.37,    4.77,    3.92,    1.35,    1.07,    2.23
199911,    8.51,    4.43,   -1.80,    2.83,    4.78,    0.81,   -2.00,   -1.60,    3.03,    4.69,    5.03,    2.39,   -0.95,   -2.09,   -1.87,   -3.50,    2.57,    2.76,    3.54
199912,   12.75,    8.47,    2.03,    5.17,    8.71,    5.33,    0.26,    3.87,    3.92,   10.06,    4.78,    7.00,    3.42,    0.53,   -0.10,    2.46,    6.77,    3.20,    5.34
200001,   -0.28,   -4.54,   -3.73,   -3.42,   -4.55,   -3.78,   -4.21,   -4.00,   -3.96,   -5.30,   -2.24,   -4.50,   -2.99,   -4.86,   -3.31,   -4.63,   -2.75,   -6.01,    0.05
200002,   18.84,    2.11,   -3.09,    3.97,    2.86,   -2.35,   -4.38,   -0.63,    2.77,    3.03,    2.35,   -2.88,   -1.77,   -4.24,   -4.57,   -3.80,    5.45,    1.99,    4.20
200003,   -0.27,    7.78,    8.82,    6.74,    7.28,    9.35,    9.57,    9.47,    7.36,    7.65,    6.15,   11.29,    7.28,    9.38,    9.84,   11.48,    6.00,    7.90,    6.39
200004,  -14.09,   -4.52,   -1.15,   -2.95,   -4.67,   -3.26,    0.00,   -0.16,   -3.27,   -5.39,   -2.47,   -3.54,   -2.94,   -1.20,    1.66,    1.14,   -2.56,   -0.97,   -7.50
200005,  -10.66,   -3.61,   -0.23,   -0.02,   -3.95,   -1.68,    2.39,   -1.08,    0.60,   -3.91,   -4.05,   -1.35,   -2.06,    2.85,    1.78,   -1.25,   -0.77,    1.01,   -0.22
200006,   16.31,    5.03,   -3.40,    1.78,    6.20,   -2.43,   -4.04,   -2.33,    1.39,    8.36,   -0.32,   -2.58,   -2.25,   -4.31,   -3.67,   -4.76,    2.25,    1.28,    1.62
200007,   -5.53,   -3.04,    2.91,    3.57,   -3.32,    0.08,    3.84,    3.81,    2.65,   -4.89,    0.90,   -0.40,    0.99,    3.53,    4.58,    3.36,    4.56,    4.17,   -0.21
200008,    9.50,    7.54,    7.39,    6.84,    7.68,    6.81,    7.59,    6.63,    6.23,    8.00,    6.85,    6.29,    7.76,    6.83,    9.37,    6.10,    7.48,    6.36,    5.99
200009,   -8.33,   -5.97,    0.85,    0.88,   -6.35,   -2.31,    0.66,    5.06,   -0.68,   -8.19,   -1.56,   -2.45,   -2.07,   -0.18,    2.60,    6.66,    2.52,    0.30,   -2.62
200010,  -13.95,   -2.11,   -0.47,    1.18,   -2.47,    1.76,   -2.18,   -0.03,    1.10,   -3.85,    0.87,    1.15,    2.87,   -3.27,    0.27,   -0.82,    1.27,    0.77,    1.77
200011,  -24.26,  -10.71,   -4.09,   -0.78,  -11.14,   -5.77,   -5.59,   -0.63,   -0.69,  -13.02,   -6.79,   -7.02,   -3.56,   -7.68,   -1.06,   -0.47,   -0.88,    1.00,   -4.11
200012,   -0.14,   -0.25,    8.71,    8.72,   -1.24,    8.83,    7.60,    9.70,    6.83,   -3.05,    2.66,    7.93,   10.36,    5.97,   10.95,    9.09,   10.65,    7.40,    5.62
200101,    9.98,    3.86,    2.64,    1.86,    3.90,    2.68,    5.33,   -2.13,    5.80,    4.85,    1.97,    3.55,    1.21,    9.41,   -2.34,   -2.22,   -1.98,    4.37,    8.87
200102,  -17.77,  -11.14,   -1.10,    0.67,  -12.20,   -2.52,   -1.85,    1.51,    1.04,  -14.81,   -6.80,   -2.94,   -1.82,   -3.11,    0.65,    2.26,    0.30,    1.10,    0.90
200103,   -9.99,   -8.06,   -1.64,   -1.36,   -8.77,   -2.57,   -0.99,   -2.32,   -1.37,  -10.71,   -5.12,   -2.97,   -1.91,   -0.98,   -1.02,   -2.91,   -1.34,   -0.97,   -2.32
200104,    6.30,    8.95,    5.20,    4.81,    9.43,    5.82,    4.75,    4.47,    5.98,   11.14,    6.40,    5.68,    6.04,    5.06,    4.18,    4.99,    3.63,    5.20,    7.88
200105,    1.54,    0.46,    2.47,    5.25,    0.29,    1.80,    2.77,    3.36,    5.48,   -0.53,    1.81,    1.65,    2.05,    2.45,    3.38,    2.37,    5.01,    5.72,    4.91
200106,    2.49,   -1.93,   -0.46,    0.35,   -1.73,   -2.42,    0.28,   -1.16,    1.20,   -1.57,   -2.02,   -3.32,   -0.99,   -0.09,    0.97,   -1.54,   -0.54,    1.40,    0.73
200107,   -3.31,   -1.94,   -1.57,   -0.52,   -2.06,   -0.93,   -1.71,   -2.85,    2.70,   -1.82,   -2.43,   -0.98,   -0.88,   -2.09,   -1.45,   -2.38,   -3.44,    3.70,   -0.65
200108,   -6.03,   -6.85,   -3.74,   -5.58,   -7.27,   -4.00,   -3.03,   -4.89,   -5.60,   -7.05,   -7.61,   -3.57,   -4.47,   -3.05,   -3.01,   -4.36,   -5.57,   -5.83,   -4.73
200109,  -11.41,   -8.40,  -10.15,  -10.10,   -8.00,  -11.62,   -8.53,  -12.31,   -7.25,   -7.38,   -8.96,  -11.44,  -11.82,   -8.50,   -8.54,  -11.73,  -13.17,   -4.84,  -16.35
200110,    4.38,    3.48,    1.27,   -2.12,    3.85,    1.26,   -0.13,    2.86,   -5.28,    4.14,    3.42,    0.50,    2.11,    0.41,   -0.51,    3.76,    1.50,   -7.57,    4.65
200111,    8.66,    7.93,    6.65,   11.14,    7.79,    8.25,    5.39,   10.19,   10.30,    8.47,    6.71,    9.06,    7.32,    5.88,    5.05,    8.98,   12.04,   10.36,   10.07
200112,    6.90,    0.93,    3.43,    3.79,    0.48,    3.43,    4.48,    3.22,    3.75,   -0.43,    1.93,    4.54,    2.11,    4.14,    4.73,    2.80,    3.84,    3.08,    6.33
200201,   -2.39,   -1.13,   -1.34,   -0.61,   -1.20,   -1.98,   -0.08,    0.20,   -3.14,   -1.49,   -0.74,   -0.63,   -3.60,    0.70,   -0.64,   -1.03,    2.00,   -3.74,   -0.90
200202,   -3.64,   -2.65,    0.05,   -3.60,   -2.92,    0.21,    0.63,   -2.61,   -5.59,   -2.69,   -3.27,   -0.53,    1.12,    0.32,    0.86,   -3.29,   -1.65,   -6.04,   -3.96
200203,    4.03,    3.74,    5.75,    6.60,    3.36,    6.39,    4.67,    7.92,    5.65,    2.44,    4.79,    6.60,    6.12,    6.03,    3.70,    8.23,    7.50,    4.43,   10.03
200204,   -1.24,   -6.97,   -0.29,   -3.12,   -7.63,   -1.97,    1.00,   -0.76,   -6.54,   -8.00,   -7.07,   -2.09,   -1.82,    1.19,    0.87,   -1.35,    0.05,   -9.37,    3.09
200205,   -2.19,   -1.51,   -0.07,   -2.45,   -1.62,   -0.22,   -0.56,   -0.26,   -3.80,   -2.20,   -0.74,   -0.76,    0.43,   -1.25,   -0.06,    0.48,   -1.29,   -4.57,   -1.47
200206,   -9.69,   -7.43,   -5.77,   -7.94,   -7.70,   -5.33,   -6.33,   -7.02,   -6.44,   -8.56,   -6.41,   -5.59,   -5.03,   -4.15,   -7.81,   -5.48,   -9.21,   -6.87,   -5.18
200207,   -6.89,   -6.85,   -9.44,  -13.99,   -6.09,  -10.32,   -8.62,  -11.44,  -15.55,   -4.88,   -8.08,  -10.35,  -10.27,   -6.56,  -12.03,  -10.25,  -12.70,  -15.24,  -16.41
200208,    2.73,   -0.10,    1.59,    4.42,   -0.16,    0.61,    1.57,    3.27,    4.25,    0.38,   -1.06,    0.15,    1.33,    1.95,    0.90,    2.09,    4.55,    4.39,    3.85
200209,   -4.84,  -10.60,   -9.80,   -8.66,  -10.65,  -10.44,   -9.47,   -8.70,   -9.59,   -9.54,  -12.55,  -10.37,  -10.54,   -7.91,  -12.26,   -9.43,   -7.92,   -8.35,  -13.21
200210,    7.41,    9.62,    4.35,    6.01,   10.07,    6.13,    4.54,    4.66,    7.17,   10.21,    9.81,    7.44,    4.08,    6.60,    0.65,    4.25,    5.10,    7.63,    5.75
200211,   11.60,    5.66,    6.24,    8.13,    5.56,    6.73,    5.48,    6.43,    9.68,    4.94,    6.66,    6.15,    7.68,    3.74,    8.95,    5.97,    6.89,    9.38,   10.63
200212,   -5.72,   -6.22,   -4.10,   -6.00,   -6.39,   -5.95,   -3.28,   -3.63,   -6.63,   -6.81,   -5.65,   -5.40,   -6.86,   -3.55,   -2.76,   -1.79,   -5.48,   -7.95,   -2.55
200301,    1.92,   -2.78,   -2.00,   -4.44,   -2.68,   -2.88,   -1.43,   -4.02,   -3.80,   -2.71,   -2.63,   -3.24,   -2.28,   -0.75,   -2.71,   -3.12,   -4.96,   -4.31,   -2.28
200302,   -0.24,   -1.53,   -2.22,   -4.17,   -1.31,   -2.41,   -2.34,   -3.03,   -4.31,   -0.30,   -3.08,   -2.60,   -2.10,   -2.19,   -2.63,   -2.07,   -4.05,   -3.77,   -5.87
200303,    5.20,    1.62,    0.28,   -0.83,    1.74,    0.42,    0.66,    0.19,   -1.58,    3.27,   -0.98,    1.02,   -0.58,    0.51,    0.94,    0.56,   -0.22,   -2.21,    0.28
200304,    8.63,    7.79,    8.78,   10.97,    7.50,    9.11,    9.07,    9.04,   11.90,    6.89,    8.63,    9.31,    8.78,    8.62,    9.93,    7.95,   10.22,   13.53,    7.25
200305,   10.23,    5.28,    7.83,    9.02,    4.90,    7.63,    7.65,    8.06,    9.33,    2.98,    8.52,    7.16,    8.44,    6.71,    9.43,    7.39,    8.76,    8.43,   12.04
200306,    5.02,    1.38,    1.43,    1.51,    1.16,    2.12,    1.57,   -0.01,    4.33,    1.32,    0.87,    2.43,    1.59,    1.57,    1.57,    0.77,   -0.82,    3.47,    6.84
200307,    3.05,    2.11,    3.05,    2.16,    1.18,    5.18,    2.42,    1.87,    3.44,    0.72,    1.98,    6.39,    3.94,    1.74,    3.07,    2.85,    1.24,    4.07,    1.69
200308,    5.51,    2.17,    1.93,    4.56,    1.90,    2.01,    2.76,    3.62,    5.01,    0.76,    3.84,    3.35,    0.60,    4.34,    1.29,    2.68,    4.23,    4.25,    7.19
200309,    0.76,   -1.21,   -0.69,   -2.38,   -0.95,   -1.41,   -1.20,   -1.84,   -1.15,   -0.11,   -2.32,   -2.35,   -0.41,   -0.91,   -1.48,    0.43,   -3.28,   -1.77,    0.56
200310,    9.01,    5.26,    7.17,    7.90,    4.02,    8.61,    7.70,    7.84,    7.60,    3.51,    4.88,   10.69,    6.41,    6.28,    9.07,    7.41,    8.13,    6.72,    9.98
200311,    1.67,    0.92,    1.85,    3.13,    0.95,    1.13,    2.46,    1.76,    4.03,    0.70,    1.37,    0.81,    1.48,    3.77,    1.21,    0.70,    2.46,    3.81,    4.63
200312,    0.40,    4.48,    4.21,    5.01,    4.76,    4.23,    3.53,    4.99,    4.16,    3.95,    6.09,    3.35,    5.20,    2.87,    4.17,    3.98,    5.64,    3.82,    5.05
200401,    6.73,    1.57,    2.53,    4.12,    1.87,    0.59,    3.57,    2.56,    6.82,    1.36,    2.71,    0.31,    0.89,    4.51,    2.68,    3.31,    2.08,    6.68,    7.18
200402,   -0.32,    1.00,    2.17,    2.28,    1.18,    1.27,    2.55,    1.33,    2.40,    1.63,    0.46,    0.19,    2.43,    3.14,    1.99,    0.03,    2.18,    3.47,   -0.36
200403,   -1.19,   -1.70,   -0.63,   -0.24,   -1.81,   -0.80,   -0.82,   -0.30,   -0.43,   -1.55,   -2.22,   -1.23,   -0.36,   -0.72,   -0.92,   -0.63,   -0.09,   -0.19,   -1.07
200404,   -3.61,   -0.28,   -3.61,   -4.29,    0.32,   -3.24,   -4.17,   -3.17,   -4.23,    1.19,   -1.10,   -2.85,   -3.65,   -3.70,   -4.64,   -1.33,   -4.34,   -3.85,   -5.24
200405,    3.34,    1.20,    1.23,    1.01,    0.86,    1.98,    1.31,    0.61,    1.84,    0.59,    1.31,    2.71,    1.21,    0.08,    2.64,    0.99,    0.36,    1.54,    2.66
200406,    3.69,    1.60,    1.97,    3.11,    1.79,    1.49,    1.25,    3.06,    3.73,    1.01,    3.09,    0.76,    2.27,    1.84,    0.64,    3.77,    2.60,    2.93,    5.92
200407,  -11.29,   -4.63,   -2.76,   -2.75,   -5.40,   -1.90,   -2.59,   -3.55,   -2.16,   -6.45,   -3.98,   -1.12,   -2.53,   -2.39,   -2.79,   -3.61,   -3.47,   -2.18,   -2.11
200408,   -1.65,   -0.39,    1.24,    0.01,   -0.49,    0.94,    0.80,    0.78,   -0.19,   -0.79,   -0.10,    0.08,    1.65,    1.29,    0.33,    1.25,    0.25,    0.22,   -1.05
200409,    4.57,    1.14,    2.15,    2.86,    0.71,    1.85,    3.30,    2.38,    3.52,    0.53,    0.94,    3.05,    0.87,    3.82,    2.79,    2.67,    2.05,    3.48,    3.60
200410,    0.23,    1.62,    1.01,    2.32,    1.57,    1.16,    2.50,    0.78,    1.82,    1.68,    1.41,    1.83,    0.60,    1.83,    3.16,   -1.10,    2.94,    2.38,    0.60
200411,    7.94,    3.88,    5.23,    6.77,    3.65,    4.96,    6.19,    4.88,    7.14,    2.89,    4.65,    4.84,    5.06,    4.96,    7.40,    3.56,    6.33,    6.70,    8.28
200412,    7.21,    3.57,    3.36,    3.75,    3.89,    2.73,    2.82,    4.68,    3.23,    4.65,    2.89,    2.23,    3.16,    2.92,    2.72,    4.97,    4.36,    2.65,    4.72
200501,   -3.40,   -3.16,   -1.63,   -1.83,   -3.15,   -2.41,   -1.89,   -1.92,   -0.79,   -3.24,   -3.04,   -3.21,   -1.73,   -3.24,   -0.61,   -0.89,   -3.03,   -0.80,   -0.78
200502,   -1.31,    2.02,    1.99,    2.98,    1.04,    3.88,    2.56,    1.23,    4.12,    0.91,    1.22,    6.19,    1.97,    1.82,    3.23,    0.87,    1.62,    3.61,    5.42
200503,   -2.72,   -1.45,   -2.64,   -0.11,   -1.35,   -3.35,   -0.97,   -0.63,   -0.72,   -1.19,   -1.55,   -1.87,   -4.64,   -1.56,   -0.45,   -1.78,    0.62,   -1.04,    0.11
200504,   -5.00,   -1.96,   -2.83,   -2.85,   -1.73,   -2.60,   -3.68,   -2.25,   -3.20,   -1.85,   -1.57,   -2.89,   -2.35,   -3.43,   -3.90,   -2.08,   -2.43,   -2.84,   -4.16
200505,    6.07,    3.84,    3.52,    4.41,    4.27,    3.09,    3.25,    3.43,    4.91,    4.12,    4.47,    2.06,    4.00,    3.10,    3.39,    3.04,    3.84,    4.53,    5.91
200506,    2.35,   -0.61,    2.04,    3.26,   -1.14,    1.56,    2.65,    2.35,    3.64,   -1.06,   -1.24,    1.62,    1.50,    3.36,    2.01,    1.91,    2.81,    3.22,    4.75
200507,    7.40,    4.73,    3.09,    4.28,    4.82,    3.94,    3.12,    3.40,    4.45,    4.86,    4.79,    4.47,    3.19,    2.32,    3.88,    2.92,    4.05,    4.07,    5.39
200508,    0.08,   -1.25,   -0.86,    0.22,   -1.65,   -0.93,   -0.33,    0.36,   -0.61,   -1.59,   -1.70,   -0.10,   -2.14,    0.30,   -0.92,   -0.42,    1.42,   -0.09,   -1.89
200509,    1.81,    0.33,    1.09,    1.71,   -0.26,    1.17,    1.97,    1.02,    1.84,    0.41,   -0.88,    2.03,   -0.07,    2.28,    1.68,    0.64,    1.53,    2.44,    0.29
200510,   -8.14,   -1.35,   -1.97,   -2.12,   -0.48,   -3.41,   -1.93,   -1.78,   -1.63,   -0.89,   -0.10,   -3.78,   -2.86,   -2.91,   -1.00,   -0.98,   -2.82,   -1.18,   -2.81
200511,    7.63,    4.14,    3.89,    2.99,    3.96,    4.40,    3.81,    3.60,    2.84,    3.47,    4.42,    4.66,    4.01,    4.23,    3.41,    3.90,    3.21,    3.11,    2.14
200512,    1.18,   -0.62,    1.12,    0.01,   -0.57,    0.11,    0.99,    0.78,   -0.25,   -0.78,   -0.37,   -0.76,    1.38,    1.14,    0.86,    1.07,    0.39,   -0.32,   -0.08
200601,    4.97,    2.25,    4.24,    4.87,    1.92,    4.18,    3.67,    4.45,    4.52,    1.65,    2.17,    3.18,    5.63,    3.21,    4.12,    3.77,    5.37,    4.23,    5.28
200602,   -1.02,   -0.16,    0.77,   -0.70,    0.07,    0.20,    0.20,    0.01,   -0.38,   -0.16,    0.28,   -0.80,    1.66,   -1.02,    1.37,    0.89,   -1.17,   -0.15,   -1.00
200603,    4.95,    1.78,    1.63,    2.16,    1.28,    2.48,    2.25,    1.47,    1.87,    1.57,    1.02,    3.21,    1.42,    2.39,    2.12,    0.65,    2.58,    1.38,    3.17
200604,   -1.01,   -0.04,    2.09,    2.78,   -0.47,    1.45,    1.55,    2.45,    4.00,   -0.10,   -0.82,    1.18,    1.85,    1.91,    1.21,    3.50,    1.05,    4.67,    2.19
200605,   -3.60,   -3.23,   -3.05,   -2.03,   -3.34,   -3.39,   -2.55,   -2.06,   -2.72,   -3.05,   -3.61,   -2.91,   -4.08,   -2.79,   -2.34,   -2.82,   -1.03,   -2.97,   -2.02
200606,    3.30,   -0.21,    0.20,    0.65,    0.18,   -0.77,    0.54,    0.15,    0.62,   -0.09,    0.43,   -1.29,    0.00,   -0.46,    1.44,   -0.25,    0.68,    0.58,    0.74
200607,   -4.55,   -1.09,    0.63,    0.21,   -1.74,    0.05,    0.79,    0.96,    0.66,   -2.49,   -1.03,    0.76,   -1.03,   -0.36,    1.80,    1.92,   -0.27,    1.33,   -1.79
200608,    3.47,    3.23,    2.05,    0.66,    3.43,    2.72,    2.04,    0.84,    1.14,    3.42,    3.45,    2.67,    2.80,    2.94,    1.26,    1.37,    0.14,    0.49,    3.60
200609,    1.71,    2.38,    2.16,    2.00,    2.25,    2.49,    1.92,    1.95,    2.90,    2.76,    1.79,    2.72,    2.14,    1.18,    2.56,    2.65,    1.02,    3.09,    2.20
200610,    7.11,    3.56,    3.23,    4.31,    3.78,    2.67,    3.37,    4.06,    4.32,    4.47,    3.14,    2.95,    2.25,    3.49,    3.27,    3.88,    4.30,    4.55,    3.47
200611,    2.30,    1.94,    2.26,    2.05,    1.56,    2.89,    2.16,    2.27,    1.56,    2.04,    1.10,    2.99,    2.72,    1.73,    2.53,    2.03,    2.59,    1.61,    1.38
200612,    3.95,    0.28,    1.81,    3.02,   -0.05,    0.90,    2.60,    2.30,    2.78,   -0.78,    0.66,    1.18,    0.46,    3.42,    1.92,    1.55,    3.28,    2.85,    2.51
200701,    5.16,    1.96,    1.72,    1.32,    2.57,    1.16,    1.36,    1.08,    2.25,    2.74,    2.41,    0.30,    2.53,    1.66,    1.11,    1.68,    0.29,    2.01,    3.16
200702,    0.20,   -1.86,   -1.42,   -1.22,   -2.04,   -0.93,   -2.27,   -0.84,   -1.59,   -2.39,   -1.72,   -1.36,   -0.28,   -2.14,   -2.39,   -0.87,   -0.80,   -2.13,    0.41
200703,   -0.25,    0.86,    1.78,    0.41,    0.83,    1.21,    1.93,    1.02,    0.57,    1.17,    0.51,    0.94,    1.62,    1.66,    2.17,    1.62,    0.23,    0.40,    1.19
200704,    2.97,    4.73,    3.47,    3.36,    5.19,    3.85,    3.81,    2.42,    3.63,    4.72,    5.63,    3.48,    4.44,    3.91,    3.72,    1.95,    3.06,    3.71,    3.33
200705,    5.32,    3.30,    4.03,    3.30,    3.16,    4.09,    4.33,    3.29,    2.75,    3.28,    3.04,    3.69,    4.73,    3.70,    4.89,    2.81,    3.92,    2.65,    3.14
200706,   -3.31,   -1.08,   -2.15,   -2.04,   -1.58,   -0.47,   -1.96,   -2.61,   -1.91,   -2.03,   -1.15,    0.31,   -1.70,   -2.29,   -1.67,   -2.92,   -2.19,   -2.99,    2.12
200707,   -7.15,   -1.60,   -4.33,   -5.79,   -1.48,   -2.22,   -4.44,   -5.75,   -6.05,   -0.59,   -2.32,   -1.94,   -2.63,   -5.60,   -2.53,   -6.08,   -5.38,   -5.84,   -6.36
200708,   -1.54,    1.59,    2.03,   -0.08,    1.70,    2.07,    1.49,    1.42,   -0.62,    1.80,    1.61,    1.27,    3.21,    1.62,    1.28,    2.00,    0.77,    0.25,   -1.88
200709,    3.76,    4.82,    2.09,    2.68,    4.93,    3.28,    2.51,    2.00,    2.84,    5.30,    4.57,    4.50,    1.59,    2.66,    2.26,    1.62,    2.43,    2.33,    3.60
200710,   -0.48,    3.03,    1.42,    0.70,    3.89,    1.89,    1.33,    0.51,   -0.58,    5.64,    2.20,    0.55,    3.84,    1.24,    1.46,   -1.42,    2.68,    0.58,   -2.27
200711,   -8.03,   -3.29,   -5.54,   -5.12,   -3.59,   -3.18,   -5.74,   -5.26,   -6.02,   -4.94,   -2.27,   -2.40,   -4.28,   -6.50,   -4.52,   -6.66,   -3.77,   -5.55,   -6.74
200712,   -4.35,   -0.39,   -0.90,   -0.40,   -0.21,   -0.64,   -0.94,   -1.60,    0.34,   -0.09,   -0.32,   -0.93,   -0.23,   -1.42,   -0.19,   -1.71,   -1.48,   -0.25,    1.25
200801,   -5.32,   -7.29,   -5.06,   -3.87,   -8.02,   -5.87,   -4.67,   -3.26,   -4.44,   -9.03,   -7.03,   -5.12,   -6.94,   -3.60,   -6.36,   -3.49,   -3.02,   -2.78,   -6.98
200802,   -4.17,   -2.19,   -3.59,   -4.04,   -2.20,   -1.81,   -3.62,   -4.62,   -5.09,   -4.91,    0.36,   -2.19,   -1.27,   -4.82,   -1.69,   -6.70,   -2.52,   -3.92,   -6.95
200803,   -5.46,    0.47,   -2.08,   -0.87,   -0.29,    1.63,   -3.02,   -2.81,    0.65,    0.74,   -1.20,    2.67,    0.14,   -2.84,   -3.29,   -2.57,   -3.05,   -1.17,    3.65
200804,    7.41,    3.79,    5.70,    4.66,    4.62,    2.47,    6.98,    4.20,    5.20,    4.31,    4.91,    1.43,    4.00,    6.78,    7.28,    4.54,    3.87,    6.13,    3.74
200805,   -0.08,    2.56,    1.19,    2.11,    3.18,    1.25,    1.77,    0.08,    2.31,    3.24,    3.13,    0.73,    2.00,    0.09,    4.36,   -1.69,    1.81,    1.78,    3.17
200806,  -14.61,   -6.93,   -9.28,  -10.26,   -6.12,   -8.94,   -8.04,  -12.25,  -10.32,   -7.98,   -4.44,   -9.32,   -8.40,   -7.95,   -8.18,  -14.45,  -10.16,   -8.76,  -12.81
200807,    1.28,   -0.86,   -2.40,    6.32,   -1.29,   -1.00,   -1.71,    2.37,    4.62,   -1.48,   -1.10,    0.23,   -3.14,    0.39,   -4.20,   -3.55,    7.92,    5.73,    1.15
200808,    4.11,    1.54,    1.61,    2.07,    1.21,    1.78,    2.44,    0.78,    2.88,    1.27,    1.15,    2.36,    0.75,    2.68,    2.13,    0.11,    1.34,    1.98,    5.80
200809,   -9.26,   -9.87,   -9.74,   -3.45,  -10.24,   -9.42,   -7.60,   -7.94,   -6.58,  -11.46,   -9.08,   -8.94,  -10.30,   -7.60,   -7.60,  -16.76,   -0.65,   -4.72,  -12.32
200810,  -23.89,  -15.85,  -17.60,  -21.12,  -16.11,  -15.96,  -16.06,  -24.51,  -17.20,  -15.86,  -16.34,  -15.24,  -17.30,  -14.69,  -17.80,  -24.60,  -24.45,  -15.57,  -22.69
200811,   -9.67,   -6.40,   -6.85,  -15.47,   -6.44,   -5.90,   -7.18,  -12.50,  -16.01,   -9.40,   -3.65,   -6.31,   -5.12,   -4.89,  -10.18,   -8.94,  -14.97,  -15.69,  -17.22
200812,    2.16,    1.88,    1.47,    2.36,    1.96,    2.06,    1.05,    0.39,    4.64,    1.81,    2.09,    1.69,    2.76,    2.39,   -0.79,    0.62,    0.22,    4.78,    4.10
200901,   -2.14,   -5.34,   -9.43,  -18.33,   -3.73,   -8.70,  -10.36,  -15.72,  -15.24,   -3.78,   -3.69,   -9.11,   -7.93,  -12.12,   -7.86,   -8.37,  -21.39,  -13.55,  -21.72
200902,  -10.58,   -8.28,  -11.81,  -16.04,   -7.79,   -9.96,  -11.79,  -16.63,  -13.49,   -5.78,   -9.53,   -9.51,  -10.78,  -10.27,  -13.84,  -14.32,  -18.63,  -12.89,  -16.13
200903,    8.78,    8.39,    8.94,   12.93,    8.44,    8.23,    9.48,   11.14,   12.05,    9.46,    7.53,    8.25,    8.18,    9.71,    9.15,    8.16,   13.89,   11.60,   14.14
200904,   15.39,    8.26,   11.33,   16.99,    7.84,    8.63,   12.55,   15.19,   18.53,    9.60,    6.30,    9.31,    7.36,   12.16,   13.09,   14.98,   15.37,   16.99,   25.24
200905,    1.62,    4.50,    5.59,    5.53,    4.73,    5.01,    4.52,    6.18,    5.99,    5.32,    4.20,    3.92,    7.07,    3.97,    5.28,    7.48,    5.03,    5.88,    6.41
200906,    0.89,    1.07,   -0.61,    0.32,    1.88,   -0.87,   -0.08,   -0.47,   -0.95,    2.91,    0.94,   -0.95,   -0.73,    0.78,   -1.27,   -2.88,    1.69,   -0.82,   -1.45
200907,    7.72,    6.74,    8.56,   10.62,    6.25,    8.81,    8.23,    9.47,   11.06,    5.62,    6.86,    8.70,    8.91,    8.93,    7.42,    8.67,   10.13,   11.32,   10.73
200908,    6.98,    1.71,    3.78,    9.43,    1.25,    3.59,    3.17,    6.28,   12.10,    0.91,    1.58,    3.49,    3.68,    2.28,    4.21,    6.09,    6.42,    7.35,   18.20
200909,    3.72,    3.50,    4.82,    4.94,    3.83,    3.93,    3.71,    5.45,    5.33,    4.35,    3.34,    2.22,    5.44,    3.91,    3.49,    6.66,    4.47,    8.09,    2.13
200910,   -6.31,   -0.75,   -3.16,   -7.12,   -0.48,   -2.33,   -3.00,   -4.85,   -8.88,   -0.45,   -0.51,   -1.76,   -2.81,   -1.83,   -4.35,   -4.65,   -5.02,   -6.21,  -12.18
200911,    9.32,    6.47,    4.49,    4.07,    6.71,    5.33,    3.51,    4.63,    4.38,    6.45,    6.96,    5.57,    5.13,    3.44,    3.59,    5.75,    3.71,    3.08,    6.09
200912,    7.49,    2.19,    3.64,    3.00,    1.66,    3.03,    5.22,    3.75,    2.20,    2.49,    0.82,    4.23,    1.99,    3.63,    7.11,    3.53,    3.94,    2.79,    1.44
201001,    1.06,   -4.16,   -2.14,   -4.03,   -4.12,   -3.58,   -1.67,   -3.84,   -2.41,   -4.03,   -4.21,   -4.34,   -2.91,   -0.41,   -3.13,   -1.41,   -5.94,   -3.77,   -0.65
201002,    5.43,    3.05,    3.09,    5.84,    2.83,    2.72,    4.04,    4.56,    6.46,    2.65,    3.02,    3.89,    1.71,    4.32,    3.70,    3.99,    5.09,    4.56,    8.89
201003,    9.49,    5.32,    6.90,    7.92,    5.45,    6.21,    6.51,    6.38,    9.46,    4.96,    5.95,    4.83,    7.41,    4.49,    8.93,    6.76,    6.03,    8.74,   10.34
201004,    3.94,    0.93,    3.12,    2.99,    0.82,    3.01,    2.09,    2.66,    3.35,    0.82,    0.83,    1.36,    4.41,    1.29,    2.99,    2.82,    2.52,    2.08,    4.89
201005,   -8.70,   -7.33,   -8.32,   -8.50,   -7.16,   -7.98,   -8.63,   -8.27,   -8.74,   -7.87,   -6.44,   -8.00,   -7.97,   -8.18,   -9.14,   -8.35,   -8.19,   -7.62,  -10.06
201006,   -6.84,   -4.47,   -5.87,   -9.10,   -4.07,   -6.41,   -4.53,   -7.55,  -10.39,   -3.98,   -4.16,   -6.01,   -6.75,   -2.47,   -6.88,   -7.65,   -7.46,   -9.08,  -11.97
201007,   12.60,    6.71,    7.59,    5.63,    7.18,    5.85,    7.38,    7.27,    5.76,    7.07,    7.31,    5.33,    6.72,    5.58,    9.05,    9.05,    5.48,    6.91,    4.78
201008,   -7.27,   -4.28,   -4.37,   -6.45,   -4.02,   -4.62,   -2.80,   -6.41,   -8.31,   -3.46,   -4.63,   -5.05,   -3.90,   -4.40,   -1.36,   -8.55,   -4.20,   -6.09,  -10.24
201009,   10.82,   10.24,    9.44,    7.64,   10.69,    9.27,    8.77,    8.63,    8.42,   10.88,   10.48,    8.87,    9.93,    8.57,    8.94,   10.54,    6.73,    8.76,    8.12
201010,    7.87,    4.56,    3.98,    1.13,    4.73,    4.09,    3.98,    2.68,    0.70,    5.11,    4.31,    4.01,    4.22,    4.58,    3.47,    3.69,    1.65,    3.26,   -1.62
201011,    4.70,    0.62,    0.79,   -0.40,   -0.08,    2.49,   -0.20,    1.31,   -1.36,    0.19,   -0.38,    2.81,    1.97,   -0.06,   -0.32,    1.86,    0.73,   -1.22,   -1.49
201012,    6.94,    5.08,    7.80,    9.79,    5.02,    6.21,    6.88,    8.72,   12.01,    5.07,    4.96,    5.28,    7.73,    6.19,    7.48,   10.12,    7.22,    7.95,   15.87
201101,   -1.91,    1.91,    2.29,    2.19,    1.36,    3.10,    1.58,    3.07,    2.14,    0.85,    1.94,    3.55,    2.40,    1.12,    1.97,    3.81,    2.25,    1.87,    2.38
201102,    2.61,    2.68,    4.50,    4.80,    2.57,    3.89,    4.69,    4.34,    4.10,    2.93,    2.18,    3.00,    5.32,    3.89,    5.37,    3.17,    5.64,    6.03,    2.40
201103,    1.62,    0.34,    1.57,   -1.11,    0.79,    0.29,    2.05,   -0.47,   -1.55,    1.61,   -0.13,   -0.98,    2.29,    1.51,    2.51,   -0.36,   -0.59,   -0.25,   -2.75
201104,    4.66,    3.76,    2.59,    1.27,    3.68,    3.75,    2.99,    1.05,    1.22,    3.62,    3.75,    4.02,    3.33,    2.89,    3.07,    0.79,    1.33,    2.83,   -0.29
201105,    1.21,   -0.63,   -1.45,   -2.83,   -0.28,   -1.66,   -0.98,   -2.62,   -2.80,    0.23,   -0.87,   -1.68,   -1.63,   -1.11,   -0.86,   -2.38,   -2.87,   -1.33,   -4.22
201106,   -3.27,   -1.48,   -1.73,   -1.90,   -1.29,   -1.80,   -1.84,   -1.41,   -2.69,   -0.76,   -1.90,   -2.05,   -1.43,   -1.98,   -1.71,   -1.82,   -0.98,   -2.06,   -3.32
201107,   -4.41,   -1.04,   -3.12,   -3.91,   -0.78,   -2.36,   -2.28,   -3.88,   -4.57,    1.00,   -3.27,   -1.70,   -3.06,   -2.67,   -1.96,   -4.81,   -2.84,   -3.26,   -6.68
201108,   -8.77,   -4.27,   -6.72,   -8.52,   -4.70,   -5.39,   -7.49,   -4.30,  -10.66,   -3.99,   -5.74,   -3.18,   -7.76,   -6.16,   -8.58,   -3.52,   -5.14,   -9.10,  -13.26
201109,   -7.84,   -6.60,   -7.50,  -10.16,   -6.96,   -6.32,   -8.46,   -6.34,  -12.81,   -5.69,   -8.87,   -5.69,   -7.02,   -6.72,   -9.93,   -6.45,   -6.21,  -11.25,  -15.56
201110,   11.64,   10.08,   12.40,   12.61,   10.35,   11.37,   13.21,    9.77,   14.09,    9.27,   12.02,    9.43,   13.57,   11.95,   14.32,    9.05,   10.57,   13.46,   15.24
201111,   -1.72,   -0.11,    0.75,   -2.32,   -0.49,    0.88,    0.44,    0.99,   -4.61,   -0.35,   -0.69,    0.81,    0.94,    1.85,   -0.78,    1.03,    0.96,   -3.30,   -7.00
201112,   -1.40,   -0.09,    1.75,    1.33,   -0.82,    1.10,    2.18,    2.58,    0.79,   -0.68,   -1.05,    1.70,    0.45,    0.89,    3.32,    3.06,    2.05,    1.74,   -1.02
201201,    7.68,    5.59,    3.68,    5.95,    7.46,    3.02,    3.65,    2.12,    8.25,    7.98,    6.66,    1.13,    5.12,    3.93,    3.41,    1.41,    2.90,    6.62,   11.41
201202,    4.84,    4.53,    3.55,    5.59,    5.04,    3.21,    3.52,    4.52,    6.13,    6.54,    2.73,    3.23,    3.19,    2.06,    4.79,    4.22,    4.84,    5.68,    6.97
201203,    2.83,    3.62,    1.41,    5.00,    3.83,    2.07,    1.19,    3.13,    5.85,    4.56,    2.66,    3.09,    0.99,    1.42,    1.00,    2.51,    3.80,    5.01,    7.40
201204,   -1.34,   -0.51,   -0.30,   -2.33,   -0.18,   -0.70,   -0.83,   -0.25,   -3.48,    0.05,   -0.55,   -1.37,    0.02,   -0.29,   -1.30,    0.16,   -0.69,   -2.21,   -5.77
201205,   -9.01,   -5.52,   -6.04,   -7.68,   -6.46,   -5.31,   -6.15,   -3.28,  -10.68,   -6.15,   -6.97,   -3.05,   -7.73,   -6.32,   -6.02,   -3.06,   -3.51,  -10.27,  -11.44
201206,    1.43,    3.14,    4.51,    5.06,    2.86,    4.00,    4.91,    4.66,    5.11,    3.25,    2.22,    3.85,    4.16,    3.98,    5.71,    4.35,    4.98,    4.48,    6.32
201207,   -1.04,    1.07,    1.20,   -0.60,    0.77,    2.01,    0.96,    0.69,   -1.78,    0.79,    0.75,    1.90,    2.20,   -0.23,    2.11,    0.20,    1.07,   -2.56,   -1.34
201208,    1.54,    2.42,    2.02,    4.35,    2.37,    2.70,    1.94,    1.54,    5.88,    2.76,    1.93,    2.56,    2.92,    3.41,    0.53,    0.63,    2.24,    4.53,    6.65
201209,    1.69,    1.98,    3.22,    4.23,    1.91,    2.52,    3.34,    3.24,    4.88,    1.89,    1.92,    2.20,    3.03,    2.50,    4.17,    3.15,    3.30,    3.20,    5.82
201210,   -1.70,   -2.54,   -1.79,    1.19,   -3.19,   -1.20,   -2.20,   -0.33,    2.26,   -4.72,   -1.45,   -0.80,   -1.86,   -1.41,   -2.97,   -0.29,   -0.36,   -1.35,    4.21
201211,    1.58,    1.11,    0.44,   -0.15,    1.39,    0.83,    0.09,    0.18,   -0.76,    1.45,    1.33,    0.36,    1.60,    0.46,   -0.28,   -0.58,    0.75,    0.73,   -1.52
201212,    1.11,   -0.05,    1.49,    4.91,   -0.46,    0.81,    1.86,    2.76,    6.14,   -1.52,    0.70,    1.04,    0.44,    2.25,    1.46,    2.30,    3.10,    3.63,    7.45
201301,    8.13,    4.61,    6.07,    7.25,    4.13,    5.94,    5.84,    6.97,    7.41,    2.31,    6.07,    5.89,    6.01,    6.29,    5.39,    6.91,    7.01,    6.92,    7.65
201302,   -0.51,    1.33,    1.34,    1.35,    1.06,    1.21,    1.78,    2.07,    1.11,    0.84,    1.28,    2.01,   -0.09,    1.55,    2.01,    2.56,    1.70,    1.69,    0.82
201303,    8.80,    3.84,    4.08,    4.09,    3.99,    3.51,    3.84,    4.80,    4.04,    3.50,    4.50,    3.44,    3.63,    4.41,    3.27,    5.63,    4.17,    5.00,    3.55
201304,    3.03,    1.72,    1.12,    1.79,    1.97,    1.11,    1.22,    1.21,    1.98,    1.34,    2.60,    1.10,    1.11,    2.19,    0.24,    0.82,    1.51,    1.33,    2.32
201305,    3.17,    2.09,    1.91,    6.73,    1.69,    2.88,    1.77,    3.70,    7.61,    1.24,    2.15,    3.13,    2.45,    2.17,    1.35,    1.43,    5.41,    4.14,    9.36
201306,   -0.42,   -1.66,   -0.31,   -1.64,   -2.13,   -0.58,   -0.10,   -0.54,   -2.20,   -2.61,   -1.65,   -0.48,   -0.76,   -0.45,    0.27,   -0.19,   -0.79,   -1.66,   -2.46
201307,    4.90,    5.68,    5.17,    6.47,    6.40,    4.56,    5.10,    5.57,    7.14,    6.31,    6.47,    4.34,    4.84,    4.49,    5.88,    5.86,    5.22,    6.43,    7.86
201308,   -3.71,   -1.73,   -3.13,   -4.31,   -1.50,   -2.43,   -3.47,   -3.59,   -4.34,   -2.28,   -0.74,   -2.16,   -2.78,   -3.68,   -3.20,   -3.03,   -4.26,   -4.66,   -4.02
201309,    6.58,    4.17,    3.48,    2.85,    4.64,    3.20,    3.48,    3.50,    2.88,    5.66,    3.65,    3.25,    3.13,    3.56,    3.38,    4.08,    2.80,    3.08,    2.68
201310,    3.60,    4.02,    4.65,    3.79,    4.28,    4.17,    4.69,    3.60,    4.08,    3.48,    5.06,    3.50,    5.06,    4.20,    5.31,    3.89,    3.23,    4.74,    3.42
201311,    2.09,    3.45,    2.08,    4.57,    3.19,    3.44,    1.81,    1.87,    5.75,    3.15,    3.23,    3.96,    2.76,    0.80,    3.05,    1.51,    2.33,    4.49,    7.02
201312,    3.01,    2.13,    3.60,    2.06,    2.61,    2.54,    3.42,    2.48,    1.98,    2.34,    2.88,    1.17,    4.34,    3.09,    3.82,    2.71,    2.20,    2.60,    1.38
201401,   -1.91,   -3.13,   -3.46,   -3.81,   -3.49,   -2.60,   -3.27,   -4.34,   -3.91,   -2.99,   -3.97,   -2.41,   -2.85,   -1.72,   -5.12,   -4.93,   -3.60,   -4.10,   -3.72
201402,    6.04,    5.00,    4.75,    3.49,    5.27,    5.20,    3.50,    4.69,    3.07,    5.47,    5.08,    4.47,    6.13,    2.84,    4.31,    4.98,    4.33,    3.30,    2.84
201403,   -1.07,   -0.74,    0.78,    3.98,   -1.79,    0.38,    1.76,    3.16,    3.46,   -3.19,   -0.43,    1.36,   -0.87,    1.98,    1.50,    1.70,    4.98,    4.15,    2.77
201404,    0.62,    0.05,    0.44,   -1.14,    0.29,   -0.35,    0.66,    1.07,   -2.17,   -1.52,    2.00,   -0.40,   -0.29,    0.65,    0.66,    1.25,    0.85,   -1.71,   -2.64
201405,    3.83,    2.30,    2.00,    1.24,    2.90,    1.43,    2.39,    1.46,    1.17,    2.30,    3.44,    1.14,    1.81,    2.70,    2.00,    1.53,    1.38,    1.52,    0.81
201406,    0.81,    1.92,    2.97,    3.21,    1.97,    1.89,    3.00,    3.58,    3.70,    1.99,    1.95,    1.83,    1.96,    3.97,    1.80,    4.65,    2.28,    3.59,    3.82
201407,   -1.92,   -1.68,   -2.01,   -2.78,   -2.16,   -1.64,   -1.30,   -3.47,   -2.18,   -1.04,   -3.48,   -1.01,   -2.97,   -2.53,   -0.10,   -2.97,   -3.86,   -1.72,   -2.89
201408,    3.47,    4.82,    3.40,    4.21,    5.13,    4.49,    2.67,    3.26,    4.98,    6.02,    4.06,    4.39,    4.71,    2.62,    2.72,    3.82,    2.80,    5.12,    4.75
201409,   -2.84,   -1.12,   -2.79,   -2.39,   -1.29,   -1.43,   -2.30,   -4.34,   -1.60,   -1.16,   -1.45,   -0.89,   -2.60,   -2.36,   -2.25,   -4.92,   -3.88,   -1.82,   -1.28
201410,    5.81,    3.01,    2.09,    1.85,    2.92,    2.82,    2.45,    1.53,    1.66,    2.54,    3.39,    3.14,    2.13,    2.85,    2.08,    0.65,    2.23,    2.09,    0.99
201411,    2.58,    3.60,    2.47,    0.13,    3.38,    3.48,    2.94,   -0.01,    0.45,    2.74,    4.14,    3.91,    2.51,    1.53,    4.27,    0.61,   -0.50,    0.90,   -0.24
201412,   -0.19,   -1.17,    0.33,    1.89,   -0.72,   -1.04,    0.08,    1.25,    1.99,   -1.04,   -0.34,   -1.79,    0.64,    0.73,   -0.52,    0.72,    1.69,    2.34,    1.43
201501,   -2.08,   -1.66,   -3.42,   -6.09,   -0.91,   -2.65,   -3.87,   -3.87,   -6.97,    0.59,   -2.69,   -2.69,   -2.56,   -4.12,   -3.63,   -3.25,   -4.36,   -5.04,  -10.04
201502,    4.93,    6.52,    6.01,    5.44,    6.28,    6.25,    6.90,    4.54,    5.93,    6.64,    5.84,    6.85,    4.94,    6.80,    7.00,    4.58,    4.51,    5.28,    7.01
201503,   -1.24,   -1.18,   -1.21,   -0.98,   -0.55,   -1.57,   -1.54,   -0.93,   -1.14,   -0.92,   -0.10,   -2.06,   -0.48,   -1.28,   -1.79,   -1.24,   -0.69,   -1.18,   -1.06
201504,    1.46,    0.17,    0.88,    1.23,   -0.38,    0.77,    0.79,    1.54,    1.33,    0.21,   -1.12,    0.94,    0.39,   -0.26,    1.78,    2.16,    1.03,    0.88,    2.09
201505,    0.67,    1.29,    1.65,    0.88,    1.86,    0.91,    1.53,    0.84,    1.34,    2.14,    1.49,    0.52,    1.78,    1.17,    1.87,    1.88,   -0.01,    1.22,    1.53
201506,   -0.78,   -1.61,   -1.80,   -1.14,   -0.40,   -2.77,   -1.61,   -2.78,   -0.37,    0.45,   -1.48,   -3.30,   -1.62,   -1.89,   -1.34,   -2.87,   -2.70,   -1.45,    1.40
201507,    2.08,    2.81,    0.94,   -0.66,    2.86,    2.90,   -0.27,   -0.49,   -0.90,    4.32,    1.04,    2.67,    3.14,    0.43,   -0.91,   -0.72,   -0.31,   -1.00,   -0.74
201508,   -5.34,   -6.31,   -5.57,   -6.20,   -6.34,   -6.34,   -5.29,   -4.98,   -6.54,   -6.31,   -6.38,   -6.24,   -6.46,   -6.30,   -4.34,   -4.10,   -5.69,   -6.38,   -6.78
201509,   -5.06,   -2.47,   -2.97,   -4.28,   -2.52,   -3.01,   -2.59,   -2.42,   -5.50,   -3.00,   -1.89,   -2.36,   -3.71,   -3.12,   -2.09,   -2.29,   -2.52,   -4.87,   -6.47
201510,    6.81,    7.92,    8.25,    6.31,    7.99,    8.48,    8.24,    5.48,    7.11,    8.29,    7.60,    7.78,    9.23,    7.69,    8.74,    5.82,    5.20,    6.46,    8.12
201511,   -0.44,    0.70,    0.04,    1.91,    0.45,    0.51,   -0.06,    0.85,    2.97,    0.53,    0.34,    1.31,   -0.35,   -0.89,    0.69,    1.38,    0.40,    3.54,    2.11
201512,   -2.11,   -1.43,   -2.49,   -3.95,   -1.68,   -1.13,   -2.86,   -3.13,   -5.04,   -0.39,   -3.35,   -0.84,   -1.44,   -4.13,   -1.72,   -4.04,   -2.36,   -5.00,   -5.12
201601,   -4.51,   -5.50,   -5.35,   -7.98,   -6.89,   -4.15,   -4.82,   -4.32,  -10.85,   -7.77,   -5.71,   -2.28,   -6.21,   -6.11,   -3.71,   -4.83,   -3.90,   -9.84,  -12.40
201602,    2.16,    0.01,    0.62,   -1.90,    0.27,   -0.01,    1.26,    0.28,   -4.57,   -0.07,    0.72,   -0.56,    0.62,    1.51,    1.05,   -1.42,    1.70,   -2.86,   -7.27
201603,    6.93,    6.63,    6.89,    8.21,    6.66,    6.58,    7.05,    7.84,    8.02,    6.14,    7.32,    6.56,    6.60,    7.28,    6.87,    7.09,    8.44,    6.91,    9.87
201604,   -0.16,   -0.49,    1.28,    4.62,   -0.28,   -0.80,    2.35,    2.48,    6.48,    0.92,   -1.82,   -0.97,   -0.61,    2.84,    1.94,    2.74,    2.27,    5.43,    8.18
201605,    0.01,    2.15,    1.75,    0.65,    1.91,    2.09,    2.32,    0.02,    1.63,    1.88,    1.94,    2.69,    1.39,    3.55,    1.31,    0.83,   -0.64,    2.06,    0.96
201606,    1.55,    0.03,    0.50,   -2.29,   -0.02,   -0.22,    1.70,    0.71,   -5.27,    0.17,   -0.28,    0.16,   -0.65,   -0.57,    3.63,   -0.55,    1.74,   -4.47,   -6.54
201607,    3.20,    5.02,    2.51,    3.98,    5.29,    3.75,    2.46,    1.77,    4.90,    3.94,    7.14,    4.25,    3.26,    3.74,    0.91,    1.30,    2.43,    4.50,    5.91
201608,    0.52,   -0.44,    0.51,    3.79,   -0.52,   -0.04,    0.97,    1.32,    4.40,   -1.55,    0.86,   -0.20,    0.12,    1.07,    0.85,    0.29,    2.73,    3.57,    6.50
201609,    0.22,    0.56,    0.05,   -0.14,    0.56,    0.24,    1.00,   -1.38,    0.33,    0.08,    1.20,    0.55,   -0.07,    1.50,    0.35,   -1.68,   -0.97,    0.48,   -0.03
201610,   -3.53,   -2.23,   -2.50,    0.58,   -2.77,   -2.22,   -1.68,   -1.17,    1.11,   -3.57,   -1.74,   -0.66,   -3.79,   -1.44,   -1.98,   -1.78,   -0.35,    1.65,   -0.24
201611,    1.53,    2.17,    5.68,   12.81,    1.63,    4.52,    5.67,    7.70,   14.62,    2.59,    0.43,    3.70,    5.38,    4.03,    7.65,    6.27,    9.58,   12.48,   19.99
201612,    1.58,    1.30,    1.84,    3.59,    1.04,    1.24,    1.59,    4.16,    3.78,    0.91,    1.21,    2.02,    0.44,    0.72,    2.61,    4.87,    3.25,    3.67,    4.03
201701,    4.15,    3.22,    0.85,    0.26,    3.32,    2.50,   -0.23,    0.84,    0.02,    2.60,    4.24,    2.94,    2.04,    0.23,   -0.76,    0.94,    0.71,    0.21,   -0.44
201702,    7.09,    4.25,    2.45,    3.55,    4.64,    2.87,    2.48,    2.71,    3.69,    3.82,    5.68,    3.18,    2.54,    3.97,    0.74,    2.26,    3.31,    3.27,    4.68
201703,    2.05,    1.17,   -0.25,   -2.34,    1.41,    0.29,   -0.28,   -0.94,   -2.93,    0.79,    2.19,    0.51,    0.06,    0.10,   -0.74,   -0.72,   -1.23,   -3.02,   -2.71
201704,    0.29,    2.06,    0.73,   -0.68,    1.96,    1.81,    0.83,   -0.45,   -0.78,    2.13,    1.74,    2.34,    1.26,    1.86,   -0.40,   -0.40,   -0.52,   -0.54,   -1.32
201705,    2.40,    2.78,   -0.01,   -2.03,    2.66,    1.65,    0.34,   -0.86,   -2.70,    2.44,    2.94,    3.10,    0.09,    1.31,   -0.85,   -0.90,   -0.81,   -2.72,   -2.65
201706,   -0.25,    0.05,    0.73,    4.15,   -0.02,    0.56,    0.24,    1.99,    4.91,    0.20,   -0.29,    0.23,    0.92,   -0.24,    0.84,    1.38,    2.78,    4.35,    6.24
201707,    0.00,    2.38,    1.57,    1.98,    2.35,    2.01,    1.39,    1.99,    2.18,    2.19,    2.52,    2.47,    1.45,    1.91,    0.84,    2.40,    1.73,    2.53,    1.69
201708,   -0.30,    1.21,   -0.27,   -1.31,    1.88,   -0.02,   -0.74,   -0.52,   -1.98,    0.37,    3.60,   -0.45,    0.47,    0.01,   -1.54,   -0.53,   -0.51,   -1.57,   -2.56
201709,    0.77,    1.50,    3.07,    5.07,    1.40,    1.80,    4.31,    3.68,    5.42,    2.18,    0.54,    1.76,    1.84,    3.81,    4.85,    2.19,    4.66,    5.04,    5.97
201710,   -0.34,    3.02,    1.43,    2.66,    3.89,    1.06,    2.01,    0.86,    3.65,    2.88,    5.06,    0.81,    1.34,    4.81,   -0.87,   -0.15,    1.50,    3.13,    4.39
201711,    3.78,    3.31,    3.22,    3.16,    3.39,    2.74,    4.41,    2.84,    2.79,    4.02,    2.67,    3.10,    2.32,    4.39,    4.43,    1.61,    3.61,    3.24,    2.14
201712,    1.84,    0.97,    0.99,    1.75,    0.96,    1.33,    1.17,    0.86,    1.34,    1.31,    0.57,    0.99,    1.72,    1.51,    0.80,   -1.43,    2.24,    0.89,    2.00
201801,    3.24,    6.37,    5.40,    4.90,    7.54,    5.22,    4.77,    3.95,    4.92,    9.48,    5.32,    3.32,    7.43,    5.36,    4.12,    2.36,    4.87,    5.04,    4.75
201802,   -3.80,   -2.60,   -4.67,   -4.02,   -1.65,   -4.80,   -4.92,   -5.24,   -2.62,   -2.51,   -0.63,   -5.15,   -4.42,   -4.85,   -5.00,   -4.50,   -5.66,   -1.85,   -3.70
201803,   -1.07,   -2.24,   -1.95,   -2.84,   -2.32,   -3.24,   -0.95,   -0.87,   -3.31,   -2.01,   -2.67,   -2.03,   -4.58,   -0.55,   -1.40,    1.56,   -2.27,   -2.65,   -4.28
201804,   -2.40,    0.66,    0.22,    0.68,    0.19,    0.77,    0.92,    0.57,    0.41,    0.68,   -0.39,    1.97,   -0.58,    0.53,    1.36,   -0.18,    1.01,   -0.37,    1.55
201805,    1.08,    3.94,    2.35,    0.27,    4.56,    2.73,    1.66,    1.46,   -0.31,    3.39,    5.94,    2.24,    3.30,    2.03,    1.25,    2.31,    0.97,    0.52,   -1.51
201806,    1.69,    1.16,    0.51,   -1.10,    0.94,    1.45,   -0.09,    0.20,   -1.76,    1.49,    0.31,    1.76,    1.09,   -0.36,    0.22,    1.12,   -0.34,   -2.05,   -1.33
201807,    3.97,    3.28,    3.25,    4.19,    2.83,    4.78,    3.20,    3.03,    4.02,    3.45,    2.03,    4.74,    4.83,    3.55,    2.92,    1.10,    4.30,    4.31,    3.33
201808,    1.60,    5.37,    1.86,    0.99,    6.35,    2.38,    1.72,    0.88,    1.38,    6.30,    6.40,    2.23,    2.61,    2.25,    1.28,    1.08,    0.74,    1.33,    1.49
201809,    2.40,    0.50,    0.32,   -1.86,    0.64,    0.94,   -0.93,   -1.22,   -1.53,    1.01,    0.14,    0.04,    2.26,   -0.54,   -1.26,    0.10,   -2.07,   -2.16,   -0.06
201810,   -5.10,   -8.35,   -6.52,   -5.95,   -9.13,   -6.22,   -6.05,   -5.49,   -8.04,  -11.07,   -6.55,   -5.71,   -6.94,   -6.38,   -5.78,   -6.84,   -4.60,   -7.01,  -10.43
201811,    2.87,    1.47,    2.40,    2.09,    1.00,    2.96,    2.46,    2.32,    0.84,    3.25,   -1.88,    2.99,    2.93,    3.82,    1.34,    1.46,    2.87,    0.89,    0.73
201812,  -10.53,   -8.51,   -9.78,  -11.70,   -8.76,   -8.01,  -10.33,  -10.84,  -12.87,   -8.14,   -9.59,   -7.71,   -8.46,  -11.59,   -9.25,  -10.59,  -10.99,  -12.71,  -13.25
201901,    8.69,    8.33,    8.55,    9.33,    8.62,    7.18,   10.29,    7.38,   12.70,    8.85,    8.32,    7.39,    6.87,    9.23,   11.19,    7.47,    7.32,   12.85,   12.31
201902,    5.37,    3.84,    4.06,    1.48,    4.31,    3.34,    3.99,    1.79,    2.14,    4.53,    4.01,    2.33,    4.86,    4.23,    3.79,    2.94,    1.07,    2.41,    1.49
201903,    1.16,    2.66,    0.17,   -2.18,    2.95,    1.46,   -0.18,   -1.11,   -3.19,    2.94,    2.96,    1.74,    1.04,    0.51,   -0.75,   -0.44,   -1.54,   -3.06,   -3.52
201904,    3.11,    3.96,    3.52,    6.89,    4.22,    3.24,    3.93,    5.20,    7.01,    4.10,    4.38,    3.09,    3.46,    5.22,    2.82,    2.72,    6.81,    7.69,    5.30
201905,   -3.94,   -6.36,   -6.87,   -8.48,   -6.75,   -6.01,   -5.68,   -8.41,   -8.85,   -6.11,   -7.65,   -5.03,   -7.41,   -6.61,   -4.87,   -8.66,   -8.25,   -9.35,   -7.58
201906,    6.26,    7.06,    7.51,    7.34,    7.66,    6.42,    6.71,    7.48,    7.43,    6.62,    9.14,    5.03,    8.48,    6.91,    6.53,    7.79,    7.29,    7.53,    7.18
201907,    0.35,    1.74,    0.76,    2.10,    1.57,    1.89,    1.55,    0.45,    1.98,    1.25,    2.07,    2.20,    1.19,    1.61,    1.47,   -0.38,    2.26,    2.61,    0.62
201908,   -2.07,   -1.09,   -3.52,   -6.85,   -0.53,   -2.73,   -3.68,   -3.94,   -8.83,    0.39,   -1.91,   -2.61,   -3.00,   -4.06,   -3.15,   -3.74,   -4.37,   -8.10,  -10.40
201909,    1.87,    0.24,    3.81,    5.73,    0.00,    1.64,    3.44,    5.00,    5.45,   -1.13,    1.72,    0.92,    3.38,    3.22,    3.74,    4.50,    6.07,    4.96,    6.56
201910,    0.33,    2.66,    1.73,    2.23,    3.02,    1.84,    1.97,    1.62,    1.87,    2.22,    4.21,    1.68,    2.20,    0.88,    3.43,    1.13,    2.66,    2.52,    0.45
201911,    4.12,    4.43,    3.21,    3.06,    4.30,    4.38,    2.43,    3.11,    4.34,    4.36,    4.21,    4.79,    3.44,    2.18,    2.76,    3.86,    1.55,    4.83,    3.24
201912,    1.88,    2.76,    2.82,    4.25,    3.26,    1.89,    3.01,    2.92,    4.54,    2.62,    4.20,    1.39,    3.06,    3.21,    2.75,    2.45,    3.91,    4.21,    5.29
202001,    1.23,    1.59,   -2.27,   -4.99,    2.20,    0.10,   -1.35,   -5.19,   -5.15,    3.46,    0.40,   -0.10,    0.59,   -0.44,   -2.55,   -5.38,   -4.80,   -4.35,   -6.98
202002,   -6.00,   -7.04,  -10.01,  -10.76,   -6.99,   -7.87,   -9.32,  -10.64,  -11.76,   -5.95,   -8.54,   -7.18,   -9.47,   -9.31,   -9.34,  -11.17,   -9.52,  -10.83,  -13.93
202003,  -15.83,   -9.21,  -17.84,  -27.35,   -8.51,  -12.31,  -17.30,  -22.02,  -29.59,   -8.60,   -8.36,  -11.21,  -14.96,  -17.16,  -17.49,  -20.77,  -24.63,  -27.56,  -34.52
202004,   12.71,   14.41,   11.02,   14.24,   14.41,   13.67,   10.45,   11.28,   16.28,   15.13,   13.33,   14.41,   11.81,    8.96,   12.44,   11.00,   11.90,   15.63,   18.04
202005,    5.30,    6.18,    3.67,    3.41,    6.24,    6.02,    4.29,    1.65,    3.49,    6.00,    6.62,    6.00,    6.06,    4.35,    4.21,    0.89,    3.33,    3.41,    3.69
202006,    2.69,    3.58,   -0.91,    1.43,    4.89,   -0.55,   -0.30,   -0.73,    2.10,    5.77,    3.54,   -0.30,   -1.20,    0.69,   -1.59,   -1.36,    0.65,    1.21,    4.33
202007,    4.43,    7.15,    3.29,    3.47,    7.41,    5.46,    4.45,    1.99,    2.80,    7.94,    6.00,    6.28,    3.92,    5.28,    3.45,    0.31,    3.92,    1.97,    5.42
202008,    7.23,    9.41,    3.19,    5.31,   10.25,    6.02,    2.97,    3.22,    4.22,   12.00,    5.55,    6.53,    5.04,    2.95,    3.00,    0.66,    6.04,    4.65,    2.93
202009,   -1.13,   -4.09,   -2.66,   -4.50,   -4.13,   -3.22,   -2.13,   -4.46,   -5.58,   -5.00,   -1.63,   -3.96,   -1.79,   -1.00,   -3.53,   -5.11,   -3.80,   -5.08,   -7.13
202010,   -3.04,   -2.80,   -0.58,    0.94,   -4.00,    0.46,    0.63,   -0.79,    2.29,   -4.43,   -2.82,    1.39,   -1.31,   -0.01,    1.44,   -1.65,    0.09,    1.47,    4.87
202011,   13.10,   10.73,   14.66,   18.40,   11.23,   10.49,   15.02,   16.35,   21.58,   10.83,   12.31,    9.08,   13.26,   13.47,   16.96,   16.37,   16.34,   21.68,   21.27
202012,    2.40,    4.64,    4.63,    6.05,    5.63,    2.78,    4.28,    4.54,    7.12,    6.15,    4.23,    1.31,    5.57,    2.96,    5.89,    3.75,    5.33,    8.19,    3.81
202101,   -1.50,   -0.44,   -0.11,    2.38,   -0.66,   -0.04,   -0.74,    1.41,    4.89,   -1.06,    0.43,    0.33,   -0.71,   -2.04,    0.80,    2.19,    0.65,    3.13,   10.57
202102,    3.33,    0.50,    7.20,   10.78,   -0.20,    3.95,    7.51,    9.44,   11.97,   -1.06,    2.11,    2.95,    5.80,    4.12,   11.44,    8.95,    9.94,   13.37,    7.87
202103,    6.06,    2.19,    4.89,    7.22,    1.31,    4.61,    5.29,    6.87,    6.82,    0.76,    2.74,    5.18,    3.59,    6.39,    4.09,    6.22,    7.51,    6.57,    7.60
202104,    4.27,    6.01,    3.17,    4.73,    5.71,    5.25,    4.21,    4.09,    4.04,    6.32,    4.14,    7.00,    2.07,    4.52,    3.88,    2.93,    5.22,    4.47,    2.69
202105,    0.52,   -1.00,    2.03,    5.57,   -1.44,    0.62,    2.70,    3.45,    7.17,   -2.34,    0.91,    0.44,    0.96,    1.97,    3.51,    2.42,    4.43,    6.52,    9.22
202106,    1.98,    4.83,   -1.15,   -3.53,    5.69,    1.31,   -1.83,   -2.53,   -3.26,    7.09,    2.14,    2.12,   -0.23,   -1.63,   -2.05,   -1.24,   -3.72,   -3.38,   -2.88
202107,    1.10,    2.87,   -0.17,   -2.56,    2.68,    2.61,   -0.32,   -1.23,   -3.81,    2.98,    1.74,    3.47,    0.64,    0.25,   -1.24,   -1.13,   -1.31,   -4.28,   -2.74
202108,    0.66,    3.55,    1.45,    2.93,    3.25,    3.72,    1.01,    1.61,    4.19,    3.59,    2.19,    4.46,    1.97,    0.14,    2.43,    1.51,    1.69,    4.04,    4.55
202109,   -1.78,   -5.43,   -3.93,   -0.01,   -5.18,   -5.95,   -3.77,   -1.47,    1.15,   -5.33,   -4.70,   -6.17,   -5.42,   -3.85,   -3.64,   -1.88,   -1.16,    1.19,    1.05
202110,    4.71,    7.90,    3.28,    6.05,    8.51,    5.42,    2.17,    5.24,    6.20,    9.21,    6.30,    6.02,    3.98,    0.69,    4.52,    4.37,    5.89,    6.76,    4.94
202111,   -0.70,   -0.48,   -3.18,   -4.38,    0.37,   -2.91,   -2.77,   -3.95,   -5.74,    1.46,   -3.16,   -3.15,   -2.32,   -3.60,   -1.50,   -5.25,   -2.99,   -5.59,   -6.07
202112,    4.72,    2.54,    6.01,    4.64,    1.93,    5.13,    6.21,    5.85,    2.62,    0.83,    5.69,    4.54,    6.57,    5.98,    6.55,    4.75,    6.65,    2.82,    2.14
202201,   -7.90,   -8.07,   -3.68,    4.73,   -8.29,   -6.77,   -3.36,    1.50,    5.72,   -8.48,   -7.67,   -7.38,   -5.30,   -3.56,   -3.07,   -1.75,    3.78,    5.48,    6.30
202202,   -4.41,   -3.48,    0.13,    0.59,   -3.05,   -3.50,    0.50,    0.39,    0.66,   -3.10,   -2.89,   -4.82,   -0.39,    0.14,    1.04,    0.20,    0.52,    0.66,    0.67
202203,   -1.31,    4.28,    1.81,    1.86,    4.49,    3.13,    1.92,    3.28,   -0.98,    4.48,    4.54,    3.62,    2.05,    2.00,    1.79,    1.26,    4.63,   -0.72,   -1.61
202204,   -6.86,  -10.66,   -6.90,   -6.08,  -10.94,   -9.10,   -6.73,   -5.78,   -6.68,  -12.42,   -6.13,   -9.77,   -7.59,   -6.63,   -6.88,   -6.17,   -5.54,   -6.84,   -6.29
202205,   -0.70,   -2.65,    3.56,    5.65,   -3.06,   -0.20,    2.86,    5.40,    6.75,   -3.21,   -2.59,   -1.38,    2.44,    2.46,    3.46,    6.56,    4.66,    7.01,    6.13
202206,   -6.85,   -7.19,   -8.62,  -12.30,   -7.67,   -6.00,   -8.97,  -11.59,  -12.57,   -8.01,   -6.65,   -5.72,   -6.59,   -8.73,   -9.33,  -10.91,  -12.05,  -11.90,  -14.21
202207,    9.08,   11.47,    5.66,    7.98,   12.72,    6.58,    5.43,    7.76,    7.08,   14.34,    8.11,    6.98,    5.59,    6.08,    4.86,    6.22,    9.06,    7.32,    6.37
202208,   -2.02,   -4.61,   -2.05,   -1.69,   -5.07,   -3.00,   -2.38,   -0.52,   -2.39,   -5.11,   -4.94,   -2.90,   -3.27,   -0.82,   -3.77,   -0.08,   -0.88,   -2.81,   -1.19
202209,   -9.54,   -9.16,   -9.13,   -8.75,   -9.96,   -6.19,  -10.78,   -9.06,   -8.21,   -9.99,   -9.86,   -6.19,   -6.20,   -9.71,  -11.77,   -8.68,   -9.38,   -7.49,  -10.23
202210,   12.34,    5.54,   10.75,   14.70,    5.30,    7.58,    9.99,   14.70,   13.14,    4.77,    6.89,    6.39,   10.55,   10.73,    9.29,   12.52,   16.51,   12.64,   14.59
202211,    6.38,    5.00,    5.21,    4.63,    4.63,    6.11,    4.67,    5.02,    4.89,    4.12,    6.12,    6.32,    5.61,    3.37,    5.91,    5.88,    4.34,    5.17,    4.06
202212,   -2.79,   -7.14,   -4.25,   -4.98,   -7.93,   -4.16,   -4.23,   -4.47,   -5.77,   -8.51,   -6.25,   -4.38,   -3.63,   -3.83,   -4.61,   -4.93,   -4.10,   -5.97,   -5.18
202301,    6.28,    7.63,    5.98,    5.58,    8.87,    3.70,    7.40,    4.90,    6.25,    9.52,    7.05,    3.47,    4.23,    6.17,    8.59,    4.98,    4.84,    6.06,    6.79
202302,   -3.16,   -1.42,   -3.42,   -3.54,   -1.39,   -2.18,   -3.34,   -3.88,   -2.76,   -0.13,   -5.07,   -1.50,   -3.80,   -2.70,   -3.93,   -3.20,   -4.43,   -2.76,   -2.76
202303,    1.84,    6.51,   -1.31,   -5.93,    7.40,    2.39,   -0.55,   -3.90,   -7.98,    8.17,    5.06,    3.35,    0.07,   -3.31,    2.07,   -4.31,   -3.57,   -7.42,   -9.63
202304,    2.49,    0.99,    0.48,    1.68,    0.85,    0.87,    0.47,    1.49,    2.13,    0.53,    1.86,    1.52,   -0.77,    0.51,    0.44,    1.86,    1.19,    2.57,    0.82
202305,   -4.28,    3.91,   -4.07,   -6.18,    5.09,   -1.16,   -4.35,   -6.21,   -4.89,    6.25,    1.51,   -0.39,   -3.12,   -4.24,   -4.45,   -4.51,   -7.60,   -4.49,   -6.13
202306,    7.66,    7.15,    6.13,    6.38,    7.29,    6.06,    6.93,    6.48,    6.07,    8.15,    4.49,    6.63,    4.54,    6.65,    7.18,    6.17,    6.74,    5.67,    7.32
202307,    2.86,    2.95,    4.74,    7.43,    2.38,    5.69,    4.15,    6.56,    7.61,    2.16,    2.83,    6.38,    4.44,    4.66,    3.38,    6.37,    7.07,    7.98,    6.54
202308,   -2.34,   -1.01,   -3.02,   -5.50,   -1.03,   -1.52,   -2.98,   -3.58,   -6.25,   -0.87,   -1.36,   -0.89,   -2.68,   -2.29,   -4.01,   -3.42,   -4.00,   -5.97,   -7.04
202309,   -6.66,   -5.42,   -2.95,   -3.70,   -5.59,   -4.48,   -2.44,   -3.16,   -3.50,   -5.88,   -4.99,   -4.46,   -4.51,   -0.97,   -4.69,   -2.82,   -4.09,   -2.74,   -5.76
202310,   -3.46,   -1.93,   -3.78,   -4.70,   -1.39,   -5.23,   -3.33,   -3.51,   -5.08,   -1.45,   -1.27,   -5.04,   -5.59,   -3.63,   -2.85,   -3.34,   -3.95,   -4.38,   -7.21
202311,   10.57,    9.56,    7.72,   11.88,    9.91,    7.38,    7.42,    8.85,   13.40,   11.04,    7.64,    7.47,    7.19,    6.62,    8.70,    8.83,    8.90,   13.59,   12.83
202312,    4.49,    4.38,    5.87,   11.84,    4.13,    5.95,    5.98,    6.75,   12.66,    3.68,    5.05,    5.93,    6.00,    5.24,    7.13,    5.51,   10.17,   12.04,   14.60
202401,    0.19,    1.65,    1.50,   -2.62,    1.95,   -0.70,    2.34,    0.46,   -2.08,    2.28,    1.29,   -0.19,   -1.72,    2.45,    2.17,    2.04,   -3.75,   -2.73,   -0.08
202402,    3.61,    5.56,    6.31,    2.73,    6.05,    3.13,    7.46,    4.56,    2.65,    5.88,    6.40,    2.56,    4.30,   10.12,    3.40,    5.15,    2.91,    2.99,    1.61
202403,    3.35,    2.33,    4.62,    7.23,    1.73,    5.77,    3.74,    6.11,    8.00,    1.21,    2.80,    6.10,    5.11,    3.36,    4.37,    6.29,    5.60,    7.97,    8.10
202404,   -7.11,   -3.37,   -5.02,   -5.96,   -4.15,   -0.85,   -4.77,   -5.52,   -5.93,   -4.11,   -4.24,    1.40,   -5.36,   -4.17,   -5.75,   -5.34,   -6.03,   -6.09,   -5.43
202405,    2.36,    5.60,    3.28,    4.32,    5.77,    3.77,    3.24,    4.41,    4.23,    7.58,    2.10,    4.65,    1.87,    3.59,    2.68,    4.37,    4.52,    4.57,    3.21
202406,    3.67,    5.06,   -0.79,   -0.76,    5.72,    0.43,   -0.15,   -1.74,   -0.52,    7.09,    2.82,    1.19,   -1.24,    0.92,   -1.91,   -1.90,   -1.28,   -0.21,   -1.46
202407,    3.79,   -0.15,    5.28,    7.32,   -0.54,    3.31,    5.19,    7.21,    6.21,   -0.39,   -0.84,    2.33,    4.79,    6.26,    4.51,    6.13,    8.47,    5.66,    8.10
202408,    4.32,    2.34,    0.98,    1.81,    2.09,    3.15,   -0.49,    3.01,    0.06,    3.04,    0.14,    3.87,    2.09,    1.60,   -1.85,    2.51,    3.58,    0.29,   -0.70
202409,    2.17,    2.84,    0.94,   -0.74,    2.48,    3.60,    1.05,   -0.41,   -0.62,    2.50,    2.43,    5.02,    1.47,    0.73,    1.26,    0.00,   -0.86,   -0.34,   -1.56
202410,    0.22,   -0.85,   -0.92,    1.49,   -0.81,   -1.44,   -1.25,    0.37,    3.55,   -0.79,   -0.84,   -1.12,   -1.94,   -1.07,   -1.38,    1.15,   -0.51,    4.04,    1.87
202411,    5.95,    6.57,    6.54,   10.47,    6.56,    6.08,    6.03,    9.31,   11.55,    6.36,    6.99,    6.61,    5.26,    7.55,    5.00,    9.26,    9.38,   11.88,   10.38
202412,   -4.79,   -0.89,   -7.27,   -6.64,   -0.19,   -5.41,   -8.46,   -6.95,   -6.07,    0.23,   -1.09,   -5.07,   -5.95,   -7.57,   -9.08,   -6.70,   -7.24,   -6.48,   -4.61
202501,    4.24,    2.64,    3.88,    5.56,    1.64,    6.99,    2.81,    5.65,    5.68,   -0.65,    6.59,    8.88,    3.93,    3.64,    2.22,    5.83,    5.44,    6.18,    3.91
202502,    3.13,   -3.19,   -0.75,    1.72,   -3.22,   -2.84,    0.53,    1.28,   -0.13,   -1.33,   -7.03,   -2.99,   -2.59,   -1.72,    2.14,   -0.75,    3.65,    0.18,   -1.26
202503,   -2.52,   -7.44,   -2.90,   -3.61,   -7.63,   -5.26,   -1.61,   -3.19,   -5.51,   -8.15,   -6.52,   -6.31,   -3.48,   -4.19,    0.19,   -4.53,   -1.70,   -5.06,   -7.21
202504,    1.16,    0.80,   -4.41,   -2.73,    1.30,   -2.72,   -5.98,   -1.93,   -3.87,    2.48,   -1.20,   -2.07,   -3.79,   -4.68,   -6.84,   -2.21,   -1.64,   -3.52,   -5.19
202505,    4.14,    7.76,    3.36,    3.42,    7.70,    5.98,    2.53,    3.46,    6.33,    8.69,    5.54,    8.11,    2.42,    3.58,    1.81,    6.06,    0.70,    6.00,    7.58
202506,    2.19,    5.61,    4.60,    4.57,    5.39,    5.92,    4.47,    4.18,    6.38,    5.93,    4.17,    6.95,    4.10,    3.53,    5.13,    5.42,    2.79,    6.09,    7.48
202507,   -1.40,    2.95,    1.42,    0.46,    3.28,    1.58,    1.22,    0.27,   -0.22,    3.47,    2.90,    0.29,    3.30,    2.72,    0.35,   -0.12,    1.03,   -1.96,    1.47
202508,    3.85,    1.51,    3.01,    7.32,    1.35,    1.58,    3.38,    5.66,    9.15,    1.41,    1.23,    2.91,   -0.14,    3.29,    3.44,    5.59,    5.81,    8.54,    9.72
202509,   -0.44,    4.72,    1.49,    2.46,    5.22,    0.92,    2.53,    0.11,    4.63,    6.25,    3.20,    0.53,    1.45,    1.07,    3.39,   -0.17,    0.62,    0.27,    8.78
202510,   -2.97,    3.34,    0.06,    1.13,    3.70,    1.33,    0.67,   -2.14,    1.69,    3.24,    4.63,    0.21,    2.82,   -0.07,    1.09,   -3.64,    0.63,   -1.06,    4.12
202511,    3.66,   -0.72,    2.02,    3.34,   -1.05,    0.71,    2.69,    4.07,    3.19,   -3.01,    2.86,    2.31,   -1.34,    3.68,    2.13,    4.40,    3.48,    3.17,    3.20
202512,   -0.57,   -0.52,    1.04,    3.17,   -0.65,    0.28,    2.36,    1.12,    3.08,   -0.66,   -0.62,    0.60,   -0.13,    0.26,    3.57,   -0.06,    3.26,    3.37,    2.83
202601,    3.82,   -0.07,    5.24,    3.11,   -0.18,    2.80,    5.85,    3.09,    5.06,   -3.24,    5.62,    0.89,    5.37,    3.21,    7.30,    4.07,    1.38,    4.18,    5.80
202602,    2.26,   -2.16,    2.77,   -0.18,   -2.90,    2.84,    2.95,    2.35,    0.61,   -2.39,   -3.78,    4.22,    1.06,    4.31,    2.23,    4.16,   -0.90,    1.50,   -0.13
202603,   -7.59,   -5.49,   -3.03,   -2.91,   -5.48,   -5.58,   -2.83,   -1.63,   -2.71,   -4.90,   -6.50,   -5.54,   -5.62,   -4.00,   -2.20,   -0.85,   -3.09,   -3.13,   -2.36
202604,    4.03,   11.34,    6.81,   12.70,   12.14,    8.38,    7.13,    2.40,   19.94,    9.09,   17.59,    4.91,   12.97,    2.40,    9.63,    0.55,    5.98,    8.31,   29.49
202605,    2.55,    5.50,    5.02,    2.68,    5.84,    4.26,    7.37,   -1.15,    7.18,    8.86,    0.83,    2.56,    6.35,    0.81,   10.62,   -0.68,   -2.02,    3.58,    9.67
202606,    2.17,   -3.00,    4.17,    5.68,   -3.62,    3.59,    5.36,    1.98,    7.52,   -4.54,   -1.98,    2.60,    4.78,    3.09,    6.38,    1.16,    3.53,    3.87,    9.90


  Equal Weight Returns -- Monthly
,<= 0,Lo 30,Med 40,Hi 30,Lo 20,Qnt 2,Qnt 3,Qnt 4,Hi 20,Lo 10,2-Dec,3-Dec,4-Dec,5-Dec,6-Dec,7-Dec,8-Dec,9-Dec,Hi 10
192607,   -6.29,    2.65,    1.02,    0.37,    2.99,    2.04,    1.04,    1.40,   -0.89,    4.52,    1.49,    1.99,    2.09,    0.13,    1.97,   -0.09,    2.88,   -1.63,   -0.15
192608,   34.52,    1.35,    1.55,    5.68,    0.45,    1.97,    2.18,    2.77,    6.28,    0.34,    0.55,    3.14,    0.80,    2.68,    1.66,    1.06,    4.49,    6.00,    6.55
192609,   -5.04,   -1.57,   -0.30,    0.10,   -1.88,   -0.04,   -0.89,   -0.88,    0.87,    0.56,   -4.27,   -0.96,    0.88,   -0.68,   -1.10,   -0.33,   -1.44,   -2.19,    3.93
192610,   -7.11,   -3.72,   -3.33,   -2.82,   -4.06,   -2.91,   -3.14,   -3.14,   -3.22,   -4.31,   -3.83,   -3.03,   -2.78,   -2.31,   -3.98,   -4.25,   -2.02,   -4.56,   -1.88
192611,   -5.83,    2.15,    3.25,    2.80,    2.48,    2.98,    2.52,    3.49,    2.44,    4.44,    0.58,    1.50,    4.45,    3.56,    1.48,    3.48,    3.51,    2.23,    2.66
192612,   -9.19,    2.94,    2.02,    1.81,    3.47,    2.33,    1.18,    2.75,    1.42,    4.20,    2.76,    1.88,    2.77,    0.87,    1.49,    2.92,    2.58,    1.30,    1.54
192701,   40.10,   -0.12,   -0.50,    4.01,    0.36,   -1.01,   -0.97,    1.29,    5.16,    0.75,   -0.01,   -1.06,   -0.96,   -0.47,   -1.48,    0.87,    1.71,    1.81,    8.51
192702,  -15.01,    4.57,    4.79,    6.76,    4.34,    4.98,    4.56,    4.43,    8.29,    4.33,    4.34,    5.02,    4.93,    4.59,    4.53,    5.10,    3.75,    8.67,    7.89
192703,   13.67,   -1.27,   -1.33,   -3.31,   -0.85,   -1.13,   -2.12,   -1.99,   -3.45,   -0.07,   -1.62,   -2.10,   -0.16,   -1.51,   -2.74,   -0.99,   -3.04,   -4.11,   -2.75
192704,   -1.64,    0.48,    0.05,    2.91,    0.34,    0.36,   -0.70,    1.21,    3.94,    1.25,   -0.55,    0.75,   -0.04,   -0.60,   -0.80,    1.59,    0.80,    6.17,    1.61
192705,  -13.88,    4.63,    4.92,   10.33,    4.78,    4.94,    4.38,    7.38,   10.72,    4.57,    4.97,    4.34,    5.53,    3.95,    4.83,    5.34,    9.52,   11.92,    9.46
192706,   16.64,   -2.14,   -1.74,   -1.63,   -0.92,   -2.88,   -1.86,   -1.65,   -1.84,   -0.30,   -1.51,   -4.56,   -1.21,   -1.18,   -2.57,   -2.06,   -1.21,   -2.86,   -0.76
192707,    3.23,    7.02,    6.71,    5.08,    6.69,    8.36,    5.61,    5.49,    5.42,    8.03,    5.37,    7.70,    9.01,    5.56,    5.66,    6.54,    4.40,    6.83,    4.01
192708,    6.25,    2.64,   -0.50,   -1.34,    2.18,    1.41,    0.14,   -1.55,   -1.24,    4.03,    0.37,    3.57,   -0.70,   -0.06,    0.33,   -1.53,   -1.56,   -2.71,    0.24
192709,   -7.35,    3.46,    3.21,    2.43,    4.33,    3.17,    3.47,    2.40,    1.90,    3.57,    5.07,    1.71,    4.61,    3.48,    3.46,    1.32,    3.51,    2.68,    1.14
192710,    1.59,   -1.49,   -2.88,   -7.60,   -1.24,   -2.74,   -1.94,   -4.49,   -8.95,   -1.21,   -1.26,   -1.99,   -3.48,   -1.87,   -2.01,   -4.12,   -4.86,   -8.85,   -9.05
192711,    0.00,    8.29,    8.61,   10.33,    7.05,   10.08,    8.65,    8.69,   10.69,    7.98,    6.13,   10.80,    9.36,    9.47,    7.83,    7.79,    9.60,   11.62,    9.79
192712,    9.38,    4.00,    3.34,    3.39,    3.25,    3.80,    4.38,    3.36,    2.95,    3.97,    2.52,    5.47,    2.16,    4.63,    4.14,    2.49,    4.25,    4.37,    1.54
192801,    0.00,    1.81,    1.88,    4.88,    1.89,    2.31,    1.56,    1.84,    6.18,    1.46,    2.33,    1.66,    2.94,    0.67,    2.43,    1.44,    2.26,    3.20,    9.16
192802,  -31.43,   -2.46,   -1.58,   -3.47,   -2.60,   -1.73,   -1.81,   -1.55,   -4.37,   -2.54,   -2.67,   -2.19,   -1.28,   -3.61,   -0.05,   -1.44,   -1.66,   -3.51,   -5.23
192803,   45.83,    8.44,    6.72,    7.98,    8.68,    8.33,    6.42,    4.38,   10.29,    9.59,    7.73,    7.98,    8.68,    7.33,    5.52,    5.36,    3.37,   10.23,   10.34
192804,   -5.71,    4.26,    7.84,   11.41,    3.80,    8.44,    7.18,    4.71,   15.07,    1.59,    6.16,    5.16,   11.72,    8.12,    6.27,    5.32,    4.08,    7.69,   22.45
192805,   -7.58,    2.80,    3.18,    4.02,    2.54,    2.23,    3.14,    4.37,    4.28,    4.54,    0.40,    3.30,    1.15,    4.59,    1.73,    5.23,    3.49,    4.40,    4.16
192806,   42.62,   -5.94,   -6.44,   -7.49,   -6.05,   -4.69,   -7.20,   -7.19,   -7.88,   -5.33,   -6.82,   -5.74,   -3.62,   -7.07,   -7.34,   -7.67,   -6.70,   -9.71,   -6.06
192807,  -10.34,    0.48,    0.21,   -0.56,    0.98,   -0.98,    0.73,    0.62,   -1.08,    0.55,    1.43,   -0.52,   -1.44,    0.58,    0.88,    0.77,    0.47,   -1.44,   -0.73
192808,    6.41,    7.99,    5.55,    4.39,    8.19,    6.59,    5.54,    4.27,    5.08,    7.92,    8.47,    7.59,    5.56,    6.67,    4.41,    5.54,    3.03,    8.62,    1.61
192809,    0.00,    4.45,    3.54,    7.70,    4.26,    3.59,    4.02,    3.50,    9.90,    4.74,    3.77,    4.82,    2.34,    4.93,    3.12,    3.75,    3.26,    9.92,    9.89
192810,    1.20,    1.88,    1.63,    1.57,    2.15,    1.88,    1.57,    1.62,    1.21,    1.66,    2.65,    1.35,    2.43,    1.93,    1.21,    0.96,    2.28,    2.77,   -0.31
192811,   59.52,   10.52,   12.18,   11.68,   10.71,   11.16,   11.55,   11.65,   12.59,   12.39,    8.97,   10.14,   12.19,   12.74,   10.37,   13.46,    9.83,   15.52,    9.72
192812,   -1.49,    1.00,   -0.28,   -2.22,    1.17,    0.46,   -0.58,   -0.78,   -2.64,    0.67,    1.70,    0.67,    0.25,   -0.08,   -1.08,   -0.20,   -1.36,   -2.97,   -2.32
192901,   -3.03,    4.33,    2.45,    3.22,    3.69,    4.66,    1.38,    3.60,    2.92,    2.64,    4.78,    5.60,    3.69,    1.99,    0.77,    3.39,    3.81,    0.80,    4.96
192902,   -9.38,   -0.05,    1.09,    0.27,   -0.34,    0.90,    1.24,    0.39,    0.29,    0.95,   -1.72,    0.50,    1.31,    2.90,   -0.40,    0.56,    0.22,    0.40,    0.19
192903,  -13.79,   -3.73,   -1.42,   -3.92,   -3.56,   -3.42,   -0.60,   -2.87,   -3.85,   -2.97,   -4.19,   -4.04,   -2.80,   -0.87,   -0.33,   -1.70,   -4.07,   -4.40,   -3.30
192904,   16.00,    1.43,    1.56,    0.77,    1.99,    0.74,    1.79,    1.04,    0.87,    3.93,   -0.04,    0.35,    1.14,    3.81,   -0.15,    1.50,    0.57,    2.32,   -0.55
192905,   17.24,   -7.51,   -8.04,  -11.70,   -7.21,   -8.88,   -7.70,  -10.23,  -10.83,   -6.81,   -7.63,   -8.08,   -9.69,   -7.48,   -7.90,   -7.08,  -13.44,  -11.26,  -10.40
192906,  -17.65,    9.85,    8.53,    5.72,   10.01,    9.59,    8.26,    7.13,    5.43,   10.08,    9.93,    9.54,    9.63,   10.92,    5.71,    7.97,    6.30,    7.28,    3.59
192907,   -2.96,    1.80,    1.32,    2.63,    1.71,    2.95,    0.82,   -0.06,    3.87,    1.22,    2.21,    1.99,    3.90,    0.70,    0.94,   -0.28,    0.16,    5.71,    2.03
192908,    8.49,    2.85,    3.29,    0.76,    3.42,    2.08,    3.55,    4.31,   -1.36,    1.30,    5.57,    1.72,    2.44,    3.69,    3.41,    3.61,    5.01,   -0.36,   -2.36
192909,   -5.90,   -3.75,   -3.82,   -5.25,   -4.89,   -1.58,   -4.56,   -4.82,   -5.31,   -4.87,   -4.91,   -1.52,   -1.64,   -3.89,   -5.24,   -4.52,   -5.11,   -7.18,   -3.45
192910,  -13.84,  -24.03,  -18.43,  -18.28,  -25.32,  -21.90,  -17.75,  -16.47,  -18.89,  -26.44,  -24.21,  -21.45,  -22.34,  -18.48,  -17.01,  -15.87,  -17.07,  -18.19,  -19.58
192911,  -13.98,  -14.05,   -9.80,  -11.14,  -13.70,  -14.18,   -8.05,   -9.44,  -12.01,  -13.38,  -14.02,  -14.74,  -13.64,   -7.96,   -8.14,   -9.43,   -9.44,  -12.29,  -11.72
192912,   -3.16,   -0.48,   -3.80,   -2.58,    0.73,   -3.46,   -4.35,   -1.97,   -3.13,    0.93,    0.53,   -2.89,   -4.02,   -3.50,   -5.22,   -2.47,   -1.49,   -2.45,   -3.82
193001,    4.41,    8.44,   10.11,   10.97,    7.51,   11.54,    9.58,    7.10,   13.59,    7.49,    7.53,   10.28,   12.79,    9.08,   10.10,    8.49,    5.75,   14.74,   12.43
193002,    7.21,    3.59,    1.86,    3.67,    2.33,    5.02,    0.98,    1.75,    4.48,    1.85,    2.81,    6.09,    3.95,    1.04,    0.92,    1.50,    2.01,    5.89,    3.07
193003,   -1.21,    8.15,    9.69,   13.51,    7.70,    7.37,    9.35,   12.95,   14.49,    9.90,    5.47,    9.04,    5.70,    8.38,   10.39,   14.35,   11.55,   12.09,   16.93
193004,  -11.39,   -4.82,   -3.40,   -6.60,   -2.46,   -5.57,   -4.14,   -4.36,   -7.42,   -1.74,   -3.19,   -9.51,   -1.47,   -4.95,   -3.28,   -3.77,   -4.95,   -4.93,   -9.97
193005,  -12.96,   -2.42,   -3.25,   -4.43,   -2.55,   -2.49,   -3.72,   -3.25,   -4.78,   -3.37,   -1.71,   -2.18,   -2.80,   -2.50,   -5.05,   -2.77,   -3.73,   -5.19,   -4.35
193006,  -39.75,  -19.06,  -17.32,  -17.77,  -19.63,  -18.97,  -16.75,  -15.55,  -19.01,  -21.74,  -17.53,  -17.93,  -20.05,  -16.23,  -17.31,  -15.81,  -15.29,  -17.57,  -20.51
193007,  -12.22,    5.11,    3.76,    2.73,    5.30,    5.17,    4.27,    3.06,    1.47,    5.15,    5.45,    4.73,    5.61,    5.08,    3.46,    0.87,    5.24,    4.94,   -2.00
193008,   22.62,   -0.65,   -2.02,   -0.84,   -0.80,   -1.16,   -1.69,   -2.76,    0.15,    0.19,   -1.80,   -0.35,   -1.97,   -2.57,   -0.79,   -2.71,   -2.80,   -4.32,    4.69
193009,  -13.05,  -13.55,  -13.66,  -19.03,  -12.86,  -13.79,  -14.07,  -16.44,  -19.04,  -14.05,  -11.68,  -14.94,  -12.62,  -13.61,  -14.53,  -13.86,  -19.01,  -19.89,  -18.18
193010,   -9.31,  -11.04,   -9.41,   -8.25,  -11.37,   -9.34,   -8.72,  -11.40,   -6.91,  -10.55,  -12.19,  -10.37,   -8.29,   -8.50,   -8.95,  -11.90,  -10.91,  -10.73,   -3.02
193011,  -25.37,   -0.04,   -2.52,   -3.30,   -0.68,    0.37,   -3.24,   -2.85,   -3.62,   -2.65,    1.30,    1.24,   -0.53,   -4.20,   -2.26,   -3.03,   -2.66,   -3.76,   -3.47
193012,   -6.05,   -9.19,  -12.49,  -19.10,   -8.29,  -11.10,  -12.38,  -14.77,  -20.89,   -8.70,   -7.88,  -10.98,  -11.22,  -11.56,  -13.22,  -13.98,  -15.54,  -20.09,  -21.71
193101,   15.45,    7.89,   11.79,   22.03,    7.62,    9.61,   11.37,   15.74,   24.16,    6.59,    8.65,    8.43,   10.84,   10.02,   12.74,   13.62,   17.80,   21.14,   27.23
193102,   20.40,   14.21,   13.11,   19.69,   13.82,   14.44,   13.43,   14.45,   20.97,   12.97,   14.68,   14.98,   13.89,   13.25,   13.61,   11.65,   17.16,   29.27,   12.38
193103,   -3.74,   -5.65,   -6.62,   -5.71,   -4.52,   -7.93,   -6.13,   -7.67,   -3.98,   -4.04,   -5.01,   -7.88,   -7.99,   -7.21,   -5.03,   -6.26,   -9.03,   -6.26,   -1.54
193104,  -18.06,  -12.51,  -14.97,  -17.19,  -12.58,  -13.37,  -14.78,  -16.08,  -17.73,  -12.87,  -12.29,  -12.36,  -14.39,  -14.62,  -14.93,  -15.99,  -16.18,  -17.90,  -17.54
193105,  -21.69,  -12.81,  -13.83,  -15.48,  -12.40,  -12.03,  -15.52,  -14.88,  -15.28,  -11.73,  -13.09,  -13.61,  -10.42,  -17.15,  -13.86,  -13.86,  -15.85,  -15.94,  -14.57
193106,    8.73,   15.17,   16.16,   24.75,   14.44,   14.98,   16.03,   21.85,   25.04,   16.01,   12.84,   16.63,   13.30,   16.32,   15.73,   19.38,   24.20,   23.06,   27.17
193107,  -18.08,   -5.95,   -8.76,   -5.48,   -5.83,   -6.32,   -9.05,   -7.97,   -5.49,   -5.95,   -5.70,   -6.20,   -6.45,   -7.74,  -10.39,  -10.51,   -5.47,   -6.59,   -4.38
193108,   -0.44,   -0.14,   -1.00,   -4.03,    0.47,   -0.84,   -0.85,   -2.14,   -4.92,    0.87,    0.08,   -1.39,   -0.29,   -1.37,   -0.32,   -2.03,   -2.25,   -2.44,   -7.41
193109,  -15.83,  -29.04,  -31.38,  -32.91,  -29.86,  -29.00,  -32.04,  -33.10,  -31.71,  -29.11,  -30.61,  -27.41,  -30.59,  -32.32,  -31.76,  -30.86,  -35.30,  -35.17,  -28.19
193110,   29.66,    9.03,    9.70,   12.09,    9.63,   10.03,    8.96,   11.72,   10.75,   10.49,    8.77,    7.85,   12.20,   10.60,    7.32,    8.64,   14.74,   13.00,    8.46
193111,   -4.80,   -6.97,   -9.80,   -9.76,   -6.79,   -8.36,   -9.42,  -10.11,  -10.03,   -5.62,   -7.95,   -7.33,   -9.40,  -11.03,   -7.80,  -11.01,   -9.23,  -11.95,   -8.04
193112,  -32.03,  -13.32,  -18.58,  -24.32,  -12.68,  -16.15,  -18.33,  -22.50,  -23.99,  -13.39,  -11.98,  -14.59,  -17.74,  -17.56,  -19.08,  -19.95,  -24.97,  -20.30,  -27.80
193201,   24.63,    0.49,    6.92,   18.22,   -0.13,    1.82,    7.11,   14.64,   18.58,    0.46,   -0.71,    1.70,    1.93,    3.70,   10.53,   11.62,   17.51,   14.27,   23.11
193202,   -6.80,    3.15,    2.29,    1.01,    3.47,    3.91,    1.92,   -0.09,    1.60,    3.34,    3.59,    2.51,    5.37,    0.82,    3.05,   -0.01,   -0.16,    2.55,    0.63
193203,    0.80,  -11.78,  -13.03,  -11.40,  -10.80,  -14.26,  -12.19,  -12.31,  -11.24,   -9.45,  -12.14,  -13.72,  -14.82,   -9.42,  -14.96,  -12.90,  -11.73,  -11.84,  -10.61
193204,  -20.94,  -19.03,  -17.85,  -18.85,  -19.09,  -16.00,  -18.29,  -18.78,  -20.39,  -18.71,  -19.47,  -18.89,  -13.05,  -18.19,  -18.40,  -21.79,  -15.86,  -20.26,  -20.51
193205,    2.67,  -21.34,  -23.94,  -14.64,  -21.77,  -23.36,  -23.88,  -20.01,  -12.67,  -20.91,  -22.63,  -20.48,  -26.24,  -20.50,  -27.21,  -21.70,  -18.37,  -16.99,   -8.27
193206,   10.48,    3.18,    4.30,    4.37,    2.91,    2.37,    2.81,    5.83,    6.05,    1.52,    4.30,    3.72,    1.01,    0.69,    4.94,   10.71,    1.12,    9.50,    2.49
193207,   28.02,   29.61,   39.83,   62.19,   29.61,   32.67,   39.49,   52.03,   63.52,   28.00,   31.20,   29.61,   35.67,   38.52,   40.46,   44.67,   59.52,   68.42,   58.53
193208,  115.21,   36.53,   61.27,   92.87,   35.37,   46.94,   58.61,   73.75,  101.91,   32.69,   38.01,   38.86,   54.89,   54.88,   62.34,   72.89,   74.62,   95.74,  108.18
193209,  -19.02,   -1.54,   -3.88,  -11.29,   -0.64,   -4.17,   -5.29,   -4.85,  -12.05,   -0.59,   -0.69,   -3.35,   -4.98,   -6.20,   -4.38,   -0.02,   -9.77,  -12.67,  -11.42
193210,  -12.61,  -10.77,  -18.27,  -21.20,  -11.00,  -14.57,  -17.91,  -20.41,  -20.59,  -11.01,  -10.99,  -10.30,  -18.76,  -17.61,  -18.21,  -18.49,  -22.40,  -20.62,  -20.56
193211,    1.53,   -2.53,   -7.57,  -13.41,   -3.13,   -4.06,   -8.06,   -9.31,  -14.50,   -2.45,   -3.80,   -1.33,   -6.74,   -7.88,   -8.23,   -7.45,  -11.24,  -14.00,  -15.02
193212,  -12.86,    1.26,   -1.94,   -7.60,    2.71,   -1.32,    0.21,   -9.04,   -5.87,    2.00,    3.41,   -1.67,   -0.98,    0.91,   -0.49,   -7.12,  -11.02,   -7.79,   -3.85
193301,   -4.23,    4.13,    2.47,    7.52,    2.84,    4.14,    3.74,    4.00,    7.63,    2.14,    3.52,    6.74,    1.59,    4.17,    3.32,    0.87,    7.29,    5.10,   10.41
193302,   -3.76,  -14.73,  -17.31,  -16.13,  -15.02,  -17.47,  -16.48,  -15.45,  -16.50,  -14.82,  -15.21,  -14.15,  -20.74,  -18.01,  -14.98,  -15.49,  -15.41,  -17.70,  -15.18
193303,    4.45,    5.66,   10.62,   14.38,    4.55,   11.23,    7.05,   12.46,   16.03,    4.97,    4.14,    7.91,   14.55,    7.21,    6.89,   13.73,   11.13,   16.06,   15.99
193304,   65.18,   35.78,   58.07,   62.61,   35.45,   47.89,   58.79,   59.64,   61.85,   36.10,   34.81,   36.45,   59.34,   55.24,   62.22,   55.41,   64.10,   52.94,   71.42
193305,  116.25,   32.56,   57.11,   86.34,   29.50,   45.55,   54.83,   77.02,   85.27,   25.58,   33.36,   38.71,   52.39,   55.43,   54.25,   66.17,   88.44,   92.71,   77.28
193306,   32.17,   12.21,   23.81,   27.81,   12.65,   17.64,   19.83,   23.89,   33.91,   10.90,   14.37,   11.32,   23.96,   17.54,   22.05,   31.35,   16.03,   28.61,   39.60
193307,   12.90,  -10.25,  -12.54,   -5.47,   -9.62,  -12.32,  -12.12,   -9.99,   -4.64,   -9.11,  -10.12,  -11.54,  -13.09,  -13.31,  -10.94,  -12.80,   -7.14,   -8.75,   -0.47
193308,    6.62,   12.95,   13.45,    9.24,   11.89,   15.36,   13.14,   10.99,    8.82,   10.92,   12.85,   15.07,   15.65,   13.14,   13.13,   11.87,   10.09,   12.09,    5.50
193309,  -20.48,  -10.00,  -14.36,  -20.03,   -9.01,  -10.93,  -15.91,  -14.88,  -23.03,   -6.94,  -11.05,  -11.98,   -9.90,  -15.38,  -16.43,  -15.77,  -13.98,  -19.80,  -26.31
193310,  -14.45,   -7.71,  -10.54,  -14.10,   -7.38,   -8.69,  -11.28,  -13.00,  -13.44,   -8.02,   -6.75,   -8.39,   -8.98,  -10.91,  -11.66,  -10.63,  -15.41,  -14.06,  -12.80
193311,  -10.37,    6.79,    7.31,    7.76,    6.54,    8.45,    6.45,    9.80,    5.21,    5.84,    7.24,    7.30,    9.62,    6.12,    6.77,    6.78,   12.87,   10.02,    0.24
193312,   -2.31,    2.28,    2.31,    1.43,    1.26,    3.56,    4.33,   -0.54,    1.61,   -1.02,    3.50,    4.34,    2.79,    5.95,    2.71,   -2.13,    1.08,    6.31,   -3.26
193401,   40.27,   19.59,   30.23,   44.12,   18.91,   22.30,   30.46,   34.55,   49.80,   21.06,   16.79,   20.98,   23.63,   27.95,   32.97,   36.35,   32.75,   37.10,   62.94
193402,    0.70,   -1.39,    1.55,    3.15,   -2.18,    0.96,    1.11,    2.01,    3.86,   -2.65,   -1.73,    0.23,    1.67,   -1.29,    3.54,    2.30,    1.71,    2.14,    5.64
193403,   16.43,    1.03,    1.11,   -0.90,    1.73,    1.03,    0.37,    0.17,   -0.90,    2.61,    0.86,   -0.38,    2.43,    0.55,    0.18,    1.22,   -0.89,   -2.89,    1.16
193404,    2.49,    0.09,   -0.31,    0.38,    0.06,    0.06,   -0.77,    0.73,    0.01,    1.12,   -0.98,    0.15,   -0.02,   -2.03,    0.51,    0.33,    1.13,    0.00,    0.03
193405,  -18.44,   -7.58,  -10.49,  -14.46,   -6.89,   -8.94,  -11.07,  -11.76,  -15.41,   -7.37,   -6.42,   -8.96,   -8.91,  -10.33,  -11.83,  -10.95,  -12.56,  -15.75,  -15.05
193406,   -8.82,    2.22,    0.63,   -0.71,    2.43,    1.91,    0.86,    0.06,   -1.75,    0.83,    4.01,    1.79,    2.04,    1.12,    0.59,   -1.24,    1.37,   -1.47,   -2.05
193407,  -28.16,  -12.89,  -18.35,  -24.87,  -12.54,  -14.29,  -18.18,  -23.11,  -25.21,  -10.54,  -14.55,  -13.58,  -14.99,  -17.67,  -18.69,  -22.03,  -24.18,  -24.54,  -25.89
193408,   18.35,    7.59,    9.30,   12.58,    7.14,    8.39,    8.48,   12.23,   12.62,    6.28,    7.99,    8.51,    8.27,    5.72,   11.24,   11.98,   12.49,    9.68,   15.62
193409,   -3.01,   -0.82,   -0.56,   -2.17,   -0.81,   -0.29,   -1.53,   -0.72,   -2.24,   -0.97,   -0.66,   -0.82,    0.24,   -1.69,   -1.37,    0.58,   -2.02,   -2.06,   -2.42
193410,   -8.36,    0.60,   -1.84,   -5.10,    0.89,    0.37,   -1.50,   -5.27,   -4.91,    1.16,    0.61,    0.04,    0.70,   -0.66,   -2.34,   -5.05,   -5.48,   -5.43,   -4.39
193411,   20.49,   13.63,   13.85,   13.10,   12.95,   13.10,   15.36,   16.25,   10.16,   11.43,   14.47,   14.98,   11.23,   15.21,   15.52,   13.49,   18.93,   16.28,    3.94
193412,   -1.89,    2.21,    2.21,   -0.52,    2.24,    2.53,    2.12,    2.37,   -2.33,    1.14,    3.33,    2.17,    2.90,    1.83,    2.43,    1.69,    3.03,   -2.86,   -1.79
193501,    6.49,   -4.06,   -3.18,   -2.87,   -3.57,   -3.86,   -3.74,   -2.25,   -3.34,   -3.20,   -3.93,   -5.04,   -2.67,   -3.59,   -3.89,   -2.56,   -1.96,   -4.67,   -2.01
193502,  -18.30,   -1.99,   -4.43,  -10.30,   -1.41,   -3.18,   -2.80,   -7.91,  -12.05,    0.04,   -2.86,   -3.14,   -3.22,   -0.98,   -4.68,   -8.98,   -6.87,   -9.50,  -14.59
193503,  -12.24,   -5.08,   -6.90,  -11.05,   -4.67,   -6.58,   -5.34,  -10.31,  -11.12,   -3.63,   -5.74,   -5.89,   -7.27,   -5.25,   -5.44,   -9.68,  -10.92,   -6.94,  -15.23
193504,    1.87,    8.93,    9.74,   11.82,    8.07,   10.34,    9.52,   10.85,   11.83,    6.38,    9.79,   10.63,   10.05,    7.66,   11.45,    9.86,   11.81,   11.34,   12.31
193505,    5.18,    0.67,    3.13,    3.17,    0.90,    1.29,    3.35,    3.49,    3.01,    1.20,    0.59,    0.23,    2.35,    3.51,    3.19,    3.49,    3.49,    5.58,    0.48
193506,   -1.75,    5.96,    5.07,    1.48,    5.54,    8.14,    4.78,    3.46,   -0.69,    4.87,    6.21,    6.78,    9.51,    4.84,    4.72,    1.09,    5.79,    1.44,   -2.78
193507,   14.47,    8.20,   10.92,   12.68,    6.84,   10.46,   11.42,   12.14,   12.29,    6.84,    6.83,   10.90,   10.02,   14.42,    8.37,   10.83,   13.47,   12.84,   11.73
193508,    9.46,    1.41,    5.66,   14.93,    0.79,    2.74,    5.52,   10.44,   16.35,    1.01,    0.57,    2.66,    2.83,    7.51,    3.47,    8.78,   12.10,   10.51,   22.29
193509,   -5.34,    3.28,    4.17,   -0.04,    3.06,    4.50,    2.60,    5.68,   -2.60,    2.16,    3.99,    3.72,    5.27,    3.74,    1.42,    6.23,    5.13,   -0.31,   -4.92
193510,   17.91,    7.38,    9.85,    7.24,    6.81,    8.18,    9.43,   10.79,    6.42,    6.61,    7.02,    8.51,    7.86,    8.90,    9.96,   12.68,    8.88,   11.28,    1.48
193511,   41.76,    6.44,    8.85,   28.49,    7.18,    6.07,    9.49,   13.49,   33.80,    5.35,    9.08,    4.96,    7.17,    9.66,    9.32,    9.25,   17.80,   19.63,   48.20
193512,   21.81,    4.25,    7.69,    4.98,    4.97,    3.65,    9.78,    6.42,    4.42,    6.89,    2.99,    2.77,    4.50,    6.99,   12.62,    6.72,    6.11,    6.46,    2.34
193601,   41.15,    6.72,   10.45,   27.97,    6.14,    8.44,   10.07,   16.66,   31.60,    6.74,    5.52,    7.89,    8.97,    9.69,   10.45,   12.68,   20.70,   18.39,   44.81
193602,   -3.56,    2.50,    6.31,    5.45,    2.48,    3.59,    6.47,    6.30,    5.74,    2.50,    2.46,    2.54,    4.63,    6.56,    6.37,    7.68,    4.89,    7.74,    3.73
193603,    4.61,    1.14,    1.51,   -1.07,    1.31,    0.87,    2.08,    1.56,   -2.71,    0.83,    1.81,    0.81,    0.94,    1.80,    2.36,    0.95,    2.18,   -0.22,   -5.24
193604,  -10.99,   -8.78,  -12.25,  -15.92,   -8.67,  -10.41,  -12.08,  -13.00,  -17.43,   -9.19,   -8.14,   -9.00,  -11.82,  -12.11,  -12.05,  -13.02,  -12.97,  -15.45,  -19.48
193605,   -5.75,    3.82,    4.79,    7.88,    4.43,    3.52,    4.66,    5.97,    8.54,    4.57,    4.28,    2.59,    4.44,    4.86,    4.47,    5.37,    6.58,    6.14,   11.02
193606,   -0.71,    0.94,    0.62,   -2.32,    1.11,    1.01,   -0.09,   -0.35,   -2.49,    0.40,    1.84,    0.60,    1.40,    0.18,   -0.37,    1.26,   -1.98,   -1.96,   -3.04
193607,    3.37,    7.10,    7.87,    9.25,    6.94,    7.13,    8.69,    8.74,    8.76,    9.97,    3.87,    7.42,    6.84,    8.56,    8.82,    7.23,   10.23,    7.65,    9.86
193608,    1.87,    0.48,    2.30,    3.64,   -0.22,    1.65,    2.50,    3.14,    3.70,   -2.00,    1.59,    1.86,    1.44,    2.87,    2.13,    2.76,    3.52,    3.14,    4.25
193609,    2.67,    2.18,    3.17,    4.68,    2.32,    2.70,    2.15,    5.07,    4.39,    2.65,    1.98,    1.91,    3.51,    2.97,    1.33,    4.89,    5.24,    1.70,    7.04
193610,   14.26,    4.59,    7.54,    8.39,    4.55,    4.51,    8.84,    8.96,    7.67,    4.43,    4.67,    4.68,    4.34,    7.61,   10.07,    8.11,    9.80,    8.33,    7.02
193611,   12.15,    7.47,    7.65,   12.18,    7.68,    6.36,    7.65,   10.38,   12.71,    8.06,    7.29,    7.05,    5.67,    7.45,    7.85,    9.62,   11.13,   14.74,   10.72
193612,    7.52,    0.44,    2.39,    4.54,    0.02,    1.63,    2.27,    2.73,    5.62,   -1.15,    1.22,    1.28,    1.98,    2.09,    2.44,    3.04,    2.43,    5.48,    5.76
193701,   21.22,    4.68,    7.10,   10.24,    5.23,    4.66,    6.66,    8.42,   11.62,    6.33,    4.12,    3.55,    5.76,    3.96,    9.32,    9.32,    7.54,   11.85,   11.39
193702,   -1.90,    1.08,    0.93,    6.43,    0.22,    2.35,    0.18,    3.49,    6.91,   -0.07,    0.51,    2.82,    1.89,    0.91,   -0.55,    1.48,    5.47,    4.55,    9.24
193703,   -1.54,   -2.05,   -0.44,    3.57,   -2.61,   -1.89,    0.88,    0.24,    4.82,   -3.28,   -1.92,   -0.92,   -2.86,   -0.53,    2.28,   -0.66,    1.14,    5.10,    4.54
193704,  -12.58,   -8.00,   -9.69,  -12.89,   -7.66,   -8.70,   -9.44,  -11.15,  -13.78,   -7.92,   -7.39,   -8.68,   -8.73,   -8.78,  -10.11,  -11.13,  -11.18,  -12.20,  -15.31
193705,   -5.49,   -0.87,   -2.18,   -3.72,   -0.46,   -2.02,   -2.42,   -2.50,   -3.87,   -0.87,   -0.05,   -1.70,   -2.34,   -2.83,   -2.01,   -1.52,   -3.45,   -1.75,   -5.88
193706,  -18.06,   -5.67,   -6.94,  -10.74,   -5.72,   -6.28,   -6.23,   -7.61,  -12.73,   -5.50,   -5.94,   -5.57,   -6.98,   -6.17,   -6.29,   -8.32,   -6.92,   -9.47,  -15.82
193707,   19.13,    9.88,    9.60,   10.31,    9.48,   10.87,    9.25,    9.32,   10.56,   10.37,    8.58,   10.68,   11.06,   10.51,    7.97,    8.83,    9.80,    9.99,   11.12
193708,   -8.99,   -4.00,   -5.00,   -6.88,   -3.60,   -5.09,   -5.18,   -5.16,   -7.30,   -2.99,   -4.22,   -4.81,   -5.38,   -4.93,   -5.44,   -4.27,   -6.05,   -5.40,   -9.20
193709,  -19.21,  -18.22,  -18.63,  -21.78,  -18.21,  -18.84,  -18.22,  -19.31,  -22.69,  -18.66,  -17.76,  -18.26,  -19.42,  -19.15,  -17.27,  -18.68,  -19.95,  -22.39,  -23.00
193710,  -11.48,  -10.17,   -9.76,  -10.20,  -10.07,   -9.87,   -9.68,  -10.02,  -10.43,  -10.47,   -9.66,  -10.36,   -9.38,   -9.05,  -10.32,  -10.31,   -9.74,   -9.55,  -11.31
193711,   -9.54,   -9.98,  -10.84,  -12.45,   -9.32,  -11.01,  -10.94,  -10.96,  -13.09,   -8.19,  -10.46,  -11.29,  -10.73,   -9.68,  -12.21,  -10.75,  -11.17,  -12.04,  -14.14
193712,  -14.58,   -8.53,  -10.16,  -12.49,   -7.33,  -10.58,  -10.07,  -10.67,  -13.21,   -7.69,   -6.96,  -10.94,  -10.21,  -10.19,   -9.95,  -10.28,  -11.06,   -8.63,  -17.79
193801,   -1.54,    2.86,    5.31,    4.55,    2.54,    4.21,    5.30,    5.05,    4.63,    2.91,    2.16,    3.50,    4.92,    4.55,    6.05,    5.71,    4.39,    3.51,    5.73
193802,  -10.12,    8.03,    6.37,    4.71,    8.11,    7.37,    6.61,    5.87,    3.88,    7.65,    8.58,    7.86,    6.88,    6.97,    6.25,    5.37,    6.39,    3.62,    4.14
193803,  -30.43,  -27.44,  -27.74,  -32.17,  -27.17,  -28.31,  -27.22,  -28.66,  -33.51,  -27.53,  -26.81,  -27.97,  -28.65,  -27.46,  -26.97,  -27.89,  -29.44,  -27.95,  -39.07
193804,   26.00,   20.20,   19.88,   21.87,   20.45,   19.93,   19.07,   20.32,   23.08,   20.70,   20.20,   19.71,   20.15,   19.87,   18.25,   21.20,   19.44,   19.08,   27.08
193805,  -14.81,   -7.33,   -7.25,   -6.33,   -7.82,   -6.69,   -6.75,   -6.94,   -6.79,   -7.31,   -8.32,   -6.35,   -7.04,   -7.35,   -6.14,   -8.44,   -5.43,   -6.73,   -6.85
193806,   33.93,   32.11,   31.34,   30.42,   32.59,   32.37,   30.85,   29.63,   31.03,   32.50,   32.67,   31.17,   33.58,   30.82,   30.88,   30.05,   29.20,   31.57,   30.49
193807,   10.68,   10.26,   12.72,   14.79,    9.89,   12.02,   13.37,   12.66,   15.07,    8.78,   11.00,   10.99,   13.06,   14.16,   12.57,   11.09,   14.22,   14.91,   15.23
193808,  -25.53,   -3.08,   -5.21,  -10.08,   -3.11,   -3.99,   -4.70,   -6.54,  -11.83,   -2.87,   -3.34,   -3.04,   -4.93,   -4.52,   -4.88,   -6.51,   -6.57,  -10.42,  -13.24
193809,    2.28,   -0.30,   -1.48,   -2.24,   -0.12,   -0.72,   -1.90,   -1.50,   -2.55,   -0.50,    0.24,   -0.67,   -0.78,   -2.68,   -1.12,   -1.35,   -1.64,   -1.46,   -3.65
193810,   16.19,   11.00,   14.04,   17.69,   10.68,   12.76,   13.22,   15.94,   18.53,   10.70,   10.66,   11.66,   13.85,   14.92,   11.52,   15.85,   16.02,   19.50,   17.54
193811,  -24.39,   -1.67,   -1.70,   -6.62,   -1.53,   -2.46,   -2.05,   -2.48,   -7.33,    0.16,   -3.21,   -1.97,   -2.94,   -1.17,   -2.94,    0.24,   -5.20,   -4.82,   -9.89
193812,   -4.79,    4.17,    3.13,    1.18,    4.05,    4.43,    3.56,    1.03,    1.21,    4.33,    3.77,    4.42,    4.45,    3.52,    3.61,    0.95,    1.12,    2.07,    0.35
193901,   -5.85,   -6.65,   -7.87,   -8.61,   -6.39,   -7.93,   -7.80,   -7.20,   -9.32,   -5.82,   -6.95,   -7.17,   -8.67,   -7.62,   -7.99,   -7.18,   -7.23,  -10.33,   -8.29
193902,   -3.83,    3.55,    4.28,    5.38,    2.92,    4.91,    4.02,    3.84,    6.28,    3.81,    2.02,    4.82,    5.00,    4.24,    3.79,    4.06,    3.62,    5.81,    6.77
193903,  -19.15,  -13.68,  -17.32,  -21.30,  -13.24,  -15.95,  -17.10,  -18.98,  -21.86,  -10.60,  -15.89,  -14.54,  -17.34,  -17.11,  -17.09,  -17.74,  -20.20,  -21.93,  -21.79
193904,   -4.33,   -0.25,   -0.22,    1.20,   -0.11,   -0.45,   -0.33,    0.01,    1.86,   -0.12,   -0.11,   -0.54,   -0.36,    0.02,   -0.69,    0.13,   -0.10,    4.54,   -0.89
193905,    4.22,    8.37,    8.67,    8.66,    8.09,    9.03,    9.03,    7.96,    8.77,    7.15,    9.03,    8.93,    9.14,    8.31,    9.75,    7.48,    8.44,    9.07,    8.47
193906,  -13.23,   -6.47,   -8.22,  -11.03,   -6.44,   -6.96,   -8.48,   -9.32,  -11.53,   -5.23,   -7.63,   -6.54,   -7.38,   -7.99,   -8.97,   -8.55,  -10.06,  -11.59,  -11.47
193907,    4.68,   13.80,   13.72,   13.71,   13.30,   14.98,   13.94,   12.20,   14.27,   11.06,   15.57,   14.78,   15.17,   14.75,   13.13,   11.83,   12.58,   14.65,   13.89
193908,  -13.84,  -10.24,  -10.39,  -11.41,   -9.63,  -10.97,  -11.03,  -10.26,  -11.36,   -8.70,  -10.57,  -11.46,  -10.49,  -11.99,  -10.05,   -9.03,  -11.51,  -12.09,  -10.63
193909,  116.30,   23.17,   32.87,   66.64,   22.39,   25.52,   34.90,   34.89,   82.65,   24.40,   20.34,   24.71,   26.32,   36.86,   32.90,   35.38,   34.40,   49.55,  115.28
193910,  -17.51,    2.07,   -0.40,   -3.72,    2.09,    1.22,   -0.61,   -0.06,   -5.94,    2.48,    1.70,    2.03,    0.41,   -1.01,   -0.21,   -0.80,    0.70,   -1.84,  -10.10
193911,  -15.52,   -5.11,   -6.77,  -13.21,   -4.81,   -6.26,   -7.19,   -7.43,  -15.37,   -4.80,   -4.81,   -5.72,   -6.80,   -7.63,   -6.74,   -5.91,   -8.97,  -10.82,  -20.04
193912,  -21.14,    3.55,    2.02,   -0.70,    4.36,    2.29,    2.38,    0.39,   -1.11,    4.49,    4.24,    1.94,    2.65,    3.90,    0.83,    0.67,    0.11,    1.15,   -3.46
194001,   11.23,   -2.01,   -1.82,   -2.73,   -1.60,   -1.92,   -2.38,   -2.25,   -2.58,   -1.29,   -1.92,   -2.82,   -1.02,   -1.96,   -2.82,   -1.48,   -3.02,   -2.29,   -2.88
194002,   -7.51,    2.04,    3.25,    4.32,    1.37,    3.57,    3.37,    3.17,    4.55,    0.68,    2.06,    3.38,    3.76,    3.11,    3.64,    2.49,    3.87,    5.60,    3.44
194003,   11.95,    3.08,    1.84,    2.92,    3.84,    2.23,    1.27,    2.57,    2.77,    3.85,    3.82,    1.58,    2.89,    2.69,   -0.18,    1.93,    3.21,    3.25,    2.25
194004,  -14.00,    0.50,    1.45,    3.03,    0.47,    0.35,    1.64,    1.76,    4.01,    1.48,   -0.55,    0.55,    0.14,    1.34,    1.95,    2.38,    1.12,    5.78,    2.13
194005,  -29.40,  -25.68,  -26.19,  -30.13,  -25.22,  -25.75,  -27.41,  -25.96,  -31.81,  -23.84,  -26.61,  -26.60,  -24.91,  -26.34,  -28.49,  -25.06,  -26.87,  -31.27,  -32.37
194006,    0.99,    5.97,    6.49,    7.67,    5.77,    6.04,    7.37,    5.54,    8.77,    4.26,    7.30,    6.36,    5.73,    7.10,    7.64,    5.54,    5.53,    8.14,    9.44
194007,   11.43,    4.09,    3.92,    2.88,    4.11,    4.35,    3.43,    3.51,    2.91,    3.76,    4.46,    4.06,    4.63,    4.31,    2.55,    4.21,    2.81,    3.82,    2.00
194008,   -8.27,    1.63,    3.23,    1.50,    1.74,    2.43,    3.77,    2.40,    0.81,    1.03,    2.46,    1.39,    3.46,    2.79,    4.75,    1.91,    2.90,   -0.07,    1.69
194009,    2.66,    4.32,    3.95,    3.81,    4.21,    4.59,    3.98,    3.98,    3.30,    4.13,    4.29,    4.53,    4.65,    4.89,    3.08,    3.16,    4.82,    3.56,    3.06
194010,   -9.29,    2.94,    6.21,    5.33,    2.78,    4.34,    5.54,    6.79,    5.40,    2.34,    3.22,    3.28,    5.38,    5.57,    5.51,    8.36,    5.20,    8.42,    2.42
194011,   -3.75,   -0.47,    0.36,    0.43,   -1.03,    0.29,    0.95,    0.83,   -0.40,   -1.37,   -0.68,    0.64,   -0.07,    0.57,    1.34,   -0.42,    2.09,    2.80,   -3.56
194012,  -19.56,   -0.32,   -1.28,   -3.39,    0.01,   -1.25,   -1.83,   -0.34,   -4.71,    0.39,   -0.37,   -0.98,   -1.51,   -1.37,   -2.29,    0.07,   -0.75,   -1.50,   -7.88
194101,   52.64,   -4.41,   -2.89,    3.55,   -4.76,   -3.94,   -2.52,   -1.47,    5.63,   -4.85,   -4.67,   -3.71,   -4.17,   -2.64,   -2.40,   -2.34,   -0.57,   -0.16,   11.51
194102,    6.98,   -2.27,   -1.53,   -2.47,   -2.16,   -2.07,   -1.23,   -2.74,   -1.97,   -2.18,   -2.14,   -2.51,   -1.63,   -1.22,   -1.24,   -2.04,   -3.46,   -1.38,   -2.57
194103,   10.50,    0.15,    0.75,    3.16,    0.35,   -0.02,    1.04,    1.22,    3.85,    0.29,    0.42,   -0.27,    0.23,    1.11,    0.98,    0.68,    1.78,    2.58,    5.15
194104,  -13.54,   -6.97,   -5.60,   -3.81,   -6.45,   -7.18,   -5.58,   -4.67,   -3.49,   -5.98,   -6.91,   -8.02,   -6.36,   -5.78,   -5.38,   -4.88,   -4.45,   -5.10,   -1.86
194105,    2.19,    1.54,    1.23,    0.83,    1.65,    1.17,    1.10,    1.64,    0.45,    2.03,    1.27,    1.31,    1.04,    1.02,    1.18,    1.68,    1.60,    1.12,   -0.23
194106,  -17.81,    5.48,    6.51,    8.28,    5.18,    6.20,    5.92,    7.14,    9.25,    5.09,    5.28,    6.08,    6.31,    5.57,    6.27,    7.89,    6.37,   10.66,    7.82
194107,   23.11,    7.95,   10.72,   21.42,    8.05,    8.85,   10.26,   13.23,   25.11,    7.97,    8.13,    7.75,    9.95,    9.05,   11.48,   12.42,   14.03,   18.61,   31.61
194108,   -4.01,   -0.38,   -1.02,   -0.33,   -0.10,   -0.92,   -0.97,   -1.21,    0.08,    0.09,   -0.29,   -0.96,   -0.89,   -0.88,   -1.06,   -1.26,   -1.15,    1.23,   -1.08
194109,   -7.16,   -1.54,   -1.88,   -2.59,   -1.41,   -1.60,   -2.34,   -1.41,   -3.19,   -1.92,   -0.90,   -1.81,   -1.39,   -2.25,   -2.42,   -1.46,   -1.36,   -1.65,   -4.74
194110,  -21.30,   -5.72,   -6.20,   -6.20,   -5.96,   -5.67,   -5.83,   -5.75,   -7.05,   -5.85,   -6.08,   -5.23,   -6.11,   -5.85,   -5.81,   -7.02,   -4.47,   -5.72,   -8.38
194111,   -2.80,   -1.93,   -3.56,   -4.06,   -1.50,   -2.71,   -4.11,   -2.29,   -5.48,   -1.83,   -1.16,   -2.80,   -2.62,   -3.66,   -4.57,   -3.38,   -1.20,   -3.79,   -7.18
194112,   -9.92,   -5.34,   -6.79,  -12.75,   -4.87,   -6.12,   -7.06,   -8.59,  -14.09,   -3.72,   -6.00,   -6.29,   -5.95,   -6.28,   -7.84,   -7.11,  -10.07,  -12.13,  -16.05
194201,  185.75,    3.15,    9.78,   23.68,    2.00,    5.82,    9.90,   12.39,   29.69,   -0.15,    4.13,    5.43,    6.20,    9.28,   10.53,   13.11,   11.66,   15.85,   43.53
194202,   -1.82,   -2.26,   -1.33,   -1.61,   -2.23,   -2.15,   -1.44,   -1.07,   -1.57,   -3.35,   -1.13,   -2.30,   -2.00,   -1.69,   -1.18,   -0.46,   -1.68,   -1.08,   -2.06
194203,  -18.83,   -4.88,   -4.82,   -5.34,   -4.99,   -3.97,   -6.18,   -4.22,   -5.62,   -5.53,   -4.45,   -4.67,   -3.27,   -6.35,   -6.00,   -3.65,   -4.79,   -6.02,   -5.22
194204,   -2.83,   -5.37,   -4.33,   -3.95,   -5.36,   -5.25,   -4.14,   -4.36,   -3.53,   -4.68,   -6.02,   -5.38,   -5.12,   -4.40,   -3.87,   -3.92,   -4.80,   -2.64,   -4.43
194205,   -5.75,    3.80,    3.32,    1.17,    4.17,    3.98,    2.97,    2.45,    0.53,    4.47,    3.88,    3.07,    4.90,    3.00,    2.93,    2.44,    2.46,    2.01,   -0.96
194206,   -6.67,    3.33,    1.52,    3.03,    3.93,    2.72,    1.07,    2.08,    2.78,    5.10,    2.79,    2.12,    3.32,    0.96,    1.18,    0.64,    3.53,    2.52,    3.04
194207,   10.35,    4.12,    4.31,    5.54,    3.77,    4.31,    4.56,    3.78,    6.69,    3.13,    4.43,    4.82,    3.80,    4.35,    4.77,    4.32,    3.25,    5.81,    7.55
194208,   11.49,    2.38,    2.29,    3.47,    2.46,    2.59,    2.16,    2.32,    3.82,    1.62,    3.31,    2.23,    2.95,    2.21,    2.11,    1.88,    2.76,    2.73,    4.90
194209,   34.21,    2.68,    3.28,    8.26,    2.55,    2.99,    3.03,    4.63,    9.75,    2.35,    2.76,    2.94,    3.05,    2.95,    3.11,    4.00,    5.26,    3.91,   15.51
194210,    7.44,    6.78,    8.23,   13.92,    6.96,    6.36,    9.00,   10.73,   14.47,    5.49,    8.45,    6.42,    6.31,    7.54,   10.48,    8.63,   12.83,   13.01,   15.90
194211,   -8.51,    0.13,   -0.55,   -3.89,    0.29,    0.51,   -1.07,   -2.29,   -4.16,    1.02,   -0.46,   -0.19,    1.21,   -0.04,   -2.12,   -1.24,   -3.34,   -0.73,   -7.53
194212,  -14.15,    4.73,    4.13,    1.50,    4.86,    4.04,    4.32,    3.30,    1.08,    5.83,    3.88,    4.47,    3.60,    5.13,    3.50,    4.27,    2.34,    1.65,    0.51
194301,   49.72,    8.19,   12.80,   28.15,    7.80,    9.99,   12.89,   15.89,   33.52,    6.88,    8.75,    8.94,   11.06,   11.91,   13.88,   14.35,   17.42,   23.16,   43.87
194302,  177.63,    6.83,    9.12,   21.07,    6.17,    8.11,    8.59,   11.77,   25.46,    4.60,    7.75,    8.15,    8.06,    8.26,    8.92,   11.24,   12.30,   15.91,   35.01
194303,  -30.18,    7.84,   10.69,   15.72,    7.85,    7.89,   11.48,   12.53,   16.93,    6.55,    9.17,    7.81,    7.97,   11.01,   11.97,   11.75,   13.31,   17.28,   16.57
194304,    6.48,   -0.28,    2.59,    8.27,    0.02,    1.03,    1.36,    4.15,   10.59,   -0.18,    0.22,   -0.87,    3.00,    1.31,    1.40,    4.68,    3.62,    9.23,   11.96
194305,   37.89,    5.14,    7.10,   12.72,    4.72,    6.44,    7.59,    7.60,   14.61,    3.66,    5.81,    5.96,    6.94,    6.68,    8.51,    6.26,    8.94,   12.22,   16.99
194306,  -10.49,    1.61,    1.63,    0.73,    1.16,    2.48,    1.07,    2.16,   -0.08,    0.45,    1.89,    2.51,    2.45,    0.59,    1.57,    1.95,    2.36,    1.85,   -2.02
194307,    0.62,   -4.85,   -6.22,   -7.98,   -5.12,   -4.84,   -5.66,   -7.09,   -8.99,   -4.55,   -5.69,   -4.33,   -5.34,   -5.24,   -6.08,   -8.21,   -5.98,   -6.77,  -11.17
194308,  -11.44,    0.83,    0.67,   -0.56,    1.10,    0.74,    0.36,    0.67,   -1.13,    1.40,    0.81,    0.29,    1.18,    0.52,    0.20,    0.77,    0.57,    1.54,   -3.75
194309,    1.85,    2.39,    3.44,    5.07,    2.41,    2.68,    3.72,    3.32,    5.95,    1.68,    3.15,    2.35,    3.01,    3.19,    4.25,    3.32,    3.32,    5.84,    6.06
194310,  -23.79,   -1.15,   -0.23,    0.59,   -1.60,   -0.59,   -0.31,    2.13,   -0.94,   -1.45,   -1.76,   -0.25,   -0.94,   -0.25,   -0.36,    0.63,    3.63,   -1.21,   -0.67
194311,    3.84,   -6.78,   -7.85,  -11.99,   -7.09,   -6.59,   -7.56,   -8.82,  -13.79,   -6.34,   -7.85,   -6.16,   -7.02,   -6.91,   -8.21,   -9.27,   -8.37,  -11.38,  -16.16
194312,  -13.85,    7.50,    9.74,   12.35,    7.42,    7.69,   10.10,   11.18,   12.86,    6.35,    8.49,    7.68,    7.70,    9.08,   11.13,   11.04,   11.31,   12.20,   13.52
194401,   30.39,    2.74,    3.84,    6.74,    2.49,    3.47,    3.40,    4.30,    8.22,    2.16,    2.83,    3.24,    3.69,    2.98,    3.83,    4.84,    3.76,    6.77,    9.68
194402,   -7.08,    0.62,    0.78,    3.52,    0.90,    0.54,    0.68,    0.75,    4.90,    0.21,    1.60,    0.06,    1.00,    1.12,    0.25,    0.73,    0.77,    3.68,    6.11
194403,   12.52,    2.24,    3.93,    6.44,    1.88,    3.28,    3.83,    4.52,    7.37,    1.53,    2.25,    2.96,    3.58,    3.27,    4.39,    4.47,    4.57,    6.51,    8.25
194404,  -10.33,   -2.20,   -2.78,   -3.56,   -2.18,   -2.37,   -3.14,   -2.66,   -3.84,   -1.97,   -2.39,   -2.25,   -2.50,   -3.28,   -3.01,   -2.33,   -2.98,   -2.43,   -5.28
194405,   -3.57,    5.13,    7.33,    7.34,    4.92,    6.21,    7.47,    6.89,    7.91,    4.84,    5.00,    5.56,    6.84,    6.27,    8.66,    7.56,    6.22,    8.99,    6.82
194406,   49.15,    8.05,   10.28,   13.66,    7.33,    9.89,    9.00,   11.91,   15.03,    7.20,    7.46,    9.53,   10.25,    9.67,    8.33,   12.87,   10.95,   12.31,   17.83
194407,    0.00,   -0.66,   -1.38,   -1.52,   -0.67,   -1.31,   -1.18,   -1.08,   -1.81,   -0.89,   -0.44,   -0.66,   -1.97,   -2.17,   -0.17,   -1.21,   -0.95,   -2.73,   -0.89
194408,  -20.00,    2.63,    3.71,    2.66,    2.43,    3.35,    3.55,    3.76,    2.27,    2.00,    2.87,    3.03,    3.67,    3.55,    3.55,    4.08,    3.43,    3.25,    1.28
194409,    0.00,    0.44,   -0.03,    0.09,    0.47,   -0.15,   -0.26,    0.64,    0.03,    0.41,    0.53,    0.38,   -0.69,   -0.06,   -0.46,    1.07,    0.21,    0.75,   -0.70
194410,    0.00,   -0.34,    0.51,   -0.22,   -0.58,    0.27,    0.51,    0.03,   -0.05,   -0.54,   -0.62,    0.15,    0.39,    0.58,    0.45,    0.62,   -0.56,   -0.05,   -0.05
194411,  -99.99,    1.18,    2.94,    2.99,    1.22,    1.68,    2.70,    3.62,    2.90,    1.15,    1.29,    1.09,    2.27,    2.81,    2.59,    4.07,    3.16,    2.19,    3.64
194412,  -99.99,    4.42,    6.38,   11.02,    3.85,    5.50,    6.41,    6.64,   13.54,    2.97,    4.74,    5.54,    5.46,    6.29,    6.53,    7.24,    6.04,   10.03,   17.15
194501,  -99.99,    3.50,    4.66,    4.89,    3.82,    3.55,    4.42,    5.19,    4.91,    3.15,    4.51,    2.85,    4.26,    4.12,    4.73,    5.53,    4.85,    5.53,    4.28
194502,  -99.99,    6.16,    8.31,   11.05,    6.19,    6.77,    8.82,    8.85,   11.80,    5.59,    6.80,    6.10,    7.45,    9.47,    8.16,    8.15,    9.56,   10.47,   13.16
194503,  -99.99,   -4.14,   -5.76,   -7.22,   -4.23,   -4.85,   -5.67,   -6.12,   -7.69,   -3.12,   -5.35,   -3.97,   -5.74,   -5.29,   -6.06,   -5.96,   -6.28,   -7.22,   -8.17
194504,  -99.99,    7.68,    8.93,    9.74,    7.65,    8.67,    8.40,    8.50,   10.76,    7.12,    8.19,    7.73,    9.61,    8.43,    8.38,    9.29,    7.72,    9.10,   12.47
194505,  -99.99,    2.36,    2.64,    4.30,    2.15,    2.46,    2.54,    2.92,    5.22,    1.12,    3.18,    2.80,    2.12,    3.20,    1.87,    3.36,    2.47,    4.40,    6.07
194506,  -99.99,    0.90,    2.27,    7.70,    1.37,    0.64,    2.00,    3.49,    9.97,    0.56,    2.19,   -0.04,    1.32,    0.62,    3.40,    3.78,    3.21,    6.33,   13.72
194507,  -99.99,   -2.66,   -3.13,   -4.97,   -2.38,   -3.44,   -3.29,   -3.35,   -5.24,   -1.24,   -3.49,   -3.22,   -3.66,   -4.08,   -2.51,   -2.28,   -4.43,   -4.05,   -6.45
194508,  -99.99,    7.98,    7.56,    4.29,    7.82,    8.83,    7.57,    6.01,    3.29,    6.89,    8.74,    8.28,    9.38,    7.60,    7.54,    5.73,    6.29,    5.39,    1.17
194509,  -99.99,    5.43,    6.56,    6.87,    5.23,    6.41,    5.63,    6.92,    7.36,    4.49,    5.97,    5.81,    6.99,    5.68,    5.59,    7.95,    5.88,    7.90,    6.82
194510,  -99.99,    5.24,    7.02,    7.24,    5.68,    4.98,    7.39,    7.71,    7.00,    6.39,    4.97,    4.36,    5.61,    7.80,    6.98,    7.70,    7.71,    8.41,    5.56
194511,  -99.99,    7.92,    9.34,   11.87,    7.56,    8.59,    8.83,   11.61,   11.76,    6.99,    8.13,    8.64,    8.54,    8.38,    9.28,   11.13,   12.09,   11.80,   11.71
194512,  -99.99,    2.50,    3.03,    1.99,    2.60,    2.51,    3.01,    3.06,    1.61,    1.89,    3.31,    2.29,    2.73,    3.85,    2.17,    3.38,    2.74,    1.97,    1.25
194601,  -99.99,    7.52,    8.55,   11.65,    7.11,    8.68,    8.30,    8.60,   13.17,    7.35,    6.87,    8.33,    9.02,    8.03,    8.57,    8.57,    8.62,   12.84,   13.51
194602,  -99.99,   -6.06,   -6.46,   -7.15,   -5.63,   -6.51,   -6.30,   -6.65,   -7.62,   -5.22,   -6.03,   -6.92,   -6.11,   -6.13,   -6.48,   -7.10,   -6.20,   -6.02,   -9.24
194603,  -99.99,    6.14,    6.73,    4.98,    5.94,    7.11,    6.78,    6.24,    4.07,    6.21,    5.67,    6.55,    7.67,    6.83,    6.74,    5.71,    6.78,    4.76,    3.38
194604,  -99.99,    4.02,    6.73,    5.10,    3.92,    5.21,    7.36,    5.74,    4.90,    4.23,    3.62,    4.22,    6.19,    6.91,    7.82,    5.99,    5.49,    7.03,    2.75
194605,  -99.99,    5.31,    5.50,    6.20,    4.98,    6.14,    5.69,    4.83,    6.64,    4.40,    5.56,    5.99,    6.28,    7.33,    4.05,    4.35,    5.32,    4.40,    8.90
194606,  -99.99,   -4.91,   -4.70,   -5.17,   -4.79,   -5.25,   -4.41,   -5.26,   -4.79,   -4.61,   -4.97,   -5.14,   -5.35,   -4.27,   -4.55,   -4.61,   -5.92,   -5.55,   -4.02
194607,  -19.51,   -4.16,   -3.03,   -4.71,   -4.16,   -3.90,   -2.65,   -3.36,   -5.29,   -4.15,   -4.17,   -4.16,   -3.64,   -4.34,   -0.95,   -3.18,   -3.55,   -3.50,   -7.08
194608,   -9.52,   -7.35,   -7.59,   -7.71,   -7.35,   -7.39,   -7.87,   -6.83,   -8.34,   -7.98,   -6.72,   -7.37,   -7.40,   -8.16,   -7.58,   -7.21,   -6.45,   -7.54,   -9.13
194609,  -21.53,  -12.17,  -13.04,  -15.25,  -12.44,  -12.45,  -13.54,  -12.08,  -16.70,  -12.00,  -12.88,  -11.63,  -13.26,  -12.71,  -14.40,  -11.81,  -12.36,  -14.03,  -19.37
194610,   -0.61,   -2.68,   -1.19,    0.17,   -2.57,   -2.39,   -1.11,   -0.92,    0.83,   -2.97,   -2.17,   -2.92,   -1.85,   -1.80,   -0.41,   -0.67,   -1.17,    0.08,    1.59
194611,   -3.68,   -0.87,   -0.32,    0.67,   -1.34,    0.16,   -0.38,   -0.32,    0.93,   -1.42,   -1.25,    0.08,    0.25,   -0.66,   -0.10,   -0.77,    0.14,    1.55,    0.31
194612,   -2.55,    5.18,    5.44,    3.72,    5.08,    6.26,    4.89,    4.58,    3.40,    4.17,    5.99,    5.37,    7.15,    4.57,    5.23,    4.81,    4.35,    4.92,    1.88
194701,    5.23,    2.81,    2.42,    4.12,    2.28,    2.63,    2.97,    2.77,    4.58,    0.89,    3.66,    3.87,    1.40,    2.03,    3.95,    2.34,    3.21,    3.57,    5.60
194702,    4.35,   -1.10,   -0.68,    0.27,   -1.16,   -0.74,   -0.64,   -0.39,    0.33,   -0.68,   -1.64,   -0.99,   -0.48,   -0.48,   -0.82,   -0.94,    0.16,    0.32,    0.33
194703,   -4.76,   -2.77,   -3.18,   -2.90,   -2.64,   -3.17,   -3.65,   -2.31,   -3.10,   -3.62,   -1.65,   -3.04,   -3.30,   -3.81,   -3.49,   -2.11,   -2.50,   -1.93,   -4.26
194704,  -19.38,   -8.25,   -7.81,   -8.65,   -8.42,   -7.65,   -7.99,   -8.02,   -8.90,   -8.47,   -8.37,   -7.92,   -7.38,   -8.01,   -7.97,   -7.89,   -8.14,   -7.30,  -10.51
194705,   -6.98,   -4.16,   -3.42,   -4.06,   -4.19,   -3.60,   -3.99,   -3.49,   -3.90,   -4.36,   -4.02,   -4.09,   -3.10,   -3.55,   -4.44,   -2.60,   -4.39,   -3.31,   -4.49
194706,    6.67,    5.76,    5.79,    6.13,    5.35,    5.87,    6.14,    5.46,    6.59,    4.97,    5.73,    6.56,    5.18,    6.48,    5.78,    5.71,    5.21,    6.04,    7.14
194707,   33.33,    4.85,    6.16,    7.59,    5.13,    5.00,    6.81,    5.81,    8.24,    4.35,    5.91,    4.30,    5.71,    7.37,    6.24,    5.33,    6.29,    7.72,    8.77
194708,    0.00,   -1.60,   -1.89,   -1.54,   -1.52,   -1.52,   -2.05,   -1.51,   -1.88,   -2.00,   -1.04,   -1.76,   -1.29,   -1.82,   -2.30,   -2.15,   -0.86,   -1.12,   -2.65
194709,   -2.78,   -0.16,    0.45,    1.65,   -0.05,    0.11,    0.59,    0.80,    1.68,    0.40,   -0.50,   -0.39,    0.61,   -0.33,    1.52,    0.04,    1.57,    1.43,    1.94
194710,   -5.71,    3.37,    3.93,    3.15,    3.20,    3.75,    4.27,    3.98,    2.46,    2.90,    3.50,    3.71,    3.79,    3.95,    4.59,    3.42,    4.54,    3.64,    1.28
194711,   -6.06,   -3.63,   -2.69,   -2.63,   -3.55,   -3.11,   -2.73,   -2.84,   -2.54,   -3.50,   -3.61,   -3.78,   -2.43,   -2.71,   -2.75,   -2.87,   -2.81,   -2.19,   -2.90
194712,   22.58,    1.90,    1.26,    4.13,    1.80,    2.72,    0.84,    1.54,    4.64,    1.47,    2.13,    2.10,    3.35,    1.47,    0.18,    0.01,    3.08,    1.68,    7.64
194801,    5.26,   -2.62,   -2.31,   -0.26,   -2.57,   -2.77,   -2.68,   -1.58,    0.65,   -2.01,   -3.14,   -2.73,   -2.81,   -3.47,   -1.85,   -1.08,   -2.09,   -0.87,    2.19
194802,   -5.00,   -5.86,   -5.91,   -6.17,   -5.66,   -6.13,   -5.58,   -6.18,   -6.29,   -5.30,   -6.03,   -6.25,   -6.02,   -5.60,   -5.57,   -6.45,   -5.91,   -6.22,   -6.37
194803,    5.26,    8.10,    9.13,   11.74,    8.15,    8.04,    9.69,   10.30,   11.85,    7.98,    8.32,    8.01,    8.08,    9.47,    9.91,    9.09,   11.52,   12.86,   10.83
194804,   13.75,    2.66,    3.50,    5.49,    2.86,    3.05,    3.08,    4.10,    6.13,    1.58,    4.16,    2.27,    3.83,    3.53,    2.61,    3.99,    4.21,    4.69,    7.59
194805,    7.69,    8.65,    9.06,    8.52,    8.16,    9.32,    9.82,    7.88,    8.71,    8.18,    8.14,    9.62,    9.00,    9.67,    9.97,    7.63,    8.12,    8.34,    9.08
194806,   24.49,   -2.01,   -2.01,   -0.02,   -2.29,   -1.20,   -2.38,   -2.14,    0.93,   -1.84,   -2.74,   -1.48,   -0.93,   -1.35,   -3.45,   -2.36,   -1.92,   -0.91,    2.79
194807,  -10.71,   -5.36,   -5.46,   -4.94,   -5.60,   -4.83,   -5.51,   -5.49,   -4.96,   -5.59,   -5.62,   -4.89,   -4.76,   -5.17,   -5.85,   -6.06,   -4.91,   -5.08,   -4.84
194808,   -4.03,   -0.48,   -0.05,   -0.12,   -0.63,   -0.10,    0.49,   -0.51,   -0.26,   -0.62,   -0.64,   -0.20,    0.00,    0.72,    0.26,   -1.18,    0.15,   -0.54,    0.02
194809,   -1.05,   -3.49,   -4.07,   -5.25,   -3.47,   -3.81,   -3.73,   -4.79,   -5.46,   -3.81,   -3.12,   -3.54,   -4.07,   -3.66,   -3.80,   -4.75,   -4.83,   -4.76,   -6.15
194810,   15.47,    4.95,    5.27,    5.65,    4.53,    5.35,    5.48,    5.22,    5.86,    4.26,    4.79,    5.80,    4.90,    5.57,    5.40,    5.21,    5.24,    5.22,    6.49
194811,  -17.16,   -9.28,  -10.47,  -12.40,   -9.60,   -9.45,   -9.66,  -11.52,  -13.23,   -9.04,  -10.15,   -8.65,  -10.25,   -8.59,  -10.74,  -12.29,  -10.75,  -11.56,  -14.88
194812,   -2.87,    3.13,    0.44,    0.48,    3.50,    1.76,    0.22,    0.05,    0.76,    3.73,    3.27,    2.38,    1.14,   -0.06,    0.51,    0.19,   -0.08,    0.14,    1.37
194901,    9.51,    1.14,    1.88,    2.70,    1.30,    0.98,    2.22,    1.99,    3.04,    1.30,    1.29,    0.83,    1.12,    1.35,    3.09,    1.95,    2.03,    2.50,    3.57
194902,    3.54,   -3.57,   -3.90,   -4.84,   -3.69,   -3.80,   -3.22,   -4.47,   -5.24,   -3.14,   -4.24,   -3.34,   -4.25,   -3.28,   -3.17,   -4.90,   -4.04,   -3.49,   -6.97
194903,   15.92,    5.54,    5.32,    7.23,    5.83,    5.15,    4.93,    6.27,    7.62,    6.34,    5.33,    4.97,    5.33,    4.35,    5.53,    6.07,    6.46,    6.52,    8.70
194904,   -7.65,   -2.42,   -3.11,   -3.75,   -2.36,   -2.59,   -3.14,   -3.57,   -3.82,   -2.62,   -2.10,   -2.53,   -2.64,   -3.90,   -2.36,   -3.51,   -3.63,   -3.90,   -3.73
194905,   -2.75,   -3.32,   -4.02,   -5.80,   -3.45,   -3.47,   -3.23,   -5.10,   -6.48,   -2.85,   -4.06,   -3.06,   -3.88,   -2.48,   -3.99,   -5.75,   -4.45,   -5.25,   -7.70
194906,    8.76,   -0.18,   -0.56,   -1.63,    0.14,   -1.28,   -0.72,    0.05,   -2.02,    0.12,    0.15,   -0.80,   -1.77,   -0.26,   -1.19,    0.95,   -0.85,   -1.68,   -2.36
194907,   20.00,    6.05,    6.66,    6.01,    6.34,    6.42,    6.35,    6.55,    5.75,    6.58,    6.11,    5.47,    7.37,    5.94,    6.76,    6.57,    6.52,    5.22,    6.29
194908,    8.33,    2.56,    2.63,    2.19,    2.53,    2.83,    2.99,    2.08,    1.96,    2.04,    3.01,    2.63,    3.04,    3.77,    2.19,    1.49,    2.66,    2.07,    1.84
194909,    3.85,    4.05,    4.04,    4.87,    4.03,    3.98,    3.93,    4.50,    5.00,    3.86,    4.19,    4.09,    3.87,    3.88,    3.99,    4.41,    4.59,    3.42,    6.61
194910,   14.81,    3.73,    3.81,    4.32,    3.70,    3.41,    3.33,    4.76,    4.48,    4.35,    3.06,    3.77,    3.05,    3.60,    3.06,    5.51,    4.00,    4.85,    4.10
194911,  -16.13,    1.24,    0.99,    0.45,    0.97,    1.95,    0.79,    0.30,    0.49,    0.43,    1.51,    1.77,    2.13,    1.55,    0.02,    0.24,    0.36,    0.16,    0.83
194912,    7.69,    6.30,    6.45,    8.88,    5.65,    6.60,    6.48,    7.32,    9.61,    5.29,    6.01,    7.59,    5.61,    6.44,    6.52,    7.23,    7.41,    7.43,   11.81
195001,   14.29,    2.94,    3.73,    5.18,    2.63,    3.49,    4.20,    3.14,    6.17,    3.13,    2.14,    3.55,    3.42,    4.35,    4.05,    3.10,    3.17,    5.79,    6.56
195002,    9.38,    1.45,    2.31,    0.96,    1.62,    1.75,    1.98,    2.16,    0.72,    2.29,    0.97,    1.11,    2.38,    1.83,    2.14,    2.88,    1.42,    0.76,    0.69
195003,   -8.57,    1.02,   -0.62,   -1.05,    0.56,    0.61,    0.03,   -1.55,   -0.94,    0.41,    0.72,    1.95,   -0.73,   -0.13,    0.20,   -1.81,   -1.29,   -2.36,    0.50
195004,   -4.69,    3.60,    4.54,    7.00,    3.82,    3.09,    5.07,    5.02,    7.97,    4.36,    3.29,    3.14,    3.04,    4.13,    6.02,    5.00,    5.05,    7.63,    8.30
195005,   14.75,    3.08,    3.22,    3.71,    3.20,    3.03,    3.32,    3.83,    3.25,    2.94,    3.46,    2.84,    3.22,    3.40,    3.23,    3.02,    4.64,    3.25,    3.24
195006,    8.57,   -7.12,   -7.31,   -8.54,   -6.89,   -7.52,   -6.99,   -7.46,   -9.24,   -6.90,   -6.87,   -7.60,   -7.44,   -7.26,   -6.73,   -7.80,   -7.12,   -8.49,  -10.00
195007,  -13.16,   -1.46,    4.26,   12.67,   -2.16,   -0.22,    4.78,    8.16,   14.79,   -3.64,   -0.64,   -0.06,   -0.37,    3.65,    5.92,    7.87,    8.45,   11.18,   18.36
195008,   -1.52,    5.01,    5.36,    4.61,    5.33,    5.00,    5.51,    4.80,    4.52,    5.56,    5.11,    4.38,    5.62,    5.77,    5.24,    4.82,    4.78,    5.44,    3.61
195009,  -10.77,    6.00,    5.44,    5.30,    5.50,    6.58,    5.34,    5.11,    5.29,    5.88,    5.12,    6.99,    6.17,    4.96,    5.72,    4.91,    5.32,    4.87,    5.71
195010,    8.62,   -0.96,   -0.62,    0.22,   -0.49,   -0.97,   -0.90,   -0.51,    0.50,   -1.15,    0.18,   -1.91,   -0.03,   -0.62,   -1.18,   -0.68,   -0.34,    0.01,    0.99
195011,   -6.35,    2.18,    2.51,    5.43,    2.46,    1.72,    2.50,    3.28,    6.45,    2.77,    2.15,    1.61,    1.83,    2.74,    2.26,    3.20,    3.37,    5.36,    7.53
195012,   55.93,    4.28,    8.27,   12.82,    4.26,    4.97,    8.49,   10.20,   14.27,    4.33,    4.19,    4.32,    5.61,    7.18,    9.82,   10.50,    9.90,   12.11,   16.41
195101,   -6.52,    6.26,    7.11,    9.80,    5.71,    7.62,    6.93,    7.90,   10.15,    6.18,    5.24,    7.37,    7.87,    6.87,    7.00,    6.69,    9.11,    8.53,   11.73
195102,    2.33,    1.86,    1.54,   -0.04,    2.13,    1.30,    2.05,    0.49,   -0.16,    1.86,    2.41,    1.30,    1.29,    2.92,    1.18,    0.76,    0.22,   -0.21,   -0.12
195103,   -9.09,   -1.33,   -3.60,   -5.46,   -1.17,   -1.65,   -3.85,   -5.05,   -5.68,   -1.23,   -1.12,   -1.64,   -1.67,   -3.50,   -4.20,   -5.07,   -5.02,   -5.19,   -6.16
195104,  -10.00,    3.07,    4.06,    5.58,    3.31,    3.31,    4.11,    5.05,    5.31,    3.38,    3.24,    2.58,    4.02,    4.06,    4.17,    3.99,    6.11,    5.06,    5.57
195105,   -2.78,   -1.93,   -2.23,   -3.32,   -1.98,   -1.84,   -1.91,   -3.05,   -3.56,   -2.25,   -1.71,   -1.83,   -1.85,   -2.09,   -1.72,   -3.28,   -2.82,   -3.52,   -3.61
195106,   -8.57,   -2.48,   -4.42,   -7.00,   -2.11,   -3.53,   -4.52,   -5.45,   -7.45,   -2.44,   -1.78,   -3.21,   -3.85,   -3.19,   -5.86,   -4.81,   -6.10,   -6.53,   -8.35
195107,   -6.25,    6.55,    5.68,    6.80,    7.03,    5.64,    5.12,    6.79,    6.80,    7.68,    6.39,    5.57,    5.70,    4.54,    5.71,    6.77,    6.80,    5.36,    8.25
195108,    0.00,    4.59,    4.83,    4.76,    3.91,    5.29,    4.71,    5.31,    4.48,    3.23,    4.58,    5.96,    4.63,    4.78,    4.64,    5.29,    5.33,    5.00,    3.94
195109,   11.67,    1.42,    2.37,    2.78,    1.11,    2.29,    2.34,    2.25,    3.05,    0.86,    1.35,    2.04,    2.53,    2.42,    2.26,    2.25,    2.25,    2.89,    3.21
195110,   -7.46,   -2.53,   -2.02,   -3.00,   -2.80,   -2.00,   -2.06,   -2.32,   -3.13,   -2.75,   -2.85,   -1.97,   -2.03,   -2.23,   -1.89,   -1.91,   -2.73,   -2.84,   -3.43
195111,    3.23,    1.05,    0.83,    0.51,    0.97,    1.47,    0.55,    0.67,    0.35,    0.51,    1.42,    1.20,    1.73,    0.48,    0.61,    0.50,    0.84,   -0.16,    0.86
195112,  -12.50,    2.44,    1.66,    0.53,    2.84,    1.67,    1.91,    0.87,    0.49,    3.65,    2.05,    1.64,    1.71,    1.32,    2.50,    1.12,    0.62,    0.62,    0.37
195201,   -7.14,    1.91,    1.76,    1.67,    1.84,    2.02,    1.44,    1.70,    1.88,    1.52,    2.15,    2.06,    1.98,    1.13,    1.76,    2.15,    1.25,    2.11,    1.65
195202,   11.54,   -1.75,   -2.16,   -2.13,   -1.68,   -1.60,   -2.65,   -2.35,   -1.86,   -3.00,   -0.38,   -1.90,   -1.30,   -2.57,   -2.72,   -2.04,   -2.66,   -2.55,   -1.17
195203,  -17.24,    2.37,    2.85,    3.72,    2.61,    2.52,    2.50,    3.12,    4.06,    2.96,    2.26,    1.88,    3.15,    1.86,    3.14,    3.21,    3.02,    2.72,    5.41
195204,   -8.33,   -4.74,   -4.52,   -4.15,   -4.79,   -4.67,   -4.20,   -4.81,   -3.91,   -5.29,   -4.30,   -4.65,   -4.68,   -3.87,   -4.52,   -4.97,   -4.65,   -4.87,   -2.94
195205,   -9.09,    2.49,    2.30,    2.51,    2.43,    2.21,    2.61,    2.21,    2.65,    2.74,    2.12,    2.64,    1.80,    2.68,    2.55,    2.19,    2.22,    2.35,    2.95
195206,   15.00,    2.52,    2.93,    3.82,    2.45,    3.41,    2.63,    3.03,    3.83,    2.33,    2.57,    2.66,    4.16,    2.39,    2.87,    2.30,    3.79,    3.05,    4.61
195207,   23.68,    0.95,    1.54,    0.39,    1.03,    1.22,    1.40,    1.25,    0.19,    0.57,    1.48,    0.81,    1.64,    1.70,    1.09,    1.73,    0.77,    0.23,    0.16
195208,    3.96,   -0.21,    0.46,   -0.20,   -0.63,    0.44,    0.64,    0.39,   -0.54,   -0.82,   -0.43,    0.63,    0.26,    0.90,    0.38,    0.29,    0.48,   -0.56,   -0.53
195209,   -3.81,   -1.32,   -1.23,   -1.89,   -1.58,   -1.02,   -0.87,   -2.09,   -1.73,   -2.23,   -0.93,   -0.82,   -1.23,   -0.88,   -0.86,   -1.96,   -2.22,   -1.53,   -1.93
195210,   -2.87,   -0.87,   -1.22,   -1.28,   -0.96,   -0.82,   -1.43,   -1.40,   -1.03,   -1.23,   -0.70,   -0.67,   -0.97,   -1.28,   -1.58,   -1.05,   -1.75,   -1.29,   -0.78
195211,  -25.19,    5.10,    5.78,    5.99,    5.29,    5.95,    5.22,    5.81,    5.93,    5.43,    5.15,    4.73,    7.17,    5.49,    4.94,    5.52,    6.09,    5.40,    6.46
195212,    4.49,    2.26,    2.11,    2.11,    2.32,    1.98,    2.13,    1.79,    2.55,    3.24,    1.41,    2.15,    1.82,    1.87,    2.40,    2.35,    1.23,    2.03,    3.06
195301,    8.63,    1.04,    2.69,    3.41,    0.79,    1.43,    2.91,    3.45,    3.46,    0.22,    1.34,    1.53,    1.32,    2.73,    3.08,    3.60,    3.31,    3.62,    3.31
195302,    2.17,    0.73,    1.54,    1.20,    0.97,    0.77,    1.36,    1.62,    1.24,    1.25,    0.69,    0.25,    1.30,    0.82,    1.90,    2.13,    1.11,    1.20,    1.27
195303,    5.88,   -0.92,   -1.36,   -1.29,   -1.05,   -1.02,   -1.58,   -1.04,   -1.36,   -1.08,   -1.03,   -0.67,   -1.38,   -2.02,   -1.13,   -0.92,   -1.15,   -1.78,   -0.93
195304,   -3.40,   -2.79,   -2.40,   -1.66,   -2.81,   -2.86,   -2.15,   -1.78,   -1.86,   -2.96,   -2.66,   -2.75,   -2.98,   -2.18,   -2.12,   -2.30,   -1.26,   -1.44,   -2.30
195305,    9.99,    0.45,    0.62,    0.95,    0.38,    0.22,    1.05,    0.27,    1.43,    0.78,   -0.02,    0.60,   -0.16,    0.93,    1.17,    0.55,   -0.01,    0.09,    2.80
195306,   -8.99,   -2.68,   -3.13,   -3.86,   -2.34,   -3.42,   -2.78,   -3.67,   -3.86,   -1.98,   -2.70,   -3.36,   -3.48,   -2.69,   -2.88,   -3.47,   -3.88,   -3.76,   -3.95
195307,    7.18,    1.88,    1.52,    1.82,    2.00,    1.90,    1.57,    1.50,    1.62,    2.00,    2.00,    1.64,    2.15,    1.23,    1.92,    0.79,    2.21,    2.12,    1.12
195308,  -13.75,   -3.51,   -5.20,   -6.68,   -3.65,   -3.77,   -5.01,   -6.32,   -6.94,   -3.71,   -3.59,   -3.23,   -4.31,   -5.43,   -4.60,   -6.48,   -6.16,   -5.80,   -8.07
195309,  -16.88,    0.40,   -0.71,   -2.74,    0.75,   -0.10,   -0.75,   -1.81,   -3.03,   -0.07,    1.56,   -0.31,    0.12,   -1.30,   -0.20,   -1.47,   -2.15,   -2.81,   -3.26
195310,   -4.92,    3.99,    4.00,    2.99,    4.06,    3.85,    4.23,    3.45,    2.88,    4.15,    3.98,    3.86,    3.85,    3.77,    4.69,    3.67,    3.23,    2.88,    2.87
195311,   -4.04,    2.91,    2.12,    1.63,    2.93,    2.70,    2.36,    1.08,    1.99,    3.23,    2.64,    2.88,    2.53,    1.84,    2.88,    1.24,    0.92,    1.98,    2.00
195312,   -8.82,    0.11,   -1.20,   -3.46,    0.47,   -0.48,   -1.03,   -2.35,   -4.04,    0.65,    0.29,   -0.61,   -0.35,   -1.00,   -1.05,   -2.40,   -2.30,   -3.29,   -4.80
195401,    7.74,    5.30,    6.92,    9.10,    5.03,    6.33,    6.57,    8.22,    9.29,    5.45,    4.61,    5.85,    6.81,    6.65,    6.49,    7.73,    8.71,    9.37,    9.20
195402,    0.51,    1.47,    1.52,    0.91,    1.65,    1.26,    2.05,    1.26,    0.37,    1.83,    1.47,    1.09,    1.43,    2.10,    2.01,    0.53,    2.00,   -0.21,    0.96
195403,   10.71,    3.59,    2.92,    1.92,    3.82,    2.91,    3.41,    2.20,    1.75,    4.46,    3.19,    3.11,    2.71,    3.19,    3.62,    2.14,    2.25,    2.13,    1.37
195404,   25.81,    2.05,    1.81,    0.56,    2.10,    2.22,    2.46,    0.69,    0.06,    2.40,    1.81,    1.94,    2.49,    3.31,    1.60,   -0.18,    1.56,   -0.15,    0.28
195405,   15.49,    3.39,    4.19,    5.02,    3.30,    3.51,    3.90,    5.09,    5.18,    3.64,    2.96,    3.57,    3.45,    3.48,    4.32,    5.50,    4.68,    5.37,    4.99
195406,    0.54,    1.13,    1.08,    1.64,    1.04,    1.19,    1.46,    1.01,    1.62,    0.96,    1.12,    1.33,    1.06,    1.62,    1.29,    0.35,    1.66,    1.63,    1.62
195407,    2.64,    5.43,    6.85,    9.55,    5.08,    6.47,    6.64,    7.54,   10.46,    4.62,    5.54,    6.14,    6.79,    6.31,    6.97,    7.34,    7.74,    9.75,   11.18
195408,   -2.35,   -1.67,   -0.60,   -0.71,   -1.96,   -1.24,   -0.28,   -0.62,   -0.68,   -1.95,   -1.97,   -1.09,   -1.39,    0.07,   -0.63,   -0.47,   -0.77,    0.12,   -1.48
195409,   -7.91,    4.16,    4.86,    4.46,    3.97,    4.32,    5.35,    4.87,    4.13,    4.75,    3.19,    4.53,    4.10,    5.38,    5.32,    4.63,    5.12,    5.04,    3.21
195410,  -12.11,   -1.19,   -0.39,   -0.57,   -1.09,   -0.97,   -0.13,   -0.24,   -1.00,   -0.95,   -1.22,   -1.40,   -0.55,   -0.33,    0.08,   -0.76,    0.28,   -1.11,   -0.89
195411,    2.18,    7.98,    9.08,    9.88,    8.39,    7.95,    9.06,   10.16,    9.39,    9.12,    7.64,    7.14,    8.74,    9.27,    8.84,    9.45,   10.87,    9.05,    9.73
195412,   32.38,    5.08,    8.83,   12.75,    4.82,    6.91,    8.51,   10.61,   13.58,    4.57,    5.07,    5.63,    8.17,    7.93,    9.09,   10.13,   11.09,   11.91,   15.26
195501,   -6.18,    0.55,    1.63,    2.27,   -0.13,    1.47,    1.50,    1.92,    2.73,   -0.42,    0.16,    1.95,    0.99,    1.58,    1.43,    2.51,    1.34,    2.40,    3.06
195502,    1.22,    3.74,    4.38,    4.73,    3.54,    4.22,    4.50,    4.46,    4.76,    3.26,    3.83,    4.16,    4.27,    3.93,    5.07,    4.24,    4.68,    4.74,    4.78
195503,   -7.50,   -0.31,   -0.32,    1.08,    0.02,   -0.59,   -0.43,   -0.15,    1.68,    1.09,   -1.07,   -0.97,   -0.22,   -0.48,   -0.37,   -0.20,   -0.10,    2.09,    1.26
195504,   -3.51,    2.63,    2.03,    2.55,    2.70,    2.15,    2.30,    2.63,    2.05,    3.11,    2.27,    2.50,    1.80,    2.33,    2.26,    1.71,    3.54,    0.45,    3.66
195505,   -2.41,    1.11,    0.51,    0.63,    1.17,    0.86,    0.37,    0.25,    0.98,    1.87,    0.45,    1.00,    0.73,   -0.17,    0.92,    0.57,   -0.07,    0.80,    1.16
195506,  -18.89,    3.63,    3.96,    3.19,    3.61,    3.34,    4.28,    4.39,    2.52,    3.88,    3.34,    3.67,    3.03,    3.53,    5.04,    4.24,    4.53,    3.26,    1.79
195507,   -1.55,    0.05,    0.86,    1.65,   -0.01,    1.04,    0.49,    1.05,    1.68,    0.59,   -0.62,    0.15,    1.94,   -0.07,    1.04,    0.52,    1.58,    2.04,    1.33
195508,   -8.62,    1.29,    0.49,    0.00,    1.90,    0.45,    0.71,   -0.07,   -0.06,    1.89,    1.91,    0.09,    0.81,   -0.20,    1.61,   -0.28,    0.13,    0.23,   -0.35
195509,    0.63,   -1.34,   -0.66,   -0.26,   -1.83,   -1.01,   -0.38,   -0.76,    0.26,   -1.43,   -2.25,   -0.38,   -1.65,    0.10,   -0.86,   -0.21,   -1.30,    0.82,   -0.30
195510,   -4.40,   -1.87,   -1.66,   -1.44,   -1.96,   -2.01,   -2.01,   -1.04,   -1.27,   -2.03,   -1.89,   -1.67,   -2.35,   -2.00,   -2.02,   -0.28,   -1.79,   -1.29,   -1.24
195511,    2.63,    6.51,    5.17,    5.15,    6.34,    6.48,    5.28,    4.52,    5.20,    7.39,    5.25,    6.84,    6.11,    5.22,    5.34,    3.99,    5.03,    4.12,    6.29
195512,   -1.28,    2.53,    2.29,    1.81,    2.79,    2.11,    2.37,    1.99,    1.83,    2.46,    3.14,    2.02,    2.21,    3.35,    1.40,    2.21,    1.78,    1.70,    1.96
195601,    9.09,   -2.61,   -2.03,   -1.73,   -2.86,   -2.08,   -1.99,   -1.53,   -2.12,   -2.53,   -3.20,   -2.13,   -2.04,   -3.06,   -0.91,   -2.10,   -0.98,   -2.09,   -2.14
195602,    5.95,    3.84,    3.39,    2.84,    4.03,    3.28,    3.51,    3.28,    2.71,    3.54,    4.54,    3.47,    3.09,    2.93,    4.08,    3.44,    3.11,    2.63,    2.78
195603,    2.25,    5.77,    4.87,    5.04,    5.85,    4.99,    5.18,    5.23,    4.74,    6.49,    5.18,    5.63,    4.33,    5.46,    4.90,    4.82,    5.64,    4.49,    4.99
195604,   -7.69,    0.28,    0.29,    0.32,    0.07,    0.57,   -0.12,    0.38,    0.58,    0.28,   -0.15,    0.69,    0.45,    0.06,   -0.31,    0.98,   -0.20,   -0.17,    1.34
195605,    5.95,   -3.56,   -3.91,   -4.75,   -3.23,   -4.19,   -3.68,   -4.26,   -4.92,   -3.46,   -2.99,   -4.21,   -4.17,   -4.00,   -3.37,   -4.10,   -4.41,   -4.46,   -5.39
195606,    1.12,    2.93,    2.44,    1.13,    3.41,    2.12,    2.69,    1.84,    0.92,    4.15,    2.64,    1.99,    2.26,    2.92,    2.46,    2.14,    1.54,    1.07,    0.77
195607,    4.44,    4.52,    4.07,    3.28,    4.37,    4.97,    3.33,    4.08,    3.08,    4.29,    4.46,    4.80,    5.15,    4.34,    2.31,    4.48,    3.69,    3.31,    2.86
195608,   -9.29,   -2.10,   -1.56,   -1.95,   -2.15,   -2.00,   -1.32,   -1.53,   -2.20,   -2.04,   -2.25,   -2.01,   -1.99,   -1.44,   -1.19,   -1.61,   -1.46,   -1.26,   -3.15
195609,   -5.75,   -4.99,   -3.58,   -2.20,   -5.48,   -4.47,   -3.38,   -2.71,   -1.91,   -6.18,   -4.79,   -4.02,   -4.94,   -3.46,   -3.30,   -2.66,   -2.76,   -1.90,   -1.93
195610,    2.79,    0.48,    0.86,    0.81,    0.17,    1.34,    0.50,    0.79,    0.85,   -0.12,    0.46,    1.09,    1.59,    0.46,    0.55,    0.86,    0.72,    0.34,    1.36
195611,   -5.73,    0.22,    0.64,    0.83,    0.24,    0.40,    0.37,    1.03,    0.81,    0.40,    0.08,    0.18,    0.63,    0.21,    0.52,    1.19,    0.87,    0.25,    1.37
195612,   -3.89,    3.05,    2.34,    1.45,    3.29,    2.56,    2.56,    1.78,    1.23,    3.57,    3.02,    2.56,    2.55,    3.14,    1.99,    1.70,    1.87,    0.66,    1.81
195701,    6.82,   -1.14,   -0.18,    2.15,   -1.50,   -0.94,    0.51,    0.41,    2.65,   -2.59,   -0.43,   -0.42,   -1.46,    0.49,    0.53,   -0.30,    1.14,    2.83,    2.47
195702,    0.80,   -1.73,   -2.60,   -2.50,   -1.70,   -1.98,   -2.69,   -2.79,   -2.39,   -1.82,   -1.58,   -1.80,   -2.15,   -2.64,   -2.75,   -2.85,   -2.72,   -2.31,   -2.47
195703,    1.63,    2.20,    2.50,    2.06,    2.50,    1.93,    2.63,    2.33,    2.00,    2.31,    2.70,    1.59,    2.28,    3.04,    2.24,    2.48,    2.18,    1.26,    2.75
195704,   13.22,    2.96,    2.60,    2.31,    3.48,    1.61,    3.37,    2.43,    2.24,    4.28,    2.68,    1.93,    1.30,    4.42,    2.33,    2.38,    2.47,    1.33,    3.15
195705,    2.32,    3.36,    1.77,    1.53,    3.77,    2.31,    1.55,    1.37,    1.87,    4.77,    2.78,    2.53,    2.09,    1.02,    2.06,    1.87,    0.85,    1.10,    2.63
195706,   -2.37,   -1.19,   -0.98,    0.15,   -1.03,   -1.36,   -1.18,   -0.40,    0.42,   -0.05,   -2.01,   -1.52,   -1.19,   -1.54,   -0.83,   -0.38,   -0.41,   -0.35,    1.20
195707,   -0.39,    0.32,    0.65,    0.66,    0.68,    0.18,    0.22,    0.90,    0.79,   -0.08,    1.46,   -0.39,    0.75,    0.02,    0.42,    1.40,    0.40,    1.35,    0.24
195708,   -4.57,   -5.77,   -4.32,   -5.06,   -6.27,   -4.31,   -4.13,   -5.32,   -4.84,   -6.86,   -5.67,   -4.77,   -3.87,   -4.07,   -4.18,   -5.15,   -5.49,   -4.66,   -5.02
195709,   -9.32,   -5.91,   -4.61,   -5.38,   -6.21,   -5.26,   -3.97,   -4.73,   -5.98,   -6.93,   -5.47,   -5.30,   -5.23,   -4.04,   -3.90,   -5.26,   -4.19,   -4.51,   -7.44
195710,  -10.90,   -5.57,   -5.08,   -8.56,   -6.06,   -4.30,   -4.79,   -6.64,   -9.56,   -7.08,   -5.01,   -4.59,   -4.01,   -5.34,   -4.23,   -6.71,   -6.58,   -7.65,  -11.45
195711,   -0.86,    4.24,    1.61,    0.91,    4.62,    2.93,    1.79,    0.85,    0.76,    5.01,    4.21,    3.49,    2.37,    1.87,    1.72,    0.50,    1.20,    1.80,   -0.27
195712,  -16.46,   -4.06,   -4.19,   -6.31,   -4.50,   -3.06,   -3.49,   -6.74,   -6.14,   -5.63,   -3.33,   -3.18,   -2.94,   -2.83,   -4.16,   -6.84,   -6.65,   -5.17,   -7.11
195801,   17.07,    7.89,   10.01,   14.28,    7.56,    8.94,    9.35,   12.34,   15.09,    7.21,    7.92,    8.56,    9.33,    9.06,    9.64,   11.98,   12.69,   13.73,   16.43
195802,  -12.97,   -1.50,   -0.62,   -1.29,   -1.76,   -0.54,   -0.78,   -0.79,   -1.57,   -2.69,   -0.79,   -1.00,   -0.09,   -1.20,   -0.37,   -0.84,   -0.74,   -0.05,   -3.06
195803,    0.54,    4.30,    3.69,    3.14,    4.71,    3.53,    3.65,    3.61,    3.03,    5.45,    3.94,    3.47,    3.59,    3.78,    3.52,    3.88,    3.35,    2.83,    3.22
195804,    3.72,    2.84,    2.16,    4.68,    2.95,    2.43,    2.26,    2.39,    5.57,    2.81,    3.10,    2.62,    2.24,    2.58,    1.94,    1.88,    2.90,    4.13,    6.99
195805,   -1.12,    3.97,    3.72,    4.25,    4.04,    3.46,    3.41,    4.41,    4.43,    4.56,    3.51,    3.81,    3.11,    3.52,    3.30,    4.95,    3.88,    4.24,    4.62
195806,   -0.15,    2.93,    2.99,    3.53,    2.96,    3.07,    2.91,    2.88,    3.85,    3.57,    2.33,    2.87,    3.28,    3.50,    2.31,    2.88,    2.88,    3.67,    4.04
195807,    9.72,    4.05,    5.66,    6.84,    3.89,    4.26,    6.16,    5.89,    7.45,    4.60,    3.19,    4.36,    4.15,    6.58,    5.74,    6.18,    5.60,    6.28,    8.64
195808,    1.15,    2.38,    2.69,    4.01,    2.75,    2.16,    2.84,    3.09,    4.12,    3.20,    2.31,    1.63,    2.68,    2.68,    3.00,    2.39,    3.80,    3.98,    4.27
195809,   13.64,    4.03,    4.25,    7.66,    4.00,    3.70,    4.23,    5.51,    8.59,    4.16,    3.84,    4.10,    3.31,    3.80,    4.67,    5.22,    5.80,    7.49,    9.68
195810,   -8.63,    3.54,    3.16,    3.46,    3.73,    4.12,    2.36,    3.17,    3.43,    4.77,    2.70,    3.16,    5.05,    3.34,    1.36,    2.82,    3.52,    4.14,    2.71
195811,    6.55,    4.93,    3.86,    4.34,    5.15,    4.22,    4.20,    3.85,    4.18,    5.73,    4.58,    4.48,    3.97,    4.75,    3.64,    3.05,    4.66,    3.72,    4.64
195812,    0.00,    4.29,    3.73,    3.66,    4.09,    4.58,    3.71,    4.05,    2.94,    4.24,    3.95,    4.69,    4.47,    3.82,    3.60,    3.03,    5.08,    3.35,    2.52
195901,   26.60,    1.36,    4.71,    6.11,    1.09,    2.07,    5.12,    6.16,    6.22,    1.07,    1.11,    1.91,    2.23,    5.12,    5.12,    6.42,    5.90,    5.69,    6.75
195902,   -5.88,    2.20,    3.31,    2.63,    2.82,    2.42,    2.63,    3.86,    2.16,    3.43,    2.20,    0.94,    3.84,    2.73,    2.53,    4.13,    3.59,    2.85,    1.47
195903,    8.28,    0.98,    1.16,    1.58,    1.19,    0.90,    1.31,    0.72,    2.04,    1.62,    0.76,    0.53,    1.25,    1.94,    0.67,    0.78,    0.66,    2.35,    1.74
195904,    0.99,    2.81,    2.83,    2.19,    3.27,    2.76,    1.89,    2.97,    2.24,    5.18,    1.34,    1.87,    3.63,    2.47,    1.28,    3.85,    2.10,    2.40,    2.08
195905,   -1.07,    0.49,    0.76,    0.90,    0.39,    0.51,    0.93,    0.57,    1.22,   -0.20,    0.97,    0.70,    0.33,    1.11,    0.75,    0.86,    0.28,    1.85,    0.59
195906,    7.00,    0.47,    0.35,    0.95,    0.64,    0.59,    0.57,   -0.08,    1.13,    1.09,    0.19,    0.14,    1.03,    0.36,    0.79,   -0.76,    0.60,    0.80,    1.47
195907,   50.00,    2.83,    2.77,    3.70,    3.20,    1.99,    3.48,    2.92,    3.74,    3.91,    2.50,    2.08,    1.89,    3.69,    3.27,    2.22,    3.62,    4.57,    2.90
195908,    0.00,   -1.63,   -1.20,   -1.47,   -2.22,   -0.18,   -1.11,   -1.65,   -1.88,   -3.12,   -1.33,   -0.44,    0.07,   -1.29,   -0.92,   -2.66,   -0.63,   -1.86,   -1.90
195909,   -2.56,   -5.31,   -4.29,   -4.15,   -5.39,   -4.28,   -4.58,   -3.96,   -4.56,   -5.75,   -5.04,   -5.14,   -3.43,   -4.88,   -4.28,   -4.57,   -3.34,   -5.27,   -3.83
195910,    1.32,    3.18,    2.28,    0.83,    2.93,    3.41,    2.19,    1.65,    0.40,    3.88,    1.99,    3.68,    3.15,    2.54,    1.83,    1.60,    1.70,    1.71,   -0.93
195911,   -3.90,    2.81,    1.40,    0.63,    3.76,    0.94,    1.35,    1.59,    0.30,    4.17,    3.35,    0.86,    1.03,    1.46,    1.23,    1.88,    1.29,    0.46,    0.14
195912,    1.35,    2.15,    2.10,    2.43,    2.21,    2.14,    1.62,    2.88,    2.22,    2.81,    1.63,    2.01,    2.26,    0.99,    2.24,    2.91,    2.84,    2.26,    2.18
196001,   -1.33,   -5.38,   -4.32,   -2.06,   -5.98,   -4.39,   -4.29,   -3.39,   -1.75,   -6.67,   -5.30,   -4.14,   -4.64,   -4.24,   -4.33,   -4.07,   -2.70,   -2.22,   -1.26
196002,    0.00,    1.72,    0.88,    0.11,    2.09,    1.09,    0.65,    0.44,    0.21,    2.51,    1.68,    0.96,    1.21,   -0.09,    1.39,    0.98,   -0.09,    1.00,   -0.59
196003,   -2.70,   -1.11,   -2.64,   -3.50,   -0.97,   -1.27,   -2.98,   -2.80,   -4.17,   -0.82,   -1.12,   -1.38,   -1.16,   -2.64,   -3.32,   -3.46,   -2.14,   -3.06,   -5.30
196004,    2.78,   -0.45,   -2.24,   -3.06,   -0.10,   -1.59,   -2.30,   -2.35,   -3.41,   -0.09,   -0.11,   -1.15,   -2.02,   -1.36,   -3.22,   -2.37,   -2.33,   -2.52,   -4.32
196005,    1.35,    4.26,    1.37,    1.37,    4.66,    2.66,    1.10,    1.41,    1.34,    5.59,    3.75,    3.44,    1.88,    1.42,    0.78,    1.41,    1.42,    1.95,    0.72
196006,    0.00,    2.55,    2.19,    1.79,    2.61,    2.05,    2.44,    2.57,    1.23,    2.01,    3.20,    2.44,    1.68,    2.38,    2.50,    2.20,    2.93,    1.03,    1.43
196007,   -1.33,   -3.33,   -1.22,   -1.52,   -3.72,   -1.90,   -0.93,   -1.39,   -1.77,   -4.69,   -2.77,   -2.53,   -1.26,   -0.84,   -1.01,   -1.77,   -1.02,   -0.68,   -2.86
196008,    4.05,    3.62,    3.84,    3.84,    3.38,    4.67,    3.10,    4.13,    3.58,    3.17,    3.60,    4.10,    5.23,    2.30,    3.90,    3.93,    4.34,    4.35,    2.83
196009,    2.60,   -6.55,   -5.52,   -6.17,   -6.96,   -5.46,   -5.48,   -5.35,   -6.86,   -7.17,   -6.74,   -5.73,   -5.20,   -5.61,   -5.35,   -5.91,   -4.79,   -6.39,   -7.33
196010,   -3.80,   -2.75,   -1.78,   -2.84,   -2.79,   -2.03,   -2.29,   -1.86,   -2.96,   -3.94,   -1.65,   -2.68,   -1.39,   -2.55,   -2.03,   -1.13,   -2.60,   -3.32,   -2.59
196011,    0.00,    6.45,    4.62,    2.85,    6.96,    5.32,    4.11,    4.32,    2.47,    8.26,    5.68,    5.41,    5.23,    4.07,    4.14,    5.04,    3.60,    3.29,    1.65
196012,    1.32,    4.50,    4.44,    2.24,    4.92,    4.19,    4.55,    3.23,    2.11,    5.31,    4.53,    3.65,    4.73,    5.49,    3.60,    3.95,    2.50,    3.23,    1.01
196101,    6.49,    6.49,    7.96,   10.30,    6.03,    7.09,    7.90,    9.27,   10.85,    5.69,    6.36,    7.42,    6.75,    7.76,    8.04,    9.32,    9.21,   10.11,   11.59
196102,    1.22,    6.01,    5.58,    6.60,    5.93,    6.36,    5.28,    6.73,    5.77,    5.86,    6.01,    6.17,    6.54,    5.16,    5.40,    5.23,    8.27,    6.88,    4.66
196103,    1.20,    4.50,    4.57,    5.42,    5.04,    3.97,    4.19,    4.83,    6.00,    4.89,    5.18,    3.43,    4.51,    4.00,    4.39,    5.41,    4.24,    6.44,    5.55
196104,    7.14,    0.08,    0.74,    1.80,   -0.42,    0.82,    0.60,    2.02,    1.27,   -0.25,   -0.59,    1.08,    0.57,    1.54,   -0.34,    1.18,    2.89,    3.08,   -0.59
196105,   -4.44,    4.28,    4.37,    4.52,    3.93,    4.00,    4.36,    4.69,    4.99,    2.19,    5.64,    4.99,    3.02,    4.17,    4.56,    5.75,    3.59,    4.53,    5.47
196106,    0.00,   -4.38,   -3.53,   -4.68,   -4.49,   -3.80,   -3.44,   -4.24,   -4.68,   -3.67,   -5.30,   -4.15,   -3.44,   -2.94,   -3.94,   -3.81,   -4.70,   -3.82,   -5.57
196107,   -1.80,    0.97,    1.69,    0.52,    0.54,    1.94,    1.42,    1.33,    0.39,    0.91,    0.17,    1.83,    2.04,    1.34,    1.49,    1.86,    0.79,    0.95,   -0.17
196108,  -99.99,    3.31,    1.64,    1.38,    3.34,    2.91,    1.53,    0.89,    1.64,    2.93,    3.75,    3.25,    2.57,    2.22,    0.85,    0.91,    0.87,    0.21,    3.09
196109,  -99.99,   -2.52,   -2.72,   -3.44,   -2.80,   -2.39,   -2.81,   -2.90,   -3.47,   -2.65,   -2.94,   -1.96,   -2.82,   -2.54,   -3.07,   -2.43,   -3.36,   -3.30,   -3.65
196110,  -99.99,    2.03,    3.11,    0.95,    2.18,    3.01,    2.97,    1.57,    0.96,    0.99,    3.33,    1.74,    4.27,    2.81,    3.12,    2.22,    0.92,    0.76,    1.16
196111,  -99.99,    4.76,    5.09,    4.36,    4.72,    4.81,    5.09,    4.72,    4.52,    5.02,    4.43,    4.84,    4.78,    5.48,    4.70,    5.40,    4.04,    4.54,    4.51
196112,  -99.99,   -1.88,    0.23,    0.51,   -2.25,   -0.77,    0.22,    1.30,   -0.09,   -2.45,   -2.05,   -1.15,   -0.39,    0.43,    0.01,    0.90,    1.69,    1.69,   -1.92
196201,  -99.99,   -3.65,   -0.99,    2.71,   -4.47,   -1.89,   -1.09,    0.64,    3.45,   -6.69,   -2.28,   -2.02,   -1.77,   -2.01,   -0.18,    0.01,    1.27,    2.06,    4.87
196202,  -99.99,    1.37,    1.19,    1.93,    1.62,    0.66,    1.33,    1.86,    1.88,    0.77,    2.45,    0.88,    0.44,    1.43,    1.23,    1.68,    2.03,    2.91,    0.82
196203,  -99.99,   -0.58,   -0.40,   -0.57,   -0.82,    0.16,   -0.38,   -0.87,   -0.62,   -1.21,   -0.44,   -0.11,    0.41,   -0.27,   -0.49,   -1.27,   -0.48,    0.55,   -1.85
196204,  -99.99,   -7.11,   -6.72,   -6.57,   -7.55,   -5.97,   -7.26,   -6.63,   -6.55,   -9.38,   -5.72,   -6.22,   -5.72,   -6.76,   -7.77,   -6.67,   -6.59,   -7.20,   -5.88
196205,  -99.99,  -11.00,   -9.21,   -9.43,  -11.90,   -9.54,   -9.15,   -8.26,  -10.23,  -13.19,  -10.62,   -9.22,   -9.86,   -9.52,   -8.78,   -8.66,   -7.85,   -9.66,  -10.82
196206,  -99.99,   -9.96,   -7.68,   -7.63,  -10.85,   -8.16,   -8.01,   -6.85,   -7.88,  -12.87,   -8.83,   -8.21,   -8.10,   -7.71,   -8.31,   -6.59,   -7.12,   -7.36,   -8.42
196207,  -99.99,    7.23,    5.82,    6.18,    8.11,    5.80,    6.10,    4.84,    6.92,   10.23,    5.99,    5.47,    6.13,    5.38,    6.83,    4.97,    4.71,    6.03,    7.81
196208,  -99.99,    3.30,    2.87,    2.57,    3.63,    2.88,    3.12,    2.20,    2.71,    4.30,    2.97,    2.64,    3.11,    3.64,    2.59,    2.12,    2.28,    3.06,    2.36
196209,  -99.99,   -6.44,   -5.91,   -5.76,   -6.92,   -5.09,   -6.06,   -5.93,   -6.13,   -8.73,   -5.11,   -5.47,   -4.71,   -5.96,   -6.16,   -6.82,   -5.04,   -5.93,   -6.33
196210,  -99.99,   -2.65,   -2.10,   -1.84,   -2.92,   -2.26,   -1.49,   -2.68,   -1.58,   -3.61,   -2.24,   -2.11,   -2.41,   -1.09,   -1.89,   -3.02,   -2.35,   -1.10,   -2.06
196211,  -99.99,   14.44,   12.44,   14.47,   14.35,   13.41,   11.72,   13.86,   14.91,   16.41,   12.30,   14.62,   12.18,   12.03,   11.41,   14.13,   13.59,   12.90,   16.94
196212,  -99.99,   -0.49,   -0.35,   -1.82,   -0.72,    0.78,   -0.49,   -2.00,   -1.73,   -0.88,   -0.57,   -0.02,    1.58,   -0.44,   -0.53,   -2.02,   -1.98,   -0.54,   -2.94
196301,  -99.99,    6.15,    7.09,   10.45,    6.12,    5.88,    6.80,    9.55,   10.75,    5.59,    6.65,    6.20,    5.56,    6.27,    7.33,    9.24,    9.85,    9.06,   12.44
196302,  -99.99,   -2.43,   -1.74,   -0.14,   -3.07,   -1.75,   -1.61,   -1.50,    0.61,   -3.97,   -2.18,   -1.16,   -2.35,   -1.12,   -2.10,   -1.37,   -1.63,    0.56,    0.65
196303,  -99.99,    1.39,    2.00,    2.58,    1.35,    1.80,    1.46,    3.11,    2.25,    1.22,    1.47,    1.48,    2.12,    1.15,    1.76,    2.98,    3.24,    2.62,    1.88
196304,  -99.99,    4.09,    3.20,    4.36,    3.59,    3.91,    3.23,    3.86,    4.50,    4.20,    2.99,    5.09,    2.71,    3.00,    3.46,    3.62,    4.10,    5.56,    3.42
196305,  -99.99,    1.72,    2.84,    5.17,    1.90,    1.77,    2.24,    4.18,    5.94,    2.08,    1.71,    1.37,    2.18,    2.25,    2.23,    4.72,    3.64,    4.47,    7.45
196306,  -99.99,   -1.07,   -1.98,   -1.49,   -0.94,   -1.30,   -2.00,   -2.55,   -1.00,   -1.07,   -0.82,   -1.32,   -1.29,   -2.39,   -1.61,   -2.64,   -2.47,   -0.81,   -1.19
196307,   -3.02,   -0.50,   -0.74,   -1.07,   -0.45,   -0.83,   -0.48,   -1.07,   -1.02,   -0.36,   -0.55,   -0.62,   -1.03,   -0.78,   -0.21,   -0.96,   -1.17,   -0.57,   -1.44
196308,    3.19,    4.77,    3.74,    5.39,    5.11,    3.61,    4.17,    4.07,    5.72,    4.97,    5.26,    4.00,    3.21,    4.46,    3.89,    3.38,    4.74,    4.38,    7.00
196309,   -0.56,   -1.84,   -0.50,   -1.82,   -2.01,   -1.27,   -0.84,   -0.95,   -1.42,   -2.02,   -1.99,   -1.47,   -1.06,   -0.75,   -0.92,    0.72,   -2.59,   -1.66,   -1.19
196310,    6.07,    1.37,    1.38,    2.10,    1.83,    0.50,    1.67,    2.23,    1.66,    0.94,    2.86,    0.34,    0.67,    2.32,    1.06,    1.49,    2.95,    1.85,    1.49
196311,    0.30,   -1.87,   -1.58,   -0.42,   -2.07,   -1.52,   -1.33,   -1.40,   -0.23,   -1.76,   -2.44,   -1.39,   -1.66,   -2.21,   -0.52,   -2.00,   -0.81,    0.39,   -0.81
196312,    0.69,    0.05,    0.27,   -0.35,   -0.35,    0.41,    0.54,   -0.24,   -0.22,   -1.01,    0.42,    0.94,   -0.14,    0.44,    0.63,    0.12,   -0.61,    0.27,   -0.69
196401,    5.18,    2.36,    3.04,    4.40,    2.50,    2.19,    3.34,    3.53,    4.63,    3.70,    1.10,    2.05,    2.33,    2.99,    3.66,    3.13,    3.93,    4.51,    4.74
196402,    1.00,    1.61,    2.62,    3.89,    1.73,    1.85,    2.85,    2.61,    4.42,    1.81,    1.64,    1.33,    2.38,    3.23,    2.49,    2.39,    2.83,    4.11,    4.71
196403,   12.28,    0.79,    3.53,    4.21,    0.54,    2.37,    3.13,    4.70,    3.85,    0.64,    0.43,    1.36,    3.40,    3.22,    3.05,    4.46,    4.93,    3.66,    4.03
196404,   12.26,   -0.73,    0.41,   -0.79,   -1.40,    0.23,    0.84,   -0.72,   -0.33,   -1.84,   -0.89,    0.79,   -0.33,    0.93,    0.76,    0.26,   -1.71,   -0.79,    0.11
196405,   -6.97,    0.50,    0.68,    1.54,    0.09,    0.65,    0.69,    1.23,    1.82,    0.59,   -0.50,    1.43,   -0.14,    1.29,    0.14,    1.48,    0.98,    1.26,    2.36
196406,   -0.89,    1.16,    1.24,    1.50,    1.26,    1.11,    1.55,    1.21,    1.30,    1.25,    1.28,    0.92,    1.31,    1.65,    1.46,    0.54,    1.88,    1.27,    1.34
196407,   -4.89,    2.35,    2.91,    3.87,    2.03,    3.09,    3.31,    2.77,    4.04,    1.26,    3.05,    3.07,    3.12,    2.56,    4.02,    1.96,    3.53,    3.10,    4.94
196408,   -3.03,   -1.03,   -0.17,   -1.02,   -0.95,   -1.14,    0.09,   -0.30,   -1.12,   -1.88,    0.27,   -1.22,   -1.07,   -0.30,    0.46,    0.25,   -0.83,   -0.38,   -1.83
196409,    5.23,    3.37,    3.89,    4.16,    3.66,    2.98,    4.52,    3.63,    4.28,    3.73,    3.57,    2.69,    3.25,    4.45,    4.59,    3.34,    3.92,    2.98,    5.56
196410,   10.56,    1.23,    1.91,    2.61,    1.11,    1.48,    2.38,    1.81,    2.86,    0.38,    2.07,    1.50,    1.46,    1.80,    2.93,    1.50,    2.10,    3.21,    2.52
196411,   -7.35,    0.46,    0.02,   -0.62,    0.33,    0.43,    0.01,   -0.34,   -0.62,    0.19,    0.52,    0.77,    0.11,   -0.64,    0.63,   -0.04,   -0.62,   -1.19,   -0.05
196412,  -11.98,   -0.08,   -1.26,   -1.87,   -0.05,   -0.49,   -1.22,   -2.11,   -1.59,    0.16,   -0.32,   -0.16,   -0.81,   -0.73,   -1.69,   -1.78,   -2.43,   -0.48,   -2.71
196501,   14.17,    6.41,    6.09,    8.24,    7.13,    5.40,    6.25,    6.92,    8.38,    7.68,    6.39,    4.76,    6.01,    6.19,    6.30,    5.85,    7.93,    7.57,    9.19
196502,   25.86,    2.46,    3.14,    3.50,    2.24,    2.80,    3.14,    3.63,    3.45,    2.38,    2.05,    2.96,    2.65,    2.32,    3.90,    3.65,    3.61,    3.56,    3.34
196503,    7.27,    0.51,    0.40,    2.30,    0.17,    0.18,    0.34,    1.55,    2.78,   -0.06,    0.47,    1.30,   -0.88,    0.03,    0.63,    1.80,    1.32,    1.12,    4.43
196504,    3.65,    2.80,    4.01,    4.63,    2.89,    3.40,    3.59,    4.40,    4.85,    2.80,    3.01,    2.59,    4.19,    3.03,    4.10,    4.64,    4.17,    5.99,    3.73
196505,    0.69,   -0.33,   -0.50,   -0.82,   -0.05,   -0.67,   -0.62,   -0.46,   -0.96,   -0.23,    0.18,   -0.98,   -0.38,   -0.34,   -0.88,   -0.39,   -0.53,   -0.57,   -1.34
196506,   -8.47,   -7.72,   -8.26,   -8.17,   -7.87,   -7.74,   -8.43,   -7.98,   -8.33,   -8.36,   -7.22,   -7.39,   -8.07,   -9.15,   -7.78,   -8.12,   -7.84,   -7.28,   -9.38
196507,   -0.97,    2.16,    3.23,    3.75,    1.97,    2.63,    3.18,    3.08,    4.41,    2.39,    1.40,    2.59,    2.68,    3.66,    2.66,    3.83,    2.27,    3.75,    5.00
196508,    8.76,    4.21,    4.72,    3.90,    4.37,    4.18,    5.13,    4.12,    3.85,    4.63,    4.01,    3.87,    4.48,    5.08,    5.17,    4.22,    4.00,    3.47,    4.19
196509,    5.91,    3.07,    3.18,    3.73,    2.89,    4.03,    2.20,    3.79,    3.63,    2.64,    3.23,    3.48,    4.57,    2.81,    1.55,    3.62,    3.96,    4.88,    2.50
196510,    5.67,    4.23,    5.40,    6.70,    4.11,    5.14,    5.06,    5.70,    7.14,    4.77,    3.23,    4.51,    5.75,    4.93,    5.19,    5.70,    5.71,    6.80,    7.45
196511,   34.10,    3.34,    4.22,    5.65,    3.43,    3.64,    3.46,    5.59,    5.71,    4.71,    1.73,    3.15,    4.12,    4.08,    2.81,    5.63,    5.53,    4.99,    6.36
196512,    0.15,    3.37,    4.02,    5.56,    4.00,    3.06,    3.33,    4.37,    6.48,    4.02,    3.98,    1.99,    4.11,    2.77,    3.92,    5.17,    3.50,    7.10,    5.91
196601,    9.13,    3.72,    5.50,    7.67,    4.01,    3.97,    5.03,    7.20,    7.77,    4.92,    2.81,    3.09,    4.82,    4.52,    5.56,    6.98,    7.44,    6.60,    8.85
196602,   -0.08,    1.95,    2.35,    4.21,    2.03,    1.65,    2.07,    2.39,    5.59,    4.13,   -0.77,    1.77,    1.54,    2.02,    2.13,    3.57,    1.10,    4.75,    6.36
196603,   20.78,   -0.30,   -1.92,   -1.58,    0.20,   -2.03,   -1.44,   -1.93,   -1.51,    0.02,    0.45,   -1.42,   -2.62,   -1.83,   -1.03,   -2.09,   -1.75,   -0.34,   -2.57
196604,   -3.90,    4.14,    3.95,    5.18,    4.52,    3.72,    3.24,    5.20,    5.10,    4.93,    3.98,    3.33,    4.09,    3.22,    3.26,    5.06,    5.36,    5.21,    5.00
196605,  -12.46,   -6.80,   -8.33,  -10.01,   -6.77,   -7.49,   -7.95,   -9.30,  -10.27,   -7.40,   -5.94,   -6.85,   -8.11,   -8.40,   -7.49,   -9.19,   -9.42,   -9.80,  -10.69
196606,    1.04,   -1.16,   -0.34,   -0.10,   -1.33,   -0.78,   -0.26,   -0.27,    0.07,   -1.20,   -1.50,   -0.79,   -0.76,    0.08,   -0.62,   -0.07,   -0.48,    0.22,   -0.07
196607,   -2.56,   -1.70,   -1.49,   -1.07,   -1.60,   -1.48,   -1.67,   -1.24,   -1.17,   -1.48,   -1.75,   -1.94,   -1.00,   -1.73,   -1.61,   -1.59,   -0.85,   -0.40,   -1.84
196608,   -9.99,  -10.34,   -9.35,  -10.18,  -10.55,   -9.72,   -9.16,   -9.74,  -10.25,  -11.00,  -10.02,   -9.83,   -9.60,   -8.96,   -9.36,   -9.47,  -10.03,   -9.84,  -10.61
196609,   -2.81,   -1.91,   -1.20,   -1.50,   -2.19,   -1.14,   -0.86,   -1.86,   -1.37,   -3.26,   -0.95,   -1.21,   -1.06,   -0.58,   -1.15,   -1.95,   -1.76,   -1.01,   -1.69
196610,   -8.84,   -1.44,    0.11,   -0.28,   -2.00,   -0.20,    0.60,   -0.01,   -0.61,   -3.61,   -0.13,   -0.06,   -0.33,   -0.16,    1.37,   -0.41,    0.42,   -0.42,   -0.77
196611,    7.79,    6.46,    3.23,    2.36,    7.46,    3.99,    3.28,    2.39,    2.36,    8.73,    5.99,    3.97,    4.02,    4.56,    1.96,    2.44,    2.34,    1.50,    3.12
196612,   -8.22,    2.08,    2.34,    0.93,    2.48,    2.66,    1.10,    1.96,    0.96,    1.81,    3.25,    1.08,    4.26,    0.91,    1.29,    2.96,    0.85,    1.03,    0.90
196701,   28.42,   15.46,   16.47,   18.18,   15.56,   15.24,   16.08,   18.69,   17.74,   16.47,   14.49,   15.23,   15.26,   14.16,   18.04,   18.29,   19.12,   16.77,   18.58
196702,   18.84,    3.87,    3.30,    4.25,    4.47,    3.33,    2.78,    3.65,    4.39,    5.05,    3.79,    2.36,    4.32,    2.81,    2.76,    3.38,    3.96,    4.12,    4.63
196703,   12.13,    5.50,    5.49,    5.90,    5.63,    5.50,    4.78,    6.63,    5.52,    5.94,    5.27,    5.17,    5.85,    4.09,    5.48,    6.53,    6.74,    5.96,    5.14
196704,    8.36,    4.56,    3.69,    3.78,    5.11,    3.30,    3.65,    4.38,    3.30,    5.57,    4.58,    3.16,    3.44,    3.04,    4.27,    3.99,    4.81,    2.88,    3.67
196705,    4.29,   -1.39,   -0.97,   -0.90,   -1.74,   -0.39,   -1.41,   -0.73,   -0.99,   -1.54,   -1.98,   -0.51,   -0.27,   -1.90,   -0.91,   -0.75,   -0.71,   -1.33,   -0.70
196706,   20.65,    6.98,    7.81,    7.85,    7.19,    6.61,    7.29,    9.15,    7.55,    7.77,    6.49,    6.48,    6.74,    6.45,    8.16,    9.75,    8.51,    6.98,    8.05
196707,   23.47,    6.78,    7.14,   10.50,    6.95,    6.33,    7.49,    8.45,   11.09,    7.41,    6.38,    6.38,    6.28,    7.30,    7.68,    7.34,    9.41,   10.36,   11.85
196708,   -2.37,   -0.63,    0.42,    1.66,   -0.98,   -0.07,    0.56,    0.83,    2.16,   -1.34,   -0.54,    0.22,   -0.33,    0.30,    0.81,    0.95,    0.72,    1.06,    3.32
196709,   14.24,    5.88,    5.86,    5.49,    6.10,    5.81,    5.79,    6.46,    4.59,    6.92,    5.11,    5.35,    6.24,    5.74,    5.83,    5.61,    7.19,    4.58,    4.60
196710,   -2.45,   -1.73,   -2.89,   -2.12,   -1.42,   -2.96,   -2.91,   -1.72,   -2.59,   -0.28,   -2.79,   -2.50,   -3.39,   -3.07,   -2.76,   -2.31,   -1.23,   -2.01,   -3.20
196711,    0.33,    0.85,    0.50,   -1.02,    0.88,    1.53,   -0.17,   -0.81,   -0.79,    0.49,    1.35,    0.78,    2.23,    0.56,   -0.88,   -0.04,   -1.45,   -0.46,   -1.14
196712,   14.24,    7.22,    7.17,    8.81,    7.79,    6.32,    6.96,    8.42,    8.81,    7.86,    7.70,    5.79,    6.82,    7.65,    6.28,    7.94,    8.82,    8.34,    9.30
196801,    6.93,   -1.94,    1.37,    5.77,   -2.70,    0.54,    1.89,    3.06,    6.16,   -3.05,   -2.27,   -0.03,    1.08,    0.98,    2.80,    0.69,    5.05,    5.73,    6.61
196802,   -3.42,   -6.08,   -4.72,   -5.65,   -6.47,   -5.17,   -4.71,   -5.17,   -5.47,   -7.40,   -5.36,   -5.10,   -5.23,   -5.11,   -4.31,   -4.20,   -5.99,   -5.45,   -5.49
196803,   -5.83,   -0.30,   -1.25,   -0.88,    0.10,   -1.26,   -1.41,   -1.33,   -0.48,    0.41,   -0.27,   -1.31,   -1.21,   -1.64,   -1.19,   -0.97,   -1.63,   -0.85,   -0.10
196804,   11.10,   14.46,   12.26,   15.17,   15.01,   12.61,   11.95,   13.83,   15.49,   17.17,   12.37,   13.09,   12.17,   11.30,   12.60,   12.95,   14.58,   14.58,   16.45
196805,   10.67,    7.95,    6.90,   11.16,    8.35,    7.09,    6.77,    8.96,   11.38,    9.89,    6.46,    6.97,    7.21,    7.44,    6.11,    6.81,   10.74,   10.64,   12.17
196806,   -1.31,    0.20,    2.39,    2.00,   -0.31,    2.10,    2.57,    2.52,    1.38,   -1.35,    0.95,    1.49,    2.67,    2.16,    2.99,    1.75,    3.16,    1.26,    1.50
196807,    1.35,   -5.11,   -2.68,    0.38,   -5.66,   -3.76,   -2.56,   -0.70,    0.48,   -5.46,   -5.91,   -3.68,   -3.85,   -3.16,   -2.02,   -1.62,    0.17,   -0.02,    0.95
196808,   -0.66,    3.07,    3.17,    4.63,    2.77,    3.40,    3.72,    3.24,    4.89,    2.08,    3.62,    3.88,    2.85,    3.17,    4.25,    2.35,    4.09,    4.84,    4.94
196809,   14.51,    6.34,    6.85,    7.21,    6.39,    7.02,    6.25,    6.29,    7.91,    6.69,    6.02,    6.21,    7.94,    5.50,    6.97,    6.88,    5.72,    6.88,    8.88
196810,    3.48,   -0.12,    1.50,    1.56,   -0.54,    0.99,    1.66,    1.96,    1.29,   -1.49,    0.63,    1.02,    0.95,    2.42,    0.94,    1.78,    2.13,    1.70,    0.92
196811,    6.26,    7.52,    7.22,    6.71,    7.57,    7.36,    7.15,    7.02,    6.67,    7.99,    7.06,    7.39,    7.33,    6.42,    7.84,    7.27,    6.79,    8.24,    5.20
196812,    9.31,    0.13,   -0.35,    0.10,    0.31,   -0.20,   -0.16,   -0.71,    0.29,    0.91,   -0.43,   -0.34,   -0.04,   -0.66,    0.33,   -1.13,   -0.30,   -0.05,    0.61
196901,    3.80,   -1.25,   -0.14,   -0.18,   -1.44,   -0.55,   -0.51,    0.27,   -0.11,   -2.01,   -0.75,   -0.73,   -0.34,   -0.36,   -0.65,    0.91,   -0.33,   -0.15,   -0.07
196902,  -12.77,   -9.53,   -7.78,   -7.68,   -9.94,   -8.36,   -7.37,   -7.42,   -8.12,  -10.71,   -9.00,   -8.43,   -8.28,   -7.23,   -7.50,   -8.13,   -6.76,   -7.53,   -8.67
196903,   -0.40,    2.25,    1.60,    2.36,    2.62,    0.90,    2.14,    1.99,    2.39,    2.75,    2.46,    1.25,    0.50,    1.47,    2.80,    1.67,    2.28,    2.73,    2.07
196904,    2.53,    0.81,    0.62,    0.59,    1.09,    0.10,    0.85,    0.27,    0.92,    0.22,    2.16,    0.07,    0.13,    1.57,    0.14,    0.68,   -0.11,    1.86,    0.03
196905,    4.24,   -0.12,    0.99,    0.05,    0.13,   -0.15,    1.30,    0.48,   -0.03,   -0.79,    1.26,   -0.79,    0.61,    0.74,    1.86,    0.75,    0.23,    0.47,   -0.50
196906,  -17.44,  -11.43,  -10.55,  -10.72,  -11.52,  -10.90,  -10.72,  -10.21,  -10.95,  -11.92,  -11.03,  -11.19,  -10.56,   -9.98,  -11.45,  -10.16,  -10.25,  -11.40,  -10.52
196907,   -9.21,  -10.47,   -9.01,   -7.76,  -10.63,  -10.27,   -8.24,   -7.92,   -8.08,  -10.68,  -10.57,  -10.02,  -10.51,   -8.39,   -8.09,   -8.75,   -7.08,   -7.76,   -8.39
196908,    9.01,    6.57,    4.44,    3.17,    6.75,    5.51,    4.68,    3.17,    3.17,    6.48,    7.13,    6.06,    4.99,    5.14,    4.19,    3.18,    3.17,    3.66,    2.69
196909,    2.86,   -1.82,   -3.15,   -2.79,   -1.48,   -2.84,   -3.57,   -2.61,   -2.84,   -1.86,   -0.96,   -2.78,   -2.91,   -4.06,   -3.06,   -2.53,   -2.69,   -3.46,   -2.23
196910,   10.94,   11.30,    9.23,    7.12,   11.66,   10.72,    9.05,    7.67,    6.57,   12.18,   10.95,   10.27,   11.16,    8.94,    9.16,    7.06,    8.28,    6.50,    6.64
196911,   -8.40,   -5.75,   -5.25,   -6.24,   -5.80,   -5.96,   -4.79,   -5.74,   -6.08,   -5.42,   -6.31,   -5.64,   -6.27,   -4.32,   -5.28,   -4.91,   -6.56,   -5.88,   -6.28
196912,  -15.66,   -6.69,   -6.00,   -6.93,   -6.65,   -6.74,   -5.35,   -6.26,   -7.38,   -6.07,   -7.43,   -6.81,   -6.67,   -5.29,   -5.40,   -6.54,   -5.98,   -6.39,   -8.35
197001,   -0.69,   -5.24,   -4.19,   -2.15,   -5.66,   -4.01,   -4.48,   -3.72,   -1.48,   -6.03,   -5.15,   -4.07,   -3.95,   -4.43,   -4.53,   -3.86,   -3.57,   -3.04,    0.05
197002,    2.96,    3.56,    4.79,    6.01,    3.37,    4.11,    4.78,    6.00,    5.87,    3.15,    3.66,    4.09,    4.13,    4.54,    5.03,    5.70,    6.30,    6.67,    5.08
197003,    0.82,   -4.53,   -0.73,   -0.11,   -5.36,   -2.66,   -0.24,    0.48,    0.04,   -5.58,   -5.06,   -2.17,   -3.14,   -0.03,   -0.45,    1.39,   -0.45,    0.61,   -0.51
197004,  -18.45,  -19.47,  -14.41,  -11.00,  -20.65,  -16.73,  -13.86,  -11.17,  -11.20,  -22.32,  -18.36,  -16.14,  -17.30,  -14.05,  -13.66,  -11.75,  -10.57,  -11.09,  -11.30
197005,  -13.05,   -9.44,   -8.69,   -8.43,   -9.51,   -9.23,   -9.04,   -7.17,   -9.06,   -9.11,  -10.05,   -9.25,   -9.21,   -8.97,   -9.12,   -7.22,   -7.11,   -7.95,  -10.14
197006,   -1.64,   -9.19,   -6.62,   -7.16,   -9.94,   -7.60,   -6.52,   -6.01,   -7.15,  -10.34,   -9.40,   -7.06,   -8.12,   -6.03,   -7.03,   -4.84,   -7.19,   -7.24,   -7.05
197007,   11.76,    5.91,    6.30,    5.68,    6.00,    5.22,    6.44,    7.12,    5.28,    4.56,    7.42,    5.73,    4.68,    7.23,    5.65,    7.78,    6.50,    6.28,    4.28
197008,    5.37,    6.22,    6.27,    6.59,    5.96,    7.08,    6.05,    6.75,    5.93,    6.68,    5.24,    6.81,    7.38,    6.19,    5.91,    5.52,    7.91,    5.81,    6.04
197009,   16.34,   16.65,   10.47,   10.82,   17.05,   13.60,   11.48,    8.44,   11.61,   18.48,   15.65,   15.74,   11.26,   10.82,   12.14,    7.59,    9.25,   11.15,   12.06
197010,   -6.12,   -6.56,   -6.11,   -5.44,   -6.58,   -6.05,   -7.50,   -4.82,   -5.32,   -6.67,   -6.50,   -6.50,   -5.56,   -7.76,   -7.23,   -3.91,   -5.67,   -5.10,   -5.55
197011,   -3.93,    0.13,    1.28,    0.83,    0.53,   -0.07,    1.02,    2.48,   -0.03,    0.10,    0.96,   -0.80,    0.72,    1.18,    0.86,    2.40,    2.56,   -0.04,   -0.02
197012,    5.76,    6.86,    9.18,    9.59,    6.88,    7.61,    9.31,   10.07,    9.15,    6.39,    7.37,    6.81,    8.48,    9.83,    8.79,    9.65,   10.46,    9.34,    8.97
197101,   19.00,   11.65,   13.26,   15.33,   10.84,   13.27,   13.48,   13.45,   16.11,    9.53,   12.11,   13.51,   13.02,   13.39,   13.57,   13.09,   13.78,   15.44,   16.77
197102,    0.89,    5.34,    3.91,    4.12,    5.73,    4.50,    4.19,    3.19,    4.34,    5.53,    5.92,    4.46,    4.54,    4.74,    3.65,    2.69,    3.68,    4.20,    4.47
197103,   -0.26,    7.07,    5.15,    4.92,    7.21,    5.91,    5.58,    4.54,    5.08,    8.45,    6.01,    6.75,    5.00,    5.73,    5.42,    4.49,    4.59,    4.76,    5.41
197104,    4.59,    2.91,    2.73,    2.92,    2.67,    2.89,    2.62,    2.54,    3.54,    2.78,    2.56,    3.47,    2.27,    2.34,    2.90,    3.43,    1.69,    2.69,    4.38
197105,   -8.17,   -4.63,   -5.64,   -5.24,   -4.79,   -5.19,   -5.79,   -4.66,   -5.57,   -3.56,   -5.97,   -4.25,   -6.19,   -6.32,   -5.25,   -4.76,   -4.56,   -4.72,   -6.43
197106,   -4.53,   -0.86,   -1.30,   -2.86,   -0.60,   -1.45,   -1.11,   -2.20,   -2.85,   -0.46,   -0.74,   -1.45,   -1.46,   -1.67,   -0.54,   -1.51,   -2.87,   -2.54,   -3.17
197107,   -5.44,   -6.06,   -5.46,   -5.70,   -5.76,   -5.61,   -5.55,   -5.90,   -5.75,   -6.49,   -5.05,   -6.70,   -4.54,   -5.87,   -5.21,   -6.21,   -5.59,   -5.64,   -5.84
197108,    5.80,    4.98,    3.39,    5.47,    4.45,    5.01,    2.82,    4.47,    5.63,    5.39,    3.52,    6.11,    3.93,    2.79,    2.86,    3.90,    5.06,    4.66,    6.53
197109,   -2.13,    0.56,   -0.89,   -1.59,    0.86,   -0.35,   -0.91,   -1.27,   -1.65,    1.50,    0.23,   -0.08,   -0.63,   -1.35,   -0.44,   -1.12,   -1.43,   -0.55,   -2.67
197110,  -10.72,   -5.85,   -5.06,   -6.23,   -5.75,   -6.16,   -4.54,   -5.17,   -6.52,   -5.81,   -5.69,   -6.08,   -6.24,   -4.66,   -4.41,   -4.85,   -5.50,   -6.30,   -6.72
197111,   -6.21,   -2.29,   -2.84,   -4.52,   -2.12,   -2.67,   -2.82,   -3.35,   -4.86,   -1.37,   -2.86,   -2.66,   -2.68,   -3.03,   -2.59,   -3.05,   -3.65,   -4.13,   -5.53
197112,   11.15,   12.48,   11.38,   12.40,   12.69,   12.17,   10.99,   11.70,   12.47,   12.87,   12.50,   12.05,   12.28,   10.73,   11.28,   11.19,   12.22,   12.83,   12.15
197201,   18.45,    7.50,    8.35,   14.27,    7.12,    8.66,    7.91,    9.57,   15.70,    8.39,    5.86,    8.30,    9.01,    7.13,    8.75,    8.50,   10.68,   14.55,   16.76
197202,    4.83,    5.22,    3.36,    4.17,    5.35,    4.27,    3.30,    3.34,    4.45,    6.00,    4.72,    4.94,    3.60,    4.34,    2.18,    3.22,    3.46,    3.67,    5.17
197203,   -3.26,    1.19,   -0.36,   -0.64,    1.12,    0.66,   -0.39,   -0.78,   -0.54,    1.32,    0.91,    1.33,   -0.01,   -1.07,    0.34,   -0.66,   -0.90,   -1.18,    0.05
197204,    2.95,   -0.15,    0.05,    0.85,    0.07,   -0.45,   -0.19,    0.88,    0.81,    0.55,   -0.40,   -0.63,   -0.29,   -1.01,    0.69,    0.82,    0.95,    0.98,    0.64
197205,   -6.67,   -0.82,   -2.05,   -2.67,   -0.23,   -2.11,   -2.15,   -2.08,   -2.77,    0.90,   -1.36,   -2.05,   -2.18,   -2.00,   -2.32,   -1.73,   -2.44,   -3.06,   -2.50
197206,   -2.36,   -3.09,   -3.26,   -4.01,   -2.82,   -3.43,   -3.26,   -3.42,   -4.22,   -2.50,   -3.15,   -3.65,   -3.20,   -3.46,   -3.03,   -3.34,   -3.49,   -4.06,   -4.37
197207,   -1.02,   -3.67,   -2.97,   -2.37,   -3.59,   -3.71,   -2.85,   -2.28,   -2.49,   -3.98,   -3.15,   -3.82,   -3.58,   -3.20,   -2.46,   -2.51,   -2.06,   -2.09,   -2.89
197208,   -1.03,    0.14,    1.90,    2.14,    0.03,    0.42,    2.27,    2.17,    2.34,   -0.65,    0.77,    0.35,    0.50,    2.17,    2.39,    2.74,    1.65,    3.09,    1.60
197209,   -3.30,   -3.15,   -3.14,   -3.30,   -2.73,   -3.68,   -2.97,   -3.06,   -3.44,   -1.66,   -3.92,   -3.92,   -3.44,   -2.94,   -3.00,   -3.16,   -2.96,   -3.57,   -3.32
197210,    0.11,   -1.75,   -0.49,   -1.96,   -1.87,   -1.62,   -0.33,   -0.84,   -1.89,   -2.29,   -1.39,   -1.53,   -1.72,   -0.85,    0.23,    0.61,   -2.15,   -1.80,   -1.98
197211,    1.84,    4.10,    5.67,    5.81,    3.86,    5.00,    5.52,    6.01,    5.82,    3.33,    4.45,    4.56,    5.46,    5.28,    5.79,    6.26,    5.78,    5.85,    5.78
197212,   -1.80,   -0.81,   -2.43,   -2.88,    0.06,   -2.50,   -2.26,   -2.64,   -2.99,    0.66,   -0.61,   -2.44,   -2.56,   -2.59,   -1.89,   -2.67,   -2.62,   -2.60,   -3.38
197301,   -4.35,   -6.76,   -4.20,   -1.74,   -7.01,   -5.79,   -4.39,   -2.65,   -1.29,   -7.57,   -6.40,   -6.29,   -5.28,   -5.03,   -3.68,   -2.50,   -2.80,   -1.31,   -1.27
197302,   -6.75,   -9.01,   -7.07,   -6.10,   -9.62,   -7.96,   -7.34,   -6.12,   -5.79,   -9.65,   -9.59,   -7.86,   -8.05,   -8.48,   -6.09,   -5.34,   -6.84,   -5.69,   -5.89
197303,   -6.53,   -4.18,   -2.48,   -1.33,   -4.41,   -3.91,   -1.99,   -1.80,   -1.08,   -5.18,   -3.55,   -3.74,   -4.09,   -3.33,   -0.51,   -1.67,   -1.91,   -2.08,   -0.12
197304,   -8.40,  -10.45,   -6.28,   -5.18,  -11.11,   -8.56,   -5.87,   -5.36,   -5.09,  -12.17,   -9.93,   -9.22,   -7.87,   -6.34,   -5.35,   -5.32,   -5.39,   -4.79,   -5.37
197305,  -13.41,   -8.96,   -7.72,   -8.28,   -8.19,   -9.55,   -7.52,   -6.53,   -9.20,   -7.69,   -8.75,  -10.37,   -8.70,   -7.78,   -7.22,   -7.03,   -6.09,   -9.04,   -9.36
197306,    1.56,   -4.60,   -3.13,   -2.19,   -4.86,   -3.33,   -4.09,   -2.33,   -1.90,   -3.84,   -6.00,   -4.10,   -2.53,   -4.33,   -3.83,   -1.70,   -2.89,   -2.45,   -1.35
197307,   14.33,   16.40,   10.91,    9.67,   17.19,   13.59,   10.35,    9.79,    9.70,   17.87,   16.45,   14.57,   12.60,   11.95,    8.32,    9.98,    9.62,    9.80,    9.61
197308,   -6.46,   -4.09,   -5.00,   -4.07,   -3.75,   -5.37,   -4.65,   -4.58,   -3.90,   -3.07,   -4.48,   -4.89,   -5.85,   -4.88,   -4.36,   -4.67,   -4.50,   -4.82,   -3.07
197309,   17.55,   10.36,    8.99,    6.67,   10.51,   10.06,    8.86,    7.48,    6.48,   10.12,   10.93,   10.01,   10.11,    8.77,    8.97,    7.90,    7.10,    6.96,    6.06
197310,   -0.11,   -1.89,    0.69,    1.35,   -2.55,    0.19,    0.89,    0.65,    1.48,   -2.90,   -2.17,   -0.37,    0.76,    0.66,    1.18,    0.20,    1.06,    0.53,    2.33
197311,  -21.05,  -21.25,  -17.68,  -16.70,  -21.86,  -19.86,  -17.36,  -15.48,  -17.28,  -22.61,  -21.05,  -19.82,  -19.90,  -17.86,  -16.72,  -15.64,  -15.34,  -17.69,  -16.91
197312,   -4.78,   -2.95,   -3.04,   -4.48,   -2.55,   -3.95,   -2.01,   -3.40,   -5.11,   -2.44,   -2.67,   -3.86,   -4.03,   -2.66,   -1.20,   -3.85,   -2.99,   -4.96,   -5.25
197401,   16.80,    9.37,   13.73,   18.09,    7.62,   13.61,   13.36,   14.10,   19.89,    6.62,    8.71,   13.43,   13.80,   13.69,   12.95,   14.38,   13.84,   17.98,   21.62
197402,   -0.73,   -0.65,    1.21,    1.90,   -0.98,    0.60,    1.14,    1.26,    2.26,   -1.13,   -0.81,    0.12,    1.09,    0.71,    1.68,    1.50,    1.04,    2.66,    1.89
197403,   -1.84,    0.22,    0.01,    2.05,    0.30,    0.12,    0.02,    0.28,    2.60,   -0.81,    1.51,    0.05,    0.19,    0.28,   -0.32,   -0.20,    0.73,    1.81,    3.33
197404,   -4.69,   -6.26,   -5.75,   -3.69,   -6.07,   -6.56,   -5.55,   -4.93,   -3.32,   -5.71,   -6.46,   -6.69,   -6.43,   -5.37,   -5.78,   -5.34,   -4.56,   -3.24,   -3.39
197405,   -9.13,   -7.41,   -7.13,   -6.30,   -7.19,   -7.40,   -7.01,   -7.19,   -6.13,   -6.53,   -7.92,   -7.94,   -6.85,   -6.98,   -7.05,   -7.70,   -6.72,   -6.42,   -5.86
197406,   -3.13,   -3.38,   -3.18,   -1.77,   -3.35,   -3.31,   -2.88,   -3.01,   -1.54,   -3.80,   -2.86,   -3.45,   -3.17,   -3.12,   -2.58,   -3.76,   -2.33,   -2.55,   -0.61
197407,   -6.00,   -7.35,   -4.01,   -3.66,   -8.37,   -4.68,   -3.94,   -3.82,   -3.65,  -10.01,   -6.71,   -5.12,   -4.19,   -4.40,   -3.51,   -3.96,   -3.70,   -3.99,   -3.34
197408,   -8.46,   -9.94,   -7.85,   -7.03,  -10.07,   -8.95,   -7.84,   -7.37,   -6.97,   -9.80,  -10.34,   -9.67,   -8.18,   -8.33,   -7.39,   -7.55,   -7.20,   -7.38,   -6.59
197409,  -15.03,  -11.22,   -6.70,   -7.61,  -12.32,   -8.02,   -6.59,   -6.72,   -7.87,  -14.44,  -10.17,   -8.83,   -7.15,   -6.42,   -6.75,   -6.48,   -6.95,   -7.28,   -8.39
197410,    5.60,   16.76,    8.26,    7.60,   19.20,   10.02,    7.67,    7.87,    7.99,   22.17,   16.20,   11.49,    8.42,    8.04,    7.33,    9.16,    6.62,    7.89,    8.08
197411,   -5.80,   -4.92,   -4.34,   -6.32,   -4.99,   -4.49,   -4.43,   -4.96,   -6.61,   -5.50,   -4.47,   -4.78,   -4.18,   -4.78,   -4.10,   -4.33,   -5.57,   -6.24,   -6.95
197412,  -16.63,   -6.71,   -6.04,   -9.81,   -6.65,   -6.08,   -6.17,   -7.41,  -10.42,   -6.17,   -7.14,   -6.83,   -5.26,   -6.86,   -5.54,   -6.55,   -8.25,   -9.01,  -11.69
197501,   46.90,   25.32,   29.91,   35.85,   24.23,   28.59,   29.82,   31.45,   37.18,   23.45,   25.03,   27.68,   29.58,   30.10,   29.55,   30.39,   32.48,   32.79,   41.17
197502,   11.57,    7.59,    3.54,    4.96,    8.39,    4.95,    3.17,    4.03,    5.23,   10.37,    6.39,    5.83,    3.98,    2.80,    3.52,    3.78,    4.28,    3.64,    6.68
197503,   14.04,    8.38,    8.17,   10.74,    7.96,    9.00,    8.15,    8.54,   11.31,    7.87,    8.04,    9.32,    8.64,    8.35,    7.97,    7.76,    9.29,   10.59,   11.98
197504,    4.62,    6.39,    3.29,    2.70,    6.52,    4.75,    3.49,    2.92,    2.64,    7.69,    5.33,    6.11,    3.26,    2.98,    3.97,    2.96,    2.87,    3.41,    1.93
197505,   11.77,    9.18,    7.51,    7.32,    9.09,    8.50,    6.90,    7.82,    7.41,    9.11,    9.07,    9.38,    7.53,    7.02,    6.78,    8.57,    7.09,    7.81,    7.05
197506,   23.92,    6.96,    7.97,    8.67,    6.86,    7.76,    7.95,    8.54,    8.36,    6.41,    7.31,    7.19,    8.38,    7.86,    8.03,    7.60,    9.45,    8.36,    8.36
197507,   -1.70,   -3.46,   -1.34,    0.82,   -4.03,   -2.05,   -1.47,    0.03,    0.88,   -5.45,   -2.75,   -2.35,   -1.73,   -1.52,   -1.42,   -0.72,    0.70,    0.01,    1.61
197508,   -8.97,   -4.87,   -3.91,   -6.15,   -4.52,   -4.71,   -4.08,   -4.57,   -6.49,   -5.03,   -4.05,   -5.56,   -3.79,   -4.19,   -3.96,   -3.70,   -5.34,   -5.72,   -7.15
197509,   -6.61,   -4.47,   -3.12,   -3.54,   -4.97,   -3.13,   -3.24,   -3.06,   -3.84,   -4.17,   -5.70,   -3.50,   -2.74,   -3.03,   -3.45,   -3.28,   -2.86,   -2.96,   -4.58
197510,   -0.35,    2.53,    3.20,    0.91,    2.80,    2.84,    2.87,    2.46,    0.55,    2.79,    2.81,    2.00,    3.74,    3.41,    2.32,    3.28,    1.73,    1.80,   -0.51
197511,    0.26,    1.89,    2.04,    2.59,    1.45,    2.23,    2.14,    2.38,    2.62,    1.23,    1.65,    2.75,    1.67,    3.07,    1.20,    2.22,    2.53,    2.24,    2.94
197512,   -7.61,   -0.98,   -0.37,   -0.29,   -1.35,   -0.39,   -0.20,   -0.32,   -0.36,   -1.68,   -1.05,   -0.26,   -0.53,   -0.60,    0.21,   -0.54,   -0.12,   -0.29,   -0.42
197601,   35.51,   14.28,   19.49,   26.25,   13.82,   16.65,   19.84,   22.05,   27.28,   13.49,   14.11,   15.19,   18.23,   19.51,   20.18,   20.07,   23.85,   24.70,   29.47
197602,   21.40,    5.78,    8.62,   16.93,    5.11,    6.80,    8.93,   11.78,   18.48,    4.06,    6.06,    7.11,    6.47,    9.12,    8.72,   10.12,   13.30,   15.11,   21.34
197603,    7.86,    1.67,    2.11,    1.95,    2.00,    1.80,    1.94,    1.86,    2.01,    2.92,    1.15,    1.03,    2.63,    1.76,    2.14,    1.92,    1.81,    2.13,    1.90
197604,    0.56,   -0.78,   -1.07,   -0.89,   -0.75,   -0.86,   -1.55,   -0.57,   -0.94,   -1.33,   -0.22,   -0.83,   -0.90,   -1.60,   -1.51,   -0.35,   -0.77,   -0.55,   -1.27
197605,   -5.04,   -1.11,   -1.91,   -3.55,   -1.18,   -1.68,   -1.44,   -2.28,   -4.10,   -1.67,   -0.74,   -0.98,   -2.44,   -1.21,   -1.67,   -2.27,   -2.28,   -3.41,   -4.68
197606,    0.06,    3.64,    3.48,    2.45,    3.64,    3.42,    3.71,    3.44,    1.98,    2.65,    4.55,    3.64,    3.19,    3.20,    4.22,    3.36,    3.52,    2.13,    1.86
197607,    3.40,   -0.91,    0.34,    0.69,   -0.99,   -0.62,    0.79,    0.30,    0.88,   -1.04,   -0.94,   -0.74,   -0.51,    0.09,    1.51,    0.38,    0.21,    1.48,    0.31
197608,   -2.21,   -2.92,   -1.18,   -2.02,   -3.66,   -1.29,   -1.04,   -1.61,   -2.10,   -3.70,   -3.60,   -1.37,   -1.21,   -0.16,   -1.95,   -1.38,   -1.84,   -1.60,   -2.59
197609,    0.88,    2.15,    2.02,    1.57,    1.93,    2.21,    1.75,    2.55,    1.21,    1.11,    2.88,    2.60,    1.81,    2.27,    1.22,    2.66,    2.44,    1.44,    0.99
197610,   -6.39,   -2.52,   -2.00,   -2.49,   -2.68,   -1.95,   -2.08,   -2.29,   -2.51,   -3.07,   -2.22,   -2.19,   -1.71,   -2.16,   -2.00,   -2.12,   -2.44,   -2.16,   -2.85
197611,    0.93,    2.64,    2.77,    2.47,    2.92,    2.71,    2.17,    3.12,    2.24,    2.34,    3.58,    2.05,    3.36,    2.05,    2.29,    3.21,    3.03,    2.71,    1.78
197612,   14.75,    9.38,    9.53,   11.07,    9.36,    9.35,    9.38,   10.69,   10.97,    8.58,   10.28,    9.43,    9.27,    8.91,    9.86,   10.02,   11.32,   10.13,   11.79
197701,    6.76,    0.66,    2.88,    5.39,   -0.16,    2.70,    2.01,    4.02,    6.04,   -1.58,    1.47,    2.45,    2.94,    2.10,    1.92,    4.25,    3.80,    4.60,    7.42
197702,    2.52,   -0.90,   -0.71,    0.98,   -0.96,   -0.78,   -0.57,   -0.10,    1.12,   -0.96,   -0.96,   -0.77,   -0.79,   -1.18,    0.06,   -0.86,    0.62,    1.27,    0.97
197703,    3.54,    0.51,    0.79,    1.35,    0.60,    0.18,    0.89,    1.22,    1.43,   -0.24,    1.58,    0.31,    0.05,    1.12,    0.66,    1.29,    1.16,    1.73,    1.13
197704,    3.25,    0.83,    1.53,    2.37,    0.87,    1.06,    1.38,    2.40,    2.17,    0.64,    1.13,    0.74,    1.37,    1.93,    0.82,    1.91,    2.87,    2.31,    2.03
197705,   -0.93,   -0.76,    0.19,    1.01,   -0.87,   -0.52,    0.39,    0.64,    1.10,   -1.94,    0.37,   -0.52,   -0.52,    0.90,   -0.14,    0.49,    0.78,    0.99,    1.20
197706,    1.89,    5.87,    5.56,    5.86,    6.29,    5.58,    6.01,    5.02,    5.91,    6.03,    6.60,    4.95,    6.20,    5.68,    6.35,    4.26,    5.74,    5.85,    5.97
197707,    5.87,    0.25,    0.55,    1.57,    0.52,   -0.06,    0.55,    0.56,    1.98,    0.74,    0.25,   -0.39,    0.31,    0.85,    0.24,    0.82,    0.36,    1.15,    2.61
197708,   -0.58,    0.11,   -0.82,   -1.27,    0.48,   -0.85,   -0.80,   -1.00,   -1.29,    0.47,    0.51,   -0.74,   -0.96,   -0.54,   -1.07,   -0.73,   -1.21,   -0.89,   -1.58
197709,    1.92,    1.25,    1.26,    1.19,    1.23,    1.09,    1.70,    0.84,    1.29,    0.58,    2.06,    1.30,    0.88,    1.32,    2.08,    0.76,    0.90,    1.03,    1.49
197710,   -3.21,   -3.58,   -2.46,   -1.94,   -4.08,   -2.72,   -2.65,   -1.65,   -1.99,   -3.87,   -4.35,   -2.40,   -3.05,   -2.72,   -2.58,   -1.47,   -1.80,   -2.02,   -1.96
197711,    8.05,    7.59,    7.05,    7.46,    7.84,    7.31,    7.05,    6.45,    7.83,    7.66,    8.06,    7.03,    7.62,    6.98,    7.13,    6.50,    6.40,    8.72,    7.15
197712,    2.18,    2.26,    1.85,    2.15,    2.47,    1.72,    2.02,    2.01,    2.10,    2.48,    2.46,    1.78,    1.66,    1.47,    2.58,    1.68,    2.28,    1.69,    2.42
197801,    5.56,   -3.46,   -2.37,    0.70,   -3.20,   -4.04,   -2.10,   -0.65,    0.99,   -3.12,   -3.29,   -4.07,   -4.01,   -2.13,   -2.06,   -1.29,   -0.13,    0.15,    1.62
197802,    0.12,    1.31,    2.24,    3.37,    1.36,    1.59,    2.30,    2.76,    3.46,    0.97,    1.84,    1.21,    2.00,    2.01,    2.60,    2.35,    3.09,    3.02,    3.79
197803,   12.35,    6.36,    6.57,    7.38,    6.37,    6.43,    6.46,    6.36,    7.85,    6.16,    6.64,    6.32,    6.55,    6.90,    6.03,    6.80,    6.02,    7.28,    8.27
197804,    5.80,    9.61,    7.56,    8.09,   10.03,    8.34,    7.24,    7.21,    8.53,    9.95,   10.12,    8.62,    8.04,    8.11,    6.35,    7.73,    6.79,    8.40,    8.62
197805,   14.90,    6.53,    6.52,    7.95,    6.84,    5.90,    6.97,    6.67,    8.23,    7.24,    6.34,    5.80,    6.01,    6.67,    7.29,    6.08,    7.14,    7.30,    8.92
197806,    6.77,   -0.15,    0.93,    1.26,   -0.26,    0.39,    0.79,    0.80,    1.60,   -0.05,   -0.51,    0.09,    0.70,    0.41,    1.18,    1.46,    0.28,    0.65,    2.29
197807,    6.09,    6.43,    4.98,    4.97,    6.37,    5.82,    5.54,    4.58,    4.94,    5.83,    7.19,    6.59,    4.91,    5.51,    5.57,    4.05,    5.05,    5.15,    4.79
197808,   21.79,    9.19,    9.07,    9.92,    9.64,    8.94,    8.96,    8.10,   10.68,    9.83,    9.35,    8.07,    9.97,    9.27,    8.63,    8.44,    7.79,    9.87,   11.30
197809,    5.45,   -0.71,   -0.13,    1.31,   -0.75,   -0.29,   -0.93,    0.43,    1.86,   -0.61,   -0.97,   -0.59,    0.07,   -0.98,   -0.88,    1.15,   -0.22,    1.25,    2.33
197810,  -29.76,  -20.85,  -17.28,  -18.47,  -21.43,  -18.75,  -17.46,  -16.20,  -19.32,  -22.28,  -20.14,  -19.42,  -17.97,  -16.95,  -17.97,  -16.32,  -16.10,  -18.35,  -20.06
197811,    3.25,    6.32,    4.63,    3.40,    6.76,    5.34,    5.04,    3.37,    3.32,    7.43,    5.75,    5.25,    5.44,    4.28,    5.80,    3.10,    3.61,    3.58,    3.12
197812,   -3.47,    2.23,    1.49,    0.28,    2.36,    2.04,    1.24,    1.38,   -0.14,    2.77,    1.74,    1.91,    2.18,    1.46,    1.01,    1.29,    1.46,    1.01,   -1.02
197901,   17.32,    8.90,    8.69,   11.14,    8.89,    8.61,    8.30,    9.46,   11.87,    8.71,    9.17,    8.92,    8.25,    7.68,    8.91,    9.83,    9.13,    9.70,   13.54
197902,   -5.20,   -3.15,   -2.20,   -1.49,   -3.00,   -3.08,   -1.88,   -2.35,   -1.22,   -3.00,   -3.00,   -3.53,   -2.55,   -1.58,   -2.17,   -2.47,   -2.24,   -1.37,   -1.11
197903,   10.36,   10.32,    7.72,    7.58,   10.64,    8.27,    8.20,    7.43,    7.73,   11.58,    9.26,    9.52,    6.81,    8.55,    7.85,    7.72,    7.18,    7.67,    7.77
197904,    2.43,    2.09,    2.44,    3.25,    2.15,    2.18,    1.92,    3.16,    3.35,    1.82,    2.63,    1.93,    2.48,    1.73,    2.11,    3.33,    3.00,    2.70,    3.85
197905,   -3.61,   -1.94,   -0.44,   -0.45,   -1.99,   -1.32,   -0.77,   -0.06,   -0.42,   -1.85,   -2.20,   -1.80,   -0.76,   -1.62,    0.09,    0.44,   -0.50,   -0.32,   -0.51
197906,    2.12,    6.13,    5.27,    4.84,    6.34,    5.31,    5.38,    5.06,    4.85,    6.82,    5.63,    5.61,    4.96,    5.70,    5.06,    5.38,    4.79,    4.47,    5.15
197907,   -4.86,    2.13,    2.93,    2.44,    2.02,    2.56,    3.10,    2.62,    2.49,    1.85,    2.29,    2.48,    2.64,    2.95,    3.25,    2.90,    2.32,    2.61,    2.39
197908,    7.29,    8.79,    6.98,    6.99,    9.08,    8.09,    6.28,    6.60,    7.25,    9.32,    8.69,    7.89,    8.27,    6.25,    6.31,    6.93,    6.25,    7.36,    7.16
197909,   -1.15,    0.08,   -0.47,   -0.47,    0.19,   -0.12,   -0.74,   -0.43,   -0.50,    0.03,    0.44,   -0.25,   -0.01,   -1.10,   -0.39,   -0.46,   -0.40,   -0.52,   -0.48
197910,  -14.41,   -9.74,   -9.51,   -9.70,   -9.66,   -9.64,   -9.83,   -9.31,   -9.77,  -10.13,   -8.90,  -10.01,   -9.29,  -10.02,   -9.65,   -9.12,   -9.51,   -9.84,   -9.72
197911,    4.52,    9.34,    6.11,    4.79,    9.59,    7.57,    5.82,    5.65,    4.64,    9.94,    9.03,    8.53,    6.67,    6.08,    5.59,    6.06,    5.20,    5.64,    3.89
197912,    8.99,    8.78,    5.29,    4.97,    9.41,    6.38,    4.61,    5.05,    5.22,    9.93,    8.58,    6.75,    6.02,    4.79,    4.44,    5.80,    4.24,    5.44,    5.06
198001,   16.62,   10.65,    8.77,    9.92,   11.20,    8.66,    8.30,    7.95,   11.35,   11.27,   11.08,    8.88,    8.46,    8.94,    7.70,    9.97,    5.75,   10.42,   12.04
198002,    2.85,   -0.28,   -2.08,   -1.54,   -0.04,   -1.52,   -2.26,   -2.04,   -1.30,    0.77,   -1.35,   -1.05,   -1.97,   -1.46,   -3.03,   -1.85,   -2.25,   -1.34,   -1.26
198003,  -27.11,  -17.89,  -14.75,  -15.15,  -18.47,  -15.75,  -14.85,  -13.60,  -15.75,  -19.19,  -17.32,  -15.99,  -15.53,  -15.14,  -14.57,  -13.79,  -13.40,  -14.97,  -16.34
198004,    6.50,    5.32,    6.08,    4.57,    5.47,    5.35,    6.46,    5.95,    3.96,    5.11,    6.06,    4.81,    5.85,    5.90,    7.01,    5.59,    6.34,    5.43,    2.84
198005,    4.75,    7.39,    7.41,    6.97,    7.39,    7.34,    7.61,    6.91,    7.06,    7.16,    7.76,    7.36,    7.32,    7.74,    7.48,    7.11,    6.70,    7.80,    6.50
198006,    3.26,    4.69,    3.89,    3.98,    4.66,    4.36,    3.52,    4.38,    3.88,    4.22,    5.37,    4.78,    3.97,    3.78,    3.27,    4.49,    4.25,    4.45,    3.45
198007,    6.65,   12.17,    8.62,    7.33,   12.07,   11.00,    8.98,    6.91,    7.59,   11.83,   12.60,   12.50,    9.46,    8.77,    9.16,    7.13,    6.68,    7.21,    7.84
198008,    4.71,    8.81,    5.89,    5.47,    9.18,    7.74,    5.16,    5.26,    5.61,    9.58,    8.31,    7.60,    7.87,    5.36,    4.97,    5.38,    5.14,    5.00,    6.01
198009,    0.72,    6.27,    3.91,    3.25,    6.97,    4.67,    3.70,    2.31,    3.89,    7.25,    6.35,    4.00,    5.35,    4.40,    3.07,    2.93,    1.68,    3.24,    4.33
198010,    4.79,    6.12,    2.59,    2.55,    6.28,    4.15,    2.81,    2.72,    2.24,    7.21,    4.27,    5.62,    2.65,    3.10,    2.54,    2.13,    3.31,    1.66,    2.63
198011,    7.41,   11.98,    4.94,    2.10,   13.47,    7.39,    5.09,    2.17,    2.04,   14.66,   10.88,    7.16,    7.62,    5.86,    4.41,    2.11,    2.23,    1.59,    2.34
198012,   -3.08,   -4.38,   -2.51,   -2.15,   -4.53,   -3.87,   -2.33,   -1.48,   -2.47,   -5.13,   -3.22,   -3.88,   -3.85,   -3.10,   -1.66,   -1.58,   -1.38,   -1.77,   -2.93
198101,   -2.69,   -2.39,    0.90,    3.39,   -2.98,   -0.49,    1.39,    1.77,    3.85,   -3.86,   -1.05,   -0.50,   -0.49,    1.14,    1.60,    1.30,    2.25,    3.73,    3.94
198102,   -0.78,   -0.68,    1.61,    1.79,   -1.17,    0.69,    1.94,    1.72,    1.97,   -2.09,    0.85,    0.87,    0.50,    2.33,    1.60,    2.07,    1.35,    1.54,    2.26
198103,    7.76,    7.48,    8.74,    8.07,    7.40,    8.61,    8.04,    9.00,    7.82,    7.38,    7.45,    7.72,    9.52,    8.28,    7.84,    9.30,    8.69,    6.82,    8.50
198104,    4.83,    2.04,    3.17,    3.95,    1.57,    3.69,    2.92,    2.62,    4.63,    1.73,    1.21,    3.52,    3.87,    2.49,    3.30,    2.96,    2.28,    5.08,    4.32
198105,    5.63,    3.31,    2.99,    2.77,    3.49,    2.99,    3.56,    1.92,    3.00,    3.58,    3.30,    2.73,    3.27,    3.72,    3.42,    1.65,    2.20,    2.23,    3.53
198106,   -0.75,   -4.02,    1.52,    1.84,   -4.94,    0.00,    1.01,    2.38,    1.81,   -6.29,   -1.96,   -1.12,    1.16,    0.13,    1.79,    2.84,    1.91,    2.00,    1.69
198107,   -4.17,   -2.64,   -2.47,   -1.32,   -2.66,   -2.59,   -2.07,   -1.90,   -1.54,   -2.87,   -2.12,   -2.55,   -2.64,   -2.67,   -1.49,   -3.11,   -0.83,   -1.07,   -1.90
198108,  -14.01,  -10.31,   -6.03,   -4.79,  -10.57,   -7.70,   -6.21,   -5.54,   -4.47,  -11.20,   -8.94,   -9.20,   -6.08,   -6.19,   -6.23,   -5.61,   -5.48,   -3.57,   -5.17
198109,  -14.45,  -10.95,   -7.11,   -5.86,  -11.75,   -7.87,   -7.01,   -5.76,   -6.13,  -12.89,   -8.77,   -7.56,   -8.22,   -7.64,   -6.41,   -6.32,   -5.27,   -5.61,   -6.54
198110,    6.54,    9.96,    6.57,    4.65,   10.43,    6.96,    6.91,    6.29,    4.01,   10.27,   10.83,    7.97,    5.86,    7.80,    6.06,    6.54,    6.08,    4.86,    3.35
198111,   -1.56,   -0.30,    3.77,    2.95,   -0.97,    3.36,    3.56,    3.56,    2.76,   -2.46,    2.96,    2.55,    4.23,    3.70,    3.42,    3.78,    3.37,    4.19,    1.64
198112,   -1.29,   -3.18,   -1.29,   -1.51,   -3.51,   -1.44,   -1.49,   -1.54,   -1.31,   -4.48,   -0.97,   -1.77,   -1.09,   -1.48,   -1.49,   -1.09,   -1.94,   -0.86,   -1.67
198201,    3.43,   -2.97,   -1.92,    0.00,   -3.39,   -1.78,   -1.75,   -1.51,    0.57,   -3.49,   -3.14,   -1.16,   -2.46,   -1.64,   -1.86,   -1.76,   -1.29,    0.54,    0.60
198202,   -5.34,   -7.20,   -2.97,   -0.78,   -7.89,   -4.00,   -2.66,   -2.35,   -0.30,   -8.98,   -5.06,   -4.29,   -3.69,   -2.51,   -2.80,   -2.94,   -1.83,    0.43,   -0.88
198203,   -6.47,   -2.15,   -0.54,    0.97,   -2.66,   -0.43,   -0.35,    0.12,    1.07,   -3.25,   -1.10,    0.03,   -0.91,   -1.65,    0.89,   -0.58,    0.75,    1.57,    0.68
198204,    4.38,    6.14,    5.01,    4.52,    6.25,    5.76,    5.05,    4.60,    4.32,    6.10,    6.62,    5.69,    5.83,    5.62,    4.51,    4.21,    4.96,    3.70,    4.80
198205,   -1.89,   -3.34,   -2.07,   -1.33,   -3.58,   -2.42,   -2.02,   -1.77,   -1.11,   -4.02,   -2.45,   -2.29,   -2.58,   -1.84,   -2.20,   -1.71,   -1.83,   -1.46,   -0.84
198206,   -3.83,   -5.27,   -2.04,   -0.80,   -5.90,   -2.39,   -2.02,   -0.90,   -1.18,   -7.20,   -2.53,   -2.55,   -2.22,   -1.37,   -2.65,   -1.93,    0.03,   -1.91,   -0.61
198207,   -3.56,   -2.90,   -1.16,   -0.71,   -3.08,   -1.80,   -1.12,   -1.24,   -0.43,   -3.72,   -1.43,   -2.22,   -1.30,   -1.10,   -1.14,   -1.09,   -1.40,   -0.93,   -0.09
198208,    5.25,    6.40,    7.53,    6.03,    5.91,    7.79,    7.97,    6.93,    5.59,    5.80,    6.20,    8.11,    7.42,    7.16,    8.80,    6.76,    7.13,    7.25,    4.44
198209,    4.98,    1.55,    4.49,    4.23,    1.62,    2.29,    5.57,    3.70,    4.29,    1.59,    1.71,    1.28,    3.46,    5.76,    5.38,    3.36,    4.09,    4.17,    4.37
198210,   12.22,   15.33,   12.20,   11.69,   15.99,   12.49,   11.95,   12.35,   11.71,   15.92,   16.16,   12.98,   11.92,   11.63,   12.28,   12.98,   11.65,   11.95,   11.54
198211,   10.48,    8.33,    9.32,   10.41,    8.19,    8.89,    9.36,    9.34,   10.96,    8.09,    8.43,    8.86,    8.93,    8.55,   10.17,    9.64,    8.99,   10.44,   11.34
198212,   -0.31,    1.88,    2.58,    2.38,    1.92,    2.41,    2.52,    1.50,    3.00,    1.77,    2.28,    1.77,    3.14,    3.11,    1.92,    2.15,    0.78,    2.14,    3.61
198301,   28.12,   13.64,    8.31,    8.06,   15.11,    8.85,    7.33,    8.00,    8.60,   16.04,   12.78,    8.38,    9.39,    6.62,    8.05,    9.16,    6.69,    6.36,   10.20
198302,    6.97,    3.44,    6.47,    7.33,    3.21,    4.97,    7.19,    5.97,    7.76,    2.84,    4.16,    4.25,    5.80,    6.66,    7.72,    5.73,    6.25,    5.98,    9.03
198303,   11.73,    3.17,    6.33,    6.48,    2.85,    5.19,    6.22,    5.80,    7.14,    2.21,    4.49,    4.32,    6.20,    6.24,    6.21,    6.68,    4.81,    7.09,    7.19
198304,   10.89,    7.27,    8.37,    7.41,    7.26,    7.39,    9.06,    7.14,    7.85,    7.78,    5.94,    7.31,    7.49,    8.60,    9.53,    7.89,    6.31,    7.28,    8.26
198305,   21.00,   11.14,    7.38,    8.08,   11.75,    8.55,    7.19,    7.12,    8.45,   12.65,    9.48,    8.99,    8.04,    7.93,    6.46,    7.09,    7.15,    7.61,    9.07
198306,    8.42,    5.55,    4.72,    4.02,    5.52,    6.34,    4.31,    2.83,    4.63,    5.16,    6.42,    5.68,    7.11,    4.92,    3.72,    3.13,    2.48,    2.09,    6.47
198307,   -2.07,   -4.80,   -0.54,    1.03,   -5.31,   -2.74,   -0.52,    1.12,    1.01,   -5.77,   -4.25,   -3.24,   -2.12,   -1.70,    0.58,    1.15,    1.09,    0.38,    1.42
198308,   -8.38,   -4.98,   -2.59,   -1.28,   -5.41,   -3.30,   -2.43,   -2.13,   -1.13,   -6.01,   -4.04,   -3.66,   -2.87,   -3.45,   -1.49,   -2.64,   -1.62,   -0.59,   -1.48
198309,   -3.61,   -0.77,    1.36,    1.84,   -1.30,    0.76,    1.41,    2.35,    1.48,   -2.16,    0.67,    0.84,    0.67,    2.05,    0.82,    2.00,    2.68,    1.90,    1.20
198310,   -5.17,   -8.48,   -4.44,   -2.55,   -9.46,   -5.58,   -4.69,   -2.79,   -2.32,  -10.09,   -8.03,   -5.47,   -5.71,   -5.11,   -4.30,   -2.52,   -3.06,   -0.87,   -3.28
198311,    0.39,    3.52,    3.07,    3.07,    3.79,    2.73,    3.43,    3.10,    2.86,    3.48,    4.47,    2.71,    2.76,    3.74,    3.14,    2.65,    3.55,    3.11,    2.69
198312,   -6.64,   -3.64,   -1.34,    0.12,   -4.33,   -1.55,   -1.40,   -0.45,    0.16,   -5.03,   -2.74,   -1.54,   -1.57,   -1.26,   -1.52,   -0.97,    0.05,    0.67,   -0.18
198401,    7.20,   -2.09,    1.16,    2.99,   -2.45,    0.00,    0.89,    1.69,    3.58,   -2.46,   -2.44,   -0.96,    1.17,    0.37,    1.37,    1.72,    1.66,    2.57,    4.25
198402,   -9.66,   -7.12,   -5.09,   -3.71,   -7.03,   -6.95,   -5.00,   -3.47,   -4.00,   -7.55,   -5.84,   -7.43,   -6.36,   -4.23,   -5.72,   -3.88,   -3.06,   -3.17,   -4.54
198403,    0.57,   -0.48,    1.50,    2.43,   -0.93,    1.34,    1.26,    1.96,    2.47,   -1.17,   -0.38,    0.88,    1.88,    1.51,    1.03,    1.57,    2.34,    2.13,    2.69
198404,   -4.10,   -2.51,   -1.15,   -1.21,   -2.87,   -1.45,   -1.06,   -1.10,   -1.19,   -3.59,   -1.22,   -1.39,   -1.51,   -1.03,   -1.09,   -0.94,   -1.24,   -0.53,   -1.63
198405,  -10.27,   -5.81,   -4.13,   -3.56,   -6.11,   -4.14,   -5.18,   -3.45,   -3.35,   -6.53,   -5.15,   -4.88,   -3.24,   -4.89,   -5.45,   -2.89,   -4.00,   -4.72,   -2.43
198406,    2.31,    2.57,    1.75,    0.90,    2.27,    2.83,    1.65,    1.47,    0.72,    2.06,    2.75,    3.49,    2.02,    1.73,    1.59,    1.67,    1.28,    1.16,    0.42
198407,   -9.49,   -6.09,   -3.96,   -2.67,   -6.49,   -4.58,   -4.48,   -2.89,   -2.23,   -6.83,   -5.66,   -4.63,   -4.53,   -5.41,   -3.34,   -2.20,   -3.55,   -1.15,   -3.02
198408,    6.67,   10.78,    9.25,    8.23,   10.97,   10.32,    9.13,    8.10,    8.21,   10.89,   11.15,   10.10,   10.58,    9.15,    9.10,    7.92,    8.27,    9.20,    7.49
198409,   -0.76,   -2.15,    0.68,    2.02,   -2.67,   -0.32,    0.40,    1.92,    2.40,   -3.26,   -1.19,   -0.23,   -0.42,   -0.88,    1.98,    2.59,    1.27,    2.11,    2.61
198410,   -5.86,   -3.33,   -1.71,   -1.03,   -3.59,   -2.14,   -1.55,   -1.56,   -0.90,   -3.56,   -3.66,   -2.36,   -1.90,   -2.76,   -0.07,   -1.81,   -1.30,   -0.98,   -0.84
198411,   -7.84,   -5.42,   -2.24,   -1.42,   -5.84,   -3.52,   -2.01,   -1.62,   -1.35,   -6.81,   -3.45,   -3.87,   -3.12,   -1.94,   -2.10,   -1.68,   -1.56,   -0.74,   -1.80
198412,    5.26,    0.39,    0.58,    1.22,    0.34,    0.38,    0.83,    0.69,    1.42,   -0.06,    1.31,    0.56,    0.18,    0.41,    1.34,    0.56,    0.82,    1.32,    1.50
198501,   11.37,   15.06,   11.62,    8.58,   15.06,   13.66,   11.61,   10.29,    8.16,   15.82,   13.20,   15.06,   12.01,   12.78,   10.18,   11.18,    9.44,    7.33,    8.77
198502,    9.18,    5.37,    4.47,    3.48,    5.52,    4.93,    3.94,    3.99,    3.64,    5.42,    5.77,    4.80,    5.08,    3.35,    4.67,    4.86,    3.17,    1.89,    4.94
198503,    2.53,   -2.50,   -1.49,    0.69,   -2.79,   -2.04,   -1.32,   -0.23,    1.12,   -2.46,   -3.60,   -1.40,   -2.79,   -2.69,    0.34,   -0.28,   -0.17,    1.23,    1.04
198504,   -6.12,   -2.71,   -0.87,    0.24,   -2.80,   -2.06,   -1.07,    0.84,   -0.21,   -3.32,   -1.53,   -2.38,   -1.69,   -1.03,   -1.11,    0.53,    1.13,    0.06,   -0.41
198505,    2.45,    2.66,    3.11,    2.25,    2.16,    4.40,    2.71,    2.54,    2.11,    2.10,    2.32,    4.51,    4.28,    2.54,    2.93,    2.53,    2.55,    2.31,    1.95
198506,   -0.15,   -0.24,    0.71,    0.99,   -0.40,    0.27,    0.71,    0.79,    1.36,   -0.84,    0.68,    0.35,    0.18,    0.26,    1.25,    1.34,    0.26,    1.27,    1.42
198507,    1.38,    1.72,    1.80,    1.68,    1.56,    2.23,    2.27,    0.53,    2.08,    1.02,    2.63,    2.21,    2.25,    2.41,    2.14,    0.41,    0.66,    0.13,    3.42
198508,   -2.69,   -1.51,   -0.15,   -0.17,   -1.68,   -0.66,   -0.13,   -0.38,    0.01,   -1.77,   -1.50,   -1.02,   -0.17,   -0.21,   -0.05,   -0.19,   -0.61,   -0.36,    0.26
198509,   -9.49,   -7.26,   -4.69,   -4.70,   -7.84,   -5.12,   -4.68,   -4.70,   -4.74,   -8.20,   -7.12,   -5.50,   -4.61,   -4.56,   -4.80,   -4.79,   -4.59,   -4.36,   -5.00
198510,    1.96,    1.55,    2.62,    1.80,    1.18,    2.06,    3.03,    3.34,    1.08,    0.69,    2.17,    2.65,    1.25,    3.03,    3.04,    3.13,    3.58,    2.74,   -0.09
198511,    4.12,    5.65,    5.68,    4.89,    5.61,    6.16,    5.51,    4.78,    5.03,    5.37,    6.08,    5.75,    6.71,    4.84,    6.14,    5.00,    4.53,    4.67,    5.28
198512,   -4.13,    3.04,    3.72,    2.18,    2.81,    4.09,    3.74,    2.91,    1.84,    2.84,    2.74,    3.74,    4.58,    4.44,    3.08,    2.82,    3.01,    2.95,    1.06
198601,    9.51,    3.94,    2.90,    4.41,    4.19,    3.54,    2.99,    2.36,    4.89,    4.13,    4.32,    3.19,    4.02,    3.50,    2.50,    1.59,    3.25,    3.69,    5.73
198602,    6.27,    6.37,    6.34,    6.16,    6.36,    6.26,    6.57,    6.62,    5.76,    5.59,    7.88,    6.41,    6.06,    6.40,    6.73,    6.17,    7.14,    6.16,    5.48
198603,    1.25,    4.44,    5.05,    5.64,    4.14,    5.20,    5.37,    4.39,    6.15,    4.10,    4.23,    5.31,    5.06,    5.34,    5.41,    4.39,    4.38,    6.85,    5.66
198604,    3.88,    1.69,    0.76,    0.71,    1.44,    2.09,    0.15,    1.40,    0.32,    1.49,    1.33,    2.44,    1.60,    0.65,   -0.33,    1.18,    1.65,    0.77,    0.01
198605,    3.85,    3.39,    4.88,    3.33,    3.44,    3.78,    4.91,    4.59,    3.10,    3.44,    3.45,    3.24,    4.51,    4.26,    5.53,    5.19,    3.89,    2.10,    3.80
198606,    0.00,    0.36,    0.17,    2.10,    0.47,   -0.39,    0.33,    1.68,    1.94,    0.29,    0.82,    0.03,   -0.98,    0.11,    0.55,    1.00,    2.49,    2.18,    1.78
198607,   -7.63,   -9.44,   -7.12,   -5.86,   -9.55,   -8.16,   -7.48,   -5.41,   -6.40,   -9.71,   -9.20,   -9.07,   -7.12,   -6.99,   -8.01,   -6.30,   -4.47,   -4.29,   -7.73
198608,    1.80,    1.08,    2.93,    3.36,    0.81,    1.76,    3.06,    3.50,    3.62,    0.24,    2.10,    1.93,    1.58,    2.11,    4.11,    4.23,    2.72,    4.11,    3.30
198609,   -7.53,   -8.65,   -5.03,   -3.84,   -8.58,   -7.44,   -4.93,   -3.92,   -4.00,   -8.87,   -7.91,   -8.87,   -5.79,   -5.57,   -4.23,   -4.38,   -3.44,   -5.57,   -2.99
198610,   -2.65,    3.74,    2.98,    1.58,    3.73,    3.01,    2.72,    3.27,    1.45,    2.44,    6.62,    3.75,    2.16,    3.17,    2.23,    4.54,    1.92,    2.20,    0.98
198611,   -2.15,   -0.83,   -0.10,   -0.18,   -1.61,    0.66,   -0.05,    0.40,   -0.44,   -1.83,   -1.11,    1.68,   -0.52,    0.04,   -0.16,    0.30,    0.49,   -0.21,   -0.59
198612,   -3.19,   -4.59,   -2.75,   -2.92,   -4.96,   -2.99,   -3.26,   -2.69,   -2.65,   -5.83,   -3.03,   -3.37,   -2.54,   -3.28,   -3.24,   -1.83,   -3.59,   -2.56,   -2.71
198701,   20.19,   12.14,   11.25,   11.06,   12.29,   11.66,   10.97,   10.90,   11.37,   12.46,   11.89,   11.68,   11.64,   11.26,   10.64,   11.48,   10.30,   11.56,   11.24
198702,    7.18,    9.60,    6.99,    6.15,   10.02,    8.55,    6.46,    5.80,    6.35,   10.20,    9.61,    8.21,    8.94,    6.97,    5.89,    5.94,    5.66,    6.46,    6.27
198703,    4.60,    2.66,    3.15,    4.74,    2.47,    4.05,    2.56,    3.11,    5.11,    2.43,    2.55,    3.29,    4.93,    2.70,    2.41,    2.44,    3.81,    3.39,    6.23
198704,   -2.86,   -2.60,   -1.82,   -0.93,   -3.15,   -1.83,   -2.06,   -0.98,   -0.42,   -3.00,   -3.48,   -0.77,   -3.04,   -2.35,   -1.74,    0.19,   -2.18,   -1.28,    0.13
198705,    4.12,   -0.02,    0.00,    2.17,    0.20,   -0.54,    0.11,    0.03,    3.03,    0.04,    0.56,   -0.78,   -0.26,    0.22,    0.00,    0.05,    0.01,    0.41,    4.74
198706,    0.92,    2.19,    3.51,    3.24,    2.04,    3.16,    3.12,    3.52,    3.43,    1.66,    2.89,    2.71,    3.66,    3.25,    2.97,    4.26,    2.77,    4.44,    2.77
198707,    1.29,    2.41,    3.35,    6.26,    2.24,    2.87,    3.36,    4.16,    6.84,    1.72,    3.30,    3.05,    2.68,    3.04,    3.66,    4.19,    4.12,    5.61,    7.75
198708,   -1.20,    1.20,    2.59,    1.69,    1.30,    1.85,    2.49,    2.68,    1.35,    0.92,    2.09,    0.79,    2.88,    2.90,    2.10,    2.48,    2.93,    1.40,    1.32
198709,   -3.05,   -2.19,   -1.04,   -0.72,   -2.57,   -1.26,   -0.75,   -0.25,   -1.06,   -3.04,   -1.59,   -0.75,   -1.75,   -0.17,   -1.30,   -0.89,    0.52,   -0.87,   -1.20
198710,  -33.87,  -30.99,  -27.20,  -25.57,  -31.30,  -29.29,  -27.22,  -24.61,  -26.01,  -32.22,  -29.40,  -29.83,  -28.76,  -28.48,  -26.05,  -25.13,  -23.99,  -26.70,  -25.50
198711,   -8.63,   -6.98,   -5.22,   -4.11,   -7.46,   -5.32,   -5.32,   -4.36,   -4.15,   -7.74,   -6.89,   -5.21,   -5.44,   -5.93,   -4.73,   -4.69,   -3.96,   -2.97,   -5.04
198712,   -3.20,    4.12,    4.43,    2.24,    3.76,    5.58,    4.43,    3.14,    1.87,    2.93,    5.46,    5.43,    5.72,    5.73,    3.19,    2.79,    3.57,    2.68,    1.26
198801,   12.30,    7.80,    6.94,    8.07,    7.68,    7.94,    7.01,    6.70,    8.17,    7.97,    7.08,    8.23,    7.64,    5.88,    8.08,    5.88,    7.69,    6.31,    9.59
198802,    6.11,    6.80,    7.44,    6.37,    6.44,    8.38,    7.09,    7.04,    6.12,    6.18,    6.96,    8.11,    8.64,    7.79,    6.43,    6.85,    7.26,    7.11,    5.37
198803,    3.35,    3.24,    4.15,    3.93,    3.36,    3.66,    3.92,    3.21,    4.48,    3.27,    3.54,    2.80,    4.54,    3.61,    4.21,    4.24,    1.96,    4.23,    4.66
198804,    1.74,    0.84,    1.72,    2.25,    0.62,    1.26,    2.56,    0.91,    2.50,    0.36,    1.16,    1.62,    0.89,    2.78,    2.36,    0.56,    1.35,    1.75,    3.07
198805,   -5.12,   -3.06,   -1.28,    0.06,   -3.23,   -1.99,   -1.38,   -0.62,    0.24,   -4.00,   -1.68,   -2.43,   -1.53,   -1.86,   -0.94,   -0.68,   -0.56,    1.34,   -0.60
198806,    6.55,    5.41,    6.28,    4.65,    5.17,    6.85,    5.94,    5.25,    4.63,    5.20,    5.11,    6.27,    7.45,    6.36,    5.55,    5.68,    4.73,    4.33,    4.85
198807,    2.13,   -0.80,    0.00,   -0.11,   -0.91,   -0.63,   -0.36,    0.91,   -0.20,   -0.49,   -1.55,   -0.46,   -0.84,   -0.53,   -0.17,    1.79,    0.14,   -0.05,   -0.31
198808,   -4.73,   -3.32,   -1.92,   -1.14,   -3.56,   -2.69,   -1.90,   -1.03,   -1.16,   -3.52,   -3.61,   -2.59,   -2.81,   -1.50,   -2.36,   -0.97,   -1.09,   -0.53,   -1.61
198809,    0.41,    2.52,    2.54,    2.15,    2.59,    2.44,    2.42,    2.02,    2.45,    2.80,    2.28,    2.31,    2.60,    2.02,    2.87,    2.77,    1.35,    3.41,    1.74
198810,   -4.33,   -2.44,   -0.65,   -0.90,   -3.11,   -1.00,   -0.19,   -0.94,   -0.76,   -3.52,   -2.48,   -0.45,   -1.69,    0.02,   -0.43,   -0.59,   -1.25,   -0.28,   -1.12
198811,   -9.63,   -4.93,   -3.39,   -3.18,   -5.04,   -4.04,   -3.27,   -3.18,   -3.36,   -6.08,   -3.48,   -4.62,   -3.34,   -3.20,   -3.34,   -3.72,   -2.70,   -3.12,   -3.53
198812,    2.92,    2.47,    3.25,    1.78,    2.06,    3.36,    2.58,    3.76,    1.50,    1.74,    2.53,    3.71,    2.94,    3.27,    1.80,    5.15,    2.52,    2.68,    0.63
198901,   12.80,    6.63,    5.74,    7.05,    6.10,    7.60,    5.49,    5.18,    7.73,    5.94,    6.34,    8.19,    6.88,    4.18,    6.96,    5.10,    5.24,    6.17,    8.87
198902,   -1.06,    0.60,    0.82,    0.44,    0.33,    1.17,    0.78,    0.83,    0.30,   -0.28,    1.22,    1.42,    0.88,    0.61,    0.96,    0.84,    0.82,    0.41,    0.23
198903,   -0.03,    0.86,    2.96,    2.57,    0.67,    2.35,    3.17,    2.19,    2.61,    0.76,    0.53,    1.42,    3.50,    3.55,    2.74,    1.88,    2.47,    2.28,    2.86
198904,    4.13,    3.41,    3.73,    3.49,    3.10,    4.20,    3.89,    3.28,    3.49,    2.85,    3.47,    4.35,    4.02,    3.65,    4.16,    3.04,    3.50,    3.19,    3.70
198905,    1.42,    3.03,    3.06,    4.20,    2.70,    3.95,    3.20,    3.07,    4.22,    2.88,    2.42,    4.01,    3.88,    3.57,    2.78,    1.82,    4.16,    4.17,    4.26
198906,   -3.70,   -2.78,   -0.81,    0.57,   -3.03,   -1.70,   -1.73,    1.38,    0.44,   -3.39,   -2.49,   -2.06,   -1.27,   -1.77,   -1.69,    1.92,    0.91,    0.18,    0.63
198907,    0.95,    3.44,    3.75,    2.00,    2.98,    4.84,    3.19,    3.37,    1.55,    2.81,    3.31,    4.71,    5.00,    3.23,    3.16,    3.55,    3.21,    1.43,    1.63
198908,    0.10,    1.56,    2.34,    1.66,    1.96,    1.23,    2.35,    2.24,    1.52,    1.57,    2.74,    0.44,    2.21,    2.48,    2.23,    2.46,    2.04,    0.91,    1.93
198909,   -0.83,    0.83,   -0.58,    0.26,    1.10,   -0.41,   -0.61,    0.69,   -0.14,    1.22,    0.86,    0.09,   -1.02,   -0.23,   -0.97,   -0.03,    1.34,   -0.10,   -0.17
198910,   -9.62,   -4.35,   -5.45,   -5.18,   -3.76,   -5.94,   -5.27,   -4.83,   -5.48,   -3.31,   -4.64,   -5.97,   -5.91,   -5.96,   -4.64,   -5.31,   -4.39,   -4.22,   -6.34
198911,   -3.25,   -0.51,   -0.22,   -2.11,   -0.94,    0.08,    0.05,   -0.51,   -2.65,   -1.57,    0.27,    0.69,   -0.67,    0.85,   -0.68,   -0.32,   -0.69,   -1.38,   -3.52
198912,   -2.11,   -1.13,   -0.70,   -1.02,   -1.33,   -0.62,   -0.50,   -0.21,   -1.65,   -1.94,   -0.13,   -0.56,   -0.70,   -0.05,   -0.90,   -1.14,    0.64,   -0.34,   -2.53
199001,    4.45,   -6.73,   -5.46,   -4.73,   -6.49,   -6.76,   -5.18,   -5.65,   -4.33,   -6.50,   -6.47,   -7.40,   -5.99,   -6.04,   -4.39,   -5.48,   -5.81,   -4.69,   -4.09
199002,    4.01,    1.78,    2.26,    2.28,    1.87,    2.02,    2.04,    2.75,    1.96,    1.97,    1.68,    1.54,    2.59,    1.36,    2.65,    2.37,    3.11,    3.90,    0.63
199003,    0.74,    3.79,    3.17,    2.11,    3.70,    3.62,    3.53,    3.08,    1.55,    4.16,    2.80,    4.05,    3.09,    3.78,    3.30,    2.47,    3.63,    3.03,    0.52
199004,   -3.98,   -1.65,   -2.37,   -3.20,   -1.30,   -2.34,   -2.17,   -2.90,   -3.41,   -0.85,   -2.19,   -2.57,   -2.05,   -1.52,   -2.76,   -3.16,   -2.67,   -3.46,   -3.37
199005,    1.60,    7.61,    5.48,    2.94,    8.23,    6.31,    5.03,    4.63,    2.47,    8.39,    7.92,    5.96,    6.74,    6.69,    3.51,    5.07,    4.22,    3.38,    1.83
199006,    3.16,    1.35,    0.61,   -0.29,    1.30,    1.39,    1.02,   -0.51,   -0.39,    0.46,    2.90,    1.49,    1.27,    1.54,    0.55,   -1.05,   -0.02,   -0.77,   -0.13
199007,   -3.50,   -3.74,   -2.97,   -2.55,   -3.65,   -3.22,   -3.72,   -2.35,   -2.55,   -4.14,   -2.70,   -4.04,   -2.42,   -3.99,   -3.42,   -2.20,   -2.54,   -3.06,   -2.26
199008,  -13.00,  -14.14,  -11.23,   -9.81,  -14.15,  -13.11,  -11.31,  -10.05,   -9.80,  -14.29,  -13.87,  -14.11,  -12.14,  -11.61,  -10.98,  -10.22,   -9.84,  -10.29,   -9.53
199009,  -10.31,   -8.89,   -7.73,   -7.04,   -9.13,   -7.80,   -8.08,   -7.43,   -6.90,   -9.36,   -8.68,   -8.11,   -7.51,   -8.44,   -7.68,   -7.34,   -7.54,   -6.82,   -6.94
199010,   -9.23,   -5.89,   -5.10,   -5.71,   -6.12,   -5.12,   -5.09,   -4.50,   -6.31,   -6.87,   -4.67,   -5.12,   -5.12,   -4.79,   -5.41,   -5.12,   -3.75,   -6.50,   -6.20
199011,    2.71,    6.04,    5.27,    1.77,    5.65,    6.07,    6.26,    4.35,    0.84,    4.95,    7.00,    7.35,    4.82,    6.12,    6.42,    3.97,    4.83,    3.12,   -0.42
199012,   -6.94,    0.96,    1.43,   -1.31,    0.57,    1.87,    0.89,    1.49,   -1.86,    0.23,    1.22,    2.28,    1.48,    0.09,    1.76,    2.33,    0.46,    0.52,   -3.18
199101,   13.46,    8.39,    9.12,   10.75,    8.70,    7.94,    9.20,    8.92,   11.57,    8.52,    9.05,    7.36,    8.51,   10.05,    8.28,    9.59,    8.10,    8.87,   13.08
199102,   27.20,   14.21,   11.92,   13.12,   14.95,   11.84,   12.81,   11.24,   13.39,   16.43,   12.14,   11.79,   11.89,   13.89,   11.67,   10.40,   12.26,   13.19,   13.50
199103,   15.71,    8.23,    7.48,    8.76,    8.74,    8.30,    6.83,    6.97,    9.03,    9.46,    7.39,    6.57,    9.98,    6.76,    6.91,    6.23,    7.87,    7.92,    9.66
199104,    7.36,    2.86,    3.29,    2.65,    3.04,    2.54,    3.81,    2.30,    2.95,    4.71,   -0.05,    2.23,    2.83,    4.42,    3.17,    2.80,    1.69,    0.20,    4.50
199105,    1.53,    3.30,    4.02,    2.94,    3.28,    3.12,    4.87,    2.60,    3.42,    2.77,    4.23,    3.35,    2.90,    6.19,    3.46,    3.60,    1.39,    4.08,    3.05
199106,   -3.95,   -4.50,   -3.48,   -3.19,   -4.98,   -3.66,   -2.93,   -3.25,   -3.30,   -4.83,   -5.25,   -2.91,   -4.38,   -3.02,   -2.84,   -3.57,   -2.85,   -2.70,   -3.64
199107,    1.57,    3.75,    3.04,    3.82,    3.92,    3.87,    2.78,    3.10,    3.74,    3.02,    5.39,    3.22,    4.62,    3.44,    2.13,    2.00,    4.07,    2.76,    4.50
199108,    0.96,    3.07,    3.74,    2.97,    3.25,    2.55,    3.76,    3.57,    3.14,    3.69,    2.55,    2.48,    2.63,    3.37,    4.14,    4.83,    2.45,    3.36,    2.97
199109,    3.56,    2.01,    0.31,   -0.16,    1.51,    1.79,    0.69,    0.70,   -0.65,    2.54,   -0.16,    3.56,   -0.22,    0.60,    0.77,    0.04,    1.30,    0.54,   -1.56
199110,    1.06,    3.21,    2.57,    1.74,    3.81,    1.99,    2.23,    1.95,    2.04,    3.75,    3.90,    1.36,    2.70,    2.39,    2.07,    3.18,    0.85,    3.60,    0.82
199111,   -0.39,   -2.01,   -3.05,   -2.66,   -1.63,   -3.18,   -2.95,   -3.34,   -2.37,   -0.69,   -3.15,   -3.18,   -3.17,   -3.84,   -2.10,   -3.13,   -3.52,   -1.89,   -2.74
199112,   -2.50,    5.70,    4.39,    2.82,    6.05,    4.69,    4.65,    3.69,    2.44,    5.34,    7.20,    4.61,    4.79,    5.01,    4.32,    3.40,    3.95,    4.59,    0.73
199201,   25.87,   15.27,   10.75,   20.89,   16.06,   12.71,    8.57,   14.28,   22.89,   18.30,   12.46,   12.82,   12.58,    9.91,    7.31,   13.62,   14.89,   14.25,   29.76
199202,   10.05,    3.68,    4.01,    8.27,    2.67,    5.24,    3.63,    5.25,    9.31,    2.07,    3.63,    6.75,    3.53,    4.50,    2.82,    5.35,    5.16,    6.42,   11.62
199203,   -4.45,   -3.32,   -0.76,    0.70,   -3.87,   -2.03,   -0.37,    0.40,    0.72,   -5.18,   -1.80,   -1.63,   -2.48,    0.57,   -1.27,    0.16,    0.62,    1.34,    0.23
199204,   -8.39,   -5.53,   -2.99,   -2.11,   -6.27,   -2.94,   -3.35,   -2.29,   -2.15,   -7.57,   -4.20,   -3.27,   -2.56,   -3.68,   -3.04,   -2.65,   -1.98,   -2.12,   -2.17
199205,   -2.31,   -0.89,    0.81,    1.56,   -1.05,    0.11,    1.36,    0.10,    1.93,   -1.53,   -0.30,   -0.41,    0.70,   -0.47,    3.07,   -0.28,    0.45,    1.03,    2.67
199206,   -7.06,   -6.37,   -3.55,   -3.26,   -6.74,   -4.50,   -4.04,   -2.89,   -3.23,   -7.10,   -6.16,   -5.25,   -3.66,   -5.26,   -2.91,   -2.37,   -3.37,   -4.56,   -2.14
199207,    0.05,    1.86,    2.39,    2.73,    1.73,    2.36,    1.82,    3.39,    2.59,    1.40,    2.29,    2.26,    2.49,    1.75,    1.90,    3.64,    3.20,    2.92,    2.35
199208,   -5.64,   -3.41,   -1.77,   -2.62,   -3.85,   -2.12,   -1.84,   -1.51,   -2.86,   -4.87,   -2.13,   -2.04,   -2.23,   -2.57,   -0.94,   -1.09,   -1.85,   -2.89,   -2.83
199209,    0.57,    1.40,    2.06,    1.27,    0.97,    2.80,    2.08,    1.47,    1.11,    0.19,    2.28,    2.72,    2.90,    1.33,    2.99,    1.05,    1.80,    0.70,    1.41
199210,    0.81,    2.59,    1.76,    1.65,    2.67,    2.53,    1.35,    1.12,    1.92,    2.30,    3.30,    2.33,    2.79,    2.38,    0.11,    1.51,    0.80,    2.05,    1.83
199211,    8.20,    8.50,    6.80,    6.99,    8.70,    7.65,    6.58,    6.10,    7.41,    8.74,    8.64,    7.87,    7.36,    6.49,    6.69,    6.65,    5.67,    7.06,    7.67
199212,    1.88,    2.26,    3.67,    5.40,    2.16,    3.59,    3.03,    4.35,    5.59,    2.23,    2.04,    2.58,    4.86,    2.41,    3.79,    3.78,    4.80,    5.02,    6.02
199301,   12.95,    4.57,    6.06,    8.34,    4.20,    5.79,    5.92,    5.94,    9.27,    4.56,    3.60,    5.70,    5.90,    6.96,    4.65,    6.58,    5.45,    6.48,   11.36
199302,   -3.11,   -5.10,    0.49,    1.36,   -5.55,   -2.75,    1.12,    1.63,    1.22,   -6.17,   -4.53,   -3.69,   -1.54,   -0.03,    2.53,    1.40,    1.81,    0.50,    1.75
199303,    2.56,    1.79,    2.78,    3.75,    1.25,    2.94,    2.65,    2.68,    4.34,    1.14,    1.44,    3.43,    2.30,    2.43,    2.92,    3.65,    1.93,    3.05,    5.32
199304,   -1.77,   -3.43,   -1.75,   -0.76,   -3.42,   -3.14,   -1.26,   -1.89,   -0.34,   -3.86,   -2.71,   -3.44,   -2.76,   -1.11,   -1.46,   -1.73,   -2.02,   -1.02,    0.17
199305,    6.08,    5.38,    3.70,    4.13,    5.82,    4.75,    3.09,    2.76,    4.60,    6.12,    5.33,    4.02,    5.69,    3.40,    2.70,    2.82,    2.70,    4.65,    4.56
199306,    2.79,    0.46,    1.55,    2.09,    0.54,    0.44,    2.19,    1.34,    2.25,    0.89,   -0.04,    0.22,    0.72,    3.18,    0.96,    1.02,    1.59,    2.35,    2.18
199307,    1.89,   -0.61,    1.20,    2.44,   -0.78,    0.05,    1.41,    1.43,    2.87,   -1.36,    0.08,   -0.11,    0.25,    1.47,    1.35,    1.77,    1.09,    3.98,    2.07
199308,    0.25,    4.45,    4.57,    2.91,    4.39,    5.14,    4.01,    4.36,    2.43,    4.73,    3.90,    4.60,    5.83,    3.47,    4.62,    4.37,    4.36,    2.81,    2.16
199309,    2.05,    2.41,    2.47,    3.05,    2.51,    2.10,    2.86,    2.59,    3.04,    2.41,    2.65,    2.15,    2.04,    3.45,    2.20,    2.12,    3.05,    3.26,    2.89
199310,    8.31,    4.38,    3.14,    4.26,    4.41,    3.57,    3.21,    3.40,    4.58,    4.62,    4.09,    4.30,    2.64,    3.29,    3.12,    3.53,    3.27,    4.57,    4.58
199311,   -4.56,   -2.79,   -2.30,   -1.55,   -3.02,   -2.07,   -2.36,   -2.47,   -1.26,   -3.59,   -2.17,   -2.15,   -1.96,   -2.70,   -1.99,   -2.52,   -2.42,   -1.70,   -0.94
199312,   -1.44,    0.91,    2.48,    0.91,    0.66,    1.91,    2.86,    1.34,    0.93,    0.06,    1.55,    1.60,    2.32,    3.46,    2.18,    1.87,    0.84,    0.27,    1.42
199401,    4.81,    3.97,    4.67,    6.59,    3.71,    4.79,    4.75,    4.03,    7.51,    3.66,    3.79,    4.69,    4.92,    4.78,    4.72,    4.24,    3.82,    5.97,    8.62
199402,   -1.07,   -1.63,    0.09,    0.27,   -1.98,    0.39,   -0.40,   -0.31,    0.36,   -2.16,   -1.72,   -0.66,    1.74,   -0.33,   -0.49,   -0.64,    0.00,   -0.86,    1.26
199403,   -4.24,   -5.92,   -3.93,   -3.20,   -6.64,   -4.32,   -4.13,   -3.65,   -2.69,   -7.35,   -5.59,   -3.93,   -4.83,   -3.78,   -4.52,   -2.54,   -4.72,   -2.18,   -3.07
199404,   -5.76,   -2.88,   -0.48,    0.10,   -3.48,   -0.89,   -0.58,   -0.35,    0.26,   -4.47,   -2.02,   -1.23,   -0.46,   -0.19,   -1.02,   -0.29,   -0.40,    0.66,   -0.03
199405,   -2.87,   -1.24,    0.32,    0.63,   -1.37,   -0.65,    0.76,    0.11,    0.81,   -1.45,   -1.25,   -0.89,   -0.34,   -0.29,    1.91,    0.13,    0.08,    0.30,    1.20
199406,   -4.11,   -5.01,   -2.22,   -1.77,   -5.39,   -3.35,   -1.93,   -2.26,   -1.66,   -6.20,   -4.20,   -3.96,   -2.57,   -2.15,   -1.69,   -2.43,   -2.10,   -1.37,   -1.88
199407,    1.30,    1.14,    1.10,    1.80,    1.42,    0.43,    0.84,    2.22,    1.67,    1.82,    0.78,    0.20,    0.64,    0.65,    1.05,    2.19,    2.24,    1.43,    1.82
199408,    2.49,    4.59,    3.83,    3.45,    4.74,    4.26,    4.32,    2.99,    3.37,    4.54,    5.07,    4.09,    4.43,    4.70,    3.92,    2.04,    3.72,    3.26,    3.44
199409,    0.97,    0.63,    0.18,    1.38,    0.67,    0.54,   -0.47,    1.17,    1.41,    1.31,   -0.35,    0.48,    0.61,   -0.94,    0.03,    1.02,    1.29,    0.77,    1.80
199410,   -2.13,   -0.02,    0.22,    0.27,   -0.12,    0.45,    0.15,    0.42,    0.11,   -0.73,    0.84,    0.31,    0.58,    0.58,   -0.32,   -0.07,    0.79,    0.23,    0.03
199411,   -9.27,   -4.76,   -3.95,   -3.47,   -4.76,   -4.23,   -4.00,   -3.64,   -3.53,   -5.10,   -4.21,   -4.74,   -3.73,   -4.28,   -3.71,   -4.11,   -3.27,   -3.24,   -3.71
199412,    2.66,   -2.63,   -0.59,   -0.70,   -2.98,   -1.36,   -0.69,    0.46,   -1.07,   -3.70,   -1.83,   -1.48,   -1.24,   -0.44,   -0.95,    0.44,    0.47,   -1.00,   -1.11
199501,    4.98,    2.87,    2.79,    4.15,    2.70,    2.49,    3.56,    3.92,    3.91,    2.25,    3.42,    3.43,    1.56,    2.85,    4.30,    2.65,    4.91,    4.91,    3.28
199502,    3.21,    3.15,    2.93,    3.48,    3.00,    3.39,    3.02,    2.42,    3.83,    3.31,    2.50,    3.66,    3.13,    2.73,    3.31,    2.48,    2.38,    3.30,    4.16
199503,    2.55,    1.94,    1.88,    1.44,    1.93,    2.58,    1.44,    1.26,    1.48,    1.56,    2.52,    1.96,    3.19,    1.08,    1.81,    1.20,    1.31,    1.18,    1.66
199504,    0.93,    1.08,    2.48,    3.80,    0.66,    2.70,    2.52,    2.33,    4.13,    0.28,    1.27,    2.43,    2.96,    1.79,    3.28,    1.81,    2.75,    3.09,    4.78
199505,    0.54,    1.56,    1.82,    2.60,    1.65,    1.33,    1.85,    1.70,    3.03,    1.79,    1.41,    1.26,    1.40,    1.37,    2.36,    2.28,    1.24,    3.65,    2.64
199506,    4.25,    7.18,    4.98,    3.96,    7.64,    5.53,    4.96,    4.27,    3.93,    8.30,    6.57,    5.67,    5.39,    5.50,    4.40,    4.53,    4.06,    3.69,    4.07
199507,   10.35,    6.70,    5.29,    5.09,    6.90,    5.42,    5.15,    4.95,    5.45,    7.44,    6.09,    6.01,    4.79,    4.92,    5.39,    6.06,    4.01,    5.06,    5.70
199508,    4.54,    2.94,    3.39,    4.11,    3.02,    2.87,    3.07,    4.14,    4.15,    3.86,    1.79,    2.67,    3.09,    2.73,    3.44,    4.35,    3.97,    3.65,    4.48
199509,    3.60,    2.99,    2.61,    3.17,    3.29,    1.86,    2.59,    2.63,    3.58,    3.76,    2.60,    1.98,    1.73,    2.60,    2.57,    3.45,    1.94,    3.25,    3.79
199510,   -7.44,   -5.24,   -4.70,   -3.38,   -5.37,   -5.45,   -4.12,   -3.86,   -3.44,   -5.63,   -4.99,   -4.81,   -6.15,   -4.56,   -3.66,   -4.67,   -3.18,   -3.47,   -3.42
199511,   -2.91,    1.93,    2.10,    1.25,    2.10,    2.45,    1.36,    2.10,    1.03,    2.42,    1.63,    1.37,    3.63,    1.24,    1.49,    2.33,    1.90,    1.72,    0.59
199512,    3.18,   -0.01,    1.19,    1.17,   -0.19,    0.79,    1.37,    1.68,    0.80,    0.01,   -0.49,    0.63,    0.96,    0.95,    1.81,    1.01,    2.25,    1.49,    0.36
199601,    2.19,    2.24,    2.67,    3.59,    2.08,    2.70,    3.07,    2.49,    3.79,    2.17,    1.95,    2.79,    2.61,    3.65,    2.45,    1.84,    3.02,    2.73,    4.47
199602,    5.49,    4.65,    2.96,    3.47,    4.77,    3.80,    3.42,    1.98,    3.88,    4.38,    5.34,    4.23,    3.34,    2.91,    3.97,    1.59,    2.29,    3.26,    4.27
199603,    4.03,    2.75,    3.20,    2.84,    2.79,    2.39,    3.05,    3.60,    2.84,    2.29,    3.52,    2.63,    2.12,    3.83,    2.22,    4.52,    2.84,    2.98,    2.75
199604,    7.21,    6.84,    5.93,    4.88,    6.71,    7.10,    5.69,    4.37,    5.39,    6.70,    6.71,    7.30,    6.88,    5.02,    6.40,    5.58,    3.36,    5.65,    5.23
199605,    9.91,    7.75,    6.24,    7.07,    8.14,    5.99,    6.17,    6.86,    7.19,    8.10,    8.20,    6.43,    5.53,    5.93,    6.43,    7.03,    6.71,    5.88,    8.04
199606,   -3.38,   -5.52,   -2.47,   -1.48,   -5.83,   -3.63,   -2.60,   -1.77,   -1.43,   -6.00,   -5.58,   -4.46,   -2.74,   -2.90,   -2.27,   -1.95,   -1.62,   -1.38,   -1.47
199607,  -13.33,  -12.41,   -7.17,   -5.91,  -13.05,   -9.02,   -7.87,   -5.46,   -5.95,  -14.05,  -11.45,  -10.28,   -7.80,   -8.11,   -7.65,   -5.02,   -5.80,   -5.17,   -6.46
199608,    1.04,    5.19,    4.64,    3.82,    5.33,    4.97,    4.44,    4.36,    3.64,    5.44,    5.16,    4.69,    5.24,    3.81,    5.03,    4.40,    4.34,    3.45,    3.76
199609,    2.69,    3.75,    2.52,    2.79,    3.67,    3.79,    1.81,    3.17,    2.55,    3.69,    3.65,    3.99,    3.59,    2.24,    1.41,    2.79,    3.45,    2.81,    2.39
199610,   -9.38,   -5.46,   -0.56,   -0.04,   -6.05,   -2.58,   -0.66,    0.62,   -0.19,   -7.14,   -4.31,   -3.49,   -1.70,   -0.96,   -0.39,    0.92,    0.38,    0.40,   -0.58
199611,   -0.58,    1.28,    3.60,    3.60,    0.88,    2.48,    4.02,    4.62,    3.13,    0.17,    2.01,    2.64,    2.32,    4.31,    3.75,    4.15,    4.97,    3.16,    3.11
199612,   -2.99,   -2.14,    0.15,    0.50,   -2.58,   -0.69,    0.36,    1.35,    0.04,   -2.94,   -2.00,   -0.65,   -0.74,    0.16,    0.55,    0.72,    1.82,    0.33,   -0.15
199701,    7.80,    7.22,    6.09,    6.20,    6.95,    6.96,    6.58,    5.44,    6.46,    7.86,    5.52,    8.14,    5.81,    7.14,    6.07,    5.38,    5.47,    7.34,    5.88
199702,   -4.35,   -4.51,   -0.76,    1.47,   -5.00,   -2.52,   -1.08,    1.23,    1.63,   -6.18,   -3.13,   -2.82,   -2.24,   -1.80,   -0.40,    1.54,    1.00,    1.21,    1.91
199703,   -7.51,   -8.25,   -4.26,   -2.17,   -8.79,   -5.93,   -3.69,   -3.14,   -2.08,   -9.85,   -7.12,   -6.40,   -5.48,   -3.85,   -3.54,   -4.06,   -2.44,   -2.69,   -1.68
199704,   -5.15,   -3.04,   -1.24,   -1.51,   -3.28,   -2.47,   -1.13,   -0.33,   -1.79,   -3.76,   -2.52,   -2.22,   -2.71,   -1.25,   -1.02,    0.18,   -0.72,   -1.29,   -2.12
199705,    7.69,   11.30,    9.19,    7.04,   11.64,    9.98,    9.34,    7.99,    6.77,   12.14,   10.84,   10.18,    9.79,   11.12,    7.69,    8.20,    7.83,    7.11,    6.54
199706,    1.90,    2.50,    5.17,    5.43,    2.47,    3.74,    5.58,    5.04,    5.47,    1.35,    4.24,    2.59,    4.86,    5.31,    5.83,    4.68,    5.32,    5.30,    5.59
199707,    3.40,    4.22,    5.61,    5.18,    4.03,    4.95,    5.72,    5.78,    5.02,    4.13,    3.89,    4.74,    5.16,    5.42,    6.05,    5.90,    5.66,    5.57,    4.61
199708,    1.51,    3.39,    2.98,    3.79,    3.76,    2.56,    3.43,    2.66,    4.11,    3.71,    3.83,    2.36,    2.75,    3.97,    2.84,    2.44,    2.86,    3.57,    4.51
199709,   10.45,    8.55,    7.99,    9.05,    8.42,    8.66,    8.11,    7.94,    9.23,    8.51,    8.28,    8.94,    8.40,    6.93,    9.39,    7.35,    8.50,    8.42,    9.84
199710,   -2.87,   -4.27,   -2.14,    0.00,   -4.33,   -2.92,   -2.80,   -1.36,    0.45,   -4.07,   -4.71,   -4.09,   -1.78,   -2.44,   -3.18,   -1.38,   -1.35,   -0.67,    1.29
199711,   -6.87,   -3.34,   -1.65,   -0.74,   -3.57,   -2.45,   -1.99,   -0.33,   -0.91,   -4.36,   -2.42,   -2.70,   -2.21,   -2.33,   -1.63,   -0.43,   -0.24,   -0.68,   -1.09
199712,   -9.02,   -5.44,   -1.67,   -1.39,   -5.68,   -3.74,   -2.03,    0.08,   -1.90,   -6.41,   -4.60,   -4.81,   -2.70,   -3.43,   -0.54,    0.07,    0.09,   -0.68,   -2.80
199801,    3.37,    1.82,    0.47,    1.53,    2.09,    0.97,    0.08,    0.07,    2.25,    1.91,    2.35,    1.08,    0.86,    0.58,   -0.45,    0.74,   -0.55,    1.10,    3.12
199802,    4.96,    6.73,    6.54,    5.99,    6.32,    7.19,    6.72,    6.21,    5.92,    6.22,    6.46,    7.87,    6.51,    6.54,    6.92,    6.24,    6.18,    5.70,    6.10
199803,    4.49,    4.35,    5.32,    5.29,    4.37,    5.91,    4.19,    4.84,    5.50,    3.99,    4.92,    4.31,    7.49,    5.09,    3.23,    5.02,    4.67,    4.64,    6.14
199804,    3.56,    2.01,    2.65,    3.07,    1.93,    2.33,    3.34,    2.29,    3.13,    2.26,    1.44,    2.21,    2.45,    2.91,    3.81,    1.64,    2.90,    2.10,    3.92
199805,   -7.11,   -6.22,   -4.33,   -2.36,   -6.57,   -5.63,   -3.84,   -3.16,   -2.19,   -7.66,   -4.94,   -5.28,   -5.98,   -3.99,   -3.67,   -3.46,   -2.88,   -2.25,   -2.14
199806,   -5.00,   -2.34,   -2.49,   -2.93,   -2.21,   -3.07,   -2.80,   -1.60,   -3.16,   -2.06,   -2.42,   -2.68,   -3.45,   -2.30,   -3.34,   -0.89,   -2.25,   -3.45,   -2.94
199807,   -5.38,   -6.53,   -6.07,   -4.93,   -6.25,   -6.49,   -5.97,   -6.47,   -4.46,   -6.15,   -6.38,   -7.21,   -5.69,   -6.43,   -5.51,   -6.64,   -6.32,   -5.81,   -3.44
199808,  -26.24,  -23.16,  -19.05,  -17.86,  -24.11,  -20.58,  -19.32,  -17.45,  -17.98,  -25.10,  -22.72,  -20.85,  -20.29,  -20.04,  -18.61,  -17.39,  -17.51,  -17.52,  -18.33
199809,    1.24,    7.08,    4.44,    1.70,    7.71,    5.38,    4.61,    3.45,    1.08,    7.84,    7.53,    5.55,    5.19,    4.76,    4.46,    3.42,    3.49,    2.34,    0.11
199810,   -0.04,    5.79,    3.70,    1.24,    5.29,    5.92,    3.77,    2.86,    0.60,    4.54,    6.35,    6.99,    4.71,    3.50,    4.04,    2.65,    3.06,    0.94,    0.33
199811,   13.81,   10.40,    6.37,    7.41,   11.29,    8.28,    6.10,    5.15,    8.21,   13.73,    7.89,    8.26,    8.31,    5.33,    6.86,    5.16,    5.14,    8.20,    8.21
199812,   -0.62,    3.88,    1.73,    1.67,    4.22,    2.64,    1.84,    1.70,    1.45,    3.69,    4.97,    3.04,    2.19,    1.02,    2.65,    1.07,    2.29,    1.71,    1.23
199901,   21.11,    7.91,    4.52,    7.90,    9.20,    4.98,    4.84,    3.96,    9.08,   10.59,    7.28,    4.78,    5.20,    3.89,    5.76,    3.26,    4.61,    7.58,   10.31
199902,   -4.49,   -6.39,   -4.97,   -3.96,   -6.25,   -6.67,   -5.09,   -3.93,   -3.75,   -6.35,   -6.12,   -6.71,   -6.61,   -5.43,   -4.76,   -3.26,   -4.55,   -4.85,   -2.83
199903,    0.02,   -1.11,   -0.60,   -2.67,   -0.84,   -1.31,   -0.18,   -2.19,   -2.52,   -0.85,   -0.83,   -1.77,   -0.78,    0.92,   -1.25,   -1.26,   -3.07,   -2.76,   -2.32
199904,   11.10,    7.16,   10.05,    9.07,    6.62,    9.51,   10.27,    9.40,    8.84,    5.50,    8.11,    8.48,   10.67,    9.53,   10.97,    9.05,    9.73,    7.60,    9.87
199905,    4.25,    3.19,    3.54,    4.99,    3.07,    2.99,    4.00,    3.75,    5.39,    2.10,    4.36,    3.47,    2.45,    4.08,    3.92,    3.59,    3.89,    4.56,    6.08
199906,    2.20,    4.49,    3.96,    3.63,    4.49,    4.66,    4.26,    2.35,    4.15,    4.07,    5.05,    4.48,    4.87,    4.46,    4.06,    2.53,    2.18,    3.84,    4.42
199907,    2.50,   -0.70,    0.86,    1.98,   -0.91,    0.52,    0.67,    0.69,    2.60,   -1.67,    0.03,   -0.16,    1.17,    0.46,    0.87,    0.87,    0.56,    2.88,    2.34
199908,   -7.03,   -3.85,   -3.05,   -3.21,   -3.64,   -4.19,   -2.96,   -2.00,   -3.84,   -2.62,   -4.90,   -4.38,   -4.00,   -3.03,   -2.89,   -2.28,   -1.78,   -4.02,   -3.67
199909,   -3.56,   -0.02,   -1.73,   -3.30,    0.21,   -0.74,   -2.14,   -2.36,   -3.56,    1.00,   -0.74,   -0.61,   -0.86,   -2.25,   -2.04,   -1.89,   -2.71,   -3.76,   -3.37
199910,   -1.41,    1.53,   -0.66,   -1.87,    2.13,   -0.46,   -0.60,   -1.08,   -2.04,    2.35,    1.87,   -0.03,   -0.86,   -1.26,    0.00,   -0.54,   -1.48,   -1.79,   -2.28
199911,   16.14,   14.12,    6.57,    7.16,   16.17,    8.02,    5.51,    6.21,    8.09,   17.49,   14.58,    8.81,    7.27,    5.65,    5.39,    7.67,    5.09,    6.79,    9.31
199912,   17.09,   13.75,    6.10,    5.58,   14.25,   10.08,    4.09,    7.20,    5.03,   15.55,   12.69,   12.44,    7.89,    4.42,    3.80,    7.73,    6.80,    4.48,    5.55
200001,   17.93,    4.97,    2.57,    7.80,    5.29,    3.61,    1.62,    4.07,    9.31,    6.18,    4.23,    4.13,    3.13,    1.05,    2.15,    3.61,    4.42,    6.37,   12.18
200002,   32.83,   17.63,    7.99,   12.67,   18.58,   12.83,    5.04,    9.97,   14.00,   22.89,   13.42,   15.13,   10.69,    4.20,    5.81,   10.26,    9.75,   11.69,   16.24
200003,   -5.27,    0.24,    2.94,    0.90,   -0.82,    2.55,    3.30,    1.79,    0.96,   -2.26,    0.89,    3.02,    2.11,    4.14,    2.55,    3.15,    0.77,    1.42,    0.51
200004,  -17.24,  -12.13,   -4.60,   -6.70,  -13.10,   -7.77,   -4.07,   -4.84,   -7.29,  -15.42,  -10.31,   -9.63,   -6.05,   -5.08,   -3.17,   -4.08,   -5.42,   -5.77,   -8.74
200005,  -12.32,   -7.19,   -4.15,   -4.73,   -8.01,   -4.87,   -3.62,   -3.97,   -5.25,   -8.65,   -7.25,   -5.06,   -4.68,   -3.23,   -3.98,   -4.50,   -3.57,   -4.15,   -6.32
200006,   12.74,   10.12,    5.01,    5.71,   10.35,    7.48,    4.58,    5.73,    5.50,   12.47,    7.81,    9.52,    5.57,    4.74,    4.44,    5.16,    6.15,    5.62,    5.39
200007,   -7.23,   -6.26,    0.60,    0.88,   -7.43,   -1.61,    1.20,    1.25,    0.69,   -8.71,   -5.35,   -1.92,   -1.29,    1.27,    1.13,    1.13,    1.37,    0.94,    0.39
200008,    5.01,    8.91,    5.12,    4.79,    9.52,    6.20,    4.74,    4.94,    4.85,    9.99,    8.75,    6.63,    5.76,    4.71,    4.78,    5.25,    4.64,    6.20,    3.29
200009,   -8.48,   -7.70,   -1.49,   -1.40,   -8.86,   -2.71,   -1.73,   -0.63,   -1.71,   -9.84,   -7.26,   -3.39,   -2.01,   -2.63,   -0.85,   -0.65,   -0.61,   -2.02,   -1.34
200010,  -14.54,   -8.58,   -2.87,   -5.32,   -9.72,   -3.86,   -2.35,   -4.00,   -5.58,  -12.24,   -5.64,   -4.33,   -3.37,   -2.04,   -2.66,   -3.36,   -4.63,   -4.46,   -6.90
200011,  -24.46,  -19.48,   -6.53,   -6.64,  -21.73,   -9.54,   -6.08,   -5.76,   -7.14,  -25.34,  -15.87,  -11.12,   -7.90,   -8.05,   -4.14,   -6.16,   -5.38,   -5.32,   -9.28
200012,  -11.23,   -4.41,    2.42,   -0.08,   -5.95,    1.37,    3.12,    2.16,   -1.02,   -7.06,   -4.16,    1.35,    1.40,    3.23,    3.01,    2.05,    2.27,    0.02,   -2.27
200101,   46.52,   33.15,   17.92,   19.28,   36.23,   20.92,   17.20,   16.34,   20.81,   38.96,   31.81,   21.56,   20.26,   20.32,   14.14,   17.21,   15.50,   17.82,   24.48
200102,  -15.84,  -14.96,   -2.79,   -0.65,  -16.78,   -6.48,   -2.79,   -1.12,   -0.44,  -19.72,  -12.04,   -8.07,   -4.87,   -4.20,   -1.41,   -1.07,   -1.17,   -0.58,   -0.25
200103,  -13.31,  -11.87,   -3.05,   -2.76,  -13.74,   -4.65,   -3.54,   -1.78,   -2.88,  -16.32,   -9.55,   -4.80,   -4.50,   -3.78,   -3.29,   -1.06,   -2.48,   -3.02,   -2.69
200104,    9.11,   12.50,    5.46,    3.12,   13.55,    7.25,    5.90,    3.69,    3.12,   15.13,   11.01,    8.47,    6.01,    6.25,    5.56,    4.28,    3.11,    3.07,    3.17
200105,    7.20,    5.60,    6.13,    8.52,    5.87,    5.30,    5.89,    7.38,    8.69,    4.90,    7.43,    4.58,    6.03,    6.01,    5.78,    6.62,    8.13,    8.15,    9.37
200106,    0.26,    1.11,    2.47,    1.54,    1.06,    1.06,    3.14,    2.38,    1.31,    0.30,    2.28,    1.30,    0.81,    3.34,    2.94,    2.68,    2.08,    1.92,    0.53
200107,   -4.16,   -6.55,   -2.81,   -0.59,   -7.15,   -4.54,   -3.72,   -0.79,   -0.38,   -7.84,   -6.34,   -4.89,   -4.17,   -4.22,   -3.27,   -0.42,   -1.08,   -0.48,   -0.25
200108,   -7.71,   -7.38,   -3.00,   -2.08,   -8.45,   -4.32,   -3.14,   -2.11,   -2.00,   -8.33,   -8.59,   -4.38,   -4.25,   -3.39,   -2.93,   -1.91,   -2.28,   -1.47,   -2.66
200109,  -16.97,  -16.45,  -12.23,  -11.52,  -16.85,  -15.08,  -11.49,  -11.01,  -11.93,  -17.60,  -15.95,  -15.34,  -14.81,  -11.60,  -11.39,  -11.59,  -10.54,  -11.21,  -12.84
200110,   13.49,   12.90,    6.74,    6.34,   14.27,    8.76,    6.48,    6.25,    6.27,   15.42,   12.91,    9.02,    8.50,    6.70,    6.29,    5.93,    6.50,    6.52,    5.96
200111,   10.09,   10.27,    7.55,    6.79,   10.59,    9.16,    6.82,    7.27,    6.74,   11.29,    9.76,    9.36,    8.95,    6.44,    7.14,    7.73,    6.91,    6.41,    7.17
200112,    7.60,    7.03,    6.45,    5.93,    7.26,    6.22,    6.56,    6.15,    5.97,    6.17,    8.55,    6.37,    6.07,    7.55,    5.69,    6.56,    5.83,    5.79,    6.21
200201,    1.89,   -3.23,    1.41,    6.08,   -3.95,   -1.49,    1.39,    4.33,    6.60,   -3.62,   -4.33,   -1.24,   -1.74,    0.75,    1.95,    3.67,    4.86,    5.23,    8.39
200202,   -8.65,   -7.54,   -2.38,   -2.03,   -8.74,   -3.46,   -2.44,   -2.11,   -1.98,   -9.70,   -7.60,   -4.19,   -2.70,   -3.14,   -1.83,   -2.07,   -2.14,   -1.60,   -2.48
200203,    6.74,    8.20,    8.10,    8.59,    7.67,    8.88,    8.14,    8.29,    8.64,    7.00,    8.47,    9.68,    8.05,    8.62,    7.72,    8.07,    8.47,    7.49,   10.16
200204,   -2.68,   -6.21,    0.36,    3.58,   -7.70,   -1.71,    0.21,    2.88,    3.51,   -9.17,   -5.95,   -2.09,   -1.31,   -0.78,    1.07,    1.82,    3.75,    2.77,    4.48
200205,   -5.65,   -6.13,   -2.51,    0.17,   -6.96,   -3.76,   -3.21,   -0.70,    0.60,   -6.82,   -7.12,   -3.84,   -3.69,   -3.27,   -3.16,   -0.55,   -0.83,    0.07,    1.29
200206,  -15.41,  -10.77,   -6.04,   -4.58,  -11.10,   -8.99,   -6.48,   -3.72,   -4.99,  -12.30,   -9.68,   -9.86,   -8.10,   -6.64,   -6.36,   -3.83,   -3.62,   -3.94,   -6.40
200207,  -11.53,  -12.71,  -12.25,  -10.84,  -12.80,  -13.09,  -12.23,  -10.87,  -10.86,  -11.58,  -14.01,  -12.45,  -13.67,  -12.39,  -12.09,  -10.98,  -10.76,  -10.60,  -11.11
200208,   -0.92,   -0.25,    0.48,    0.32,   -0.56,    0.13,    0.38,    1.01,    0.21,   -0.81,   -0.32,    0.61,   -0.30,    0.01,    0.71,    1.38,    0.65,    1.21,   -0.76
200209,  -11.93,   -9.82,   -8.58,   -7.70,   -9.99,   -9.09,   -9.33,   -7.01,   -7.96,   -9.19,  -10.78,   -9.34,   -8.87,   -9.25,   -9.40,   -7.08,   -6.94,   -6.94,   -8.96
200210,    0.47,    7.61,    4.54,    2.66,    9.06,    4.71,    4.85,    2.29,    3.00,    9.51,    8.61,    3.61,    5.72,    6.16,    3.65,    2.93,    1.66,    2.23,    3.75
200211,   20.38,   14.86,   12.24,   11.53,   15.01,   13.59,   13.08,   10.49,   11.83,   14.82,   15.20,   14.46,   12.80,   10.73,   15.22,   10.32,   10.65,   11.34,   12.32
200212,   -5.89,   -8.26,   -4.21,   -3.43,   -8.71,   -6.27,   -4.85,   -2.72,   -3.40,   -8.80,   -8.63,   -7.02,   -5.59,   -4.94,   -4.78,   -1.88,   -3.54,   -2.43,   -4.38
200301,    4.18,   -0.38,   -1.41,    1.63,   -0.35,   -0.82,   -1.38,   -1.17,    2.42,   -0.98,    0.28,   -0.48,   -1.13,   -1.93,   -0.88,   -1.73,   -0.64,    2.56,    2.28
200302,   -3.53,   -3.46,   -2.25,   -2.07,   -3.91,   -2.33,   -2.69,   -2.07,   -1.82,   -3.67,   -4.15,   -2.20,   -2.45,   -2.08,   -3.24,   -1.32,   -2.79,   -2.19,   -1.44
200303,    4.76,    2.16,    0.25,    0.93,    2.13,    0.96,   -0.14,    1.84,    0.42,    2.82,    1.45,    2.24,   -0.20,    0.37,   -0.61,    1.31,    2.37,    0.30,    0.55
200304,   15.06,   11.30,    9.88,    8.93,   11.58,   10.42,   10.22,    8.48,    9.24,   12.38,   10.79,   10.55,   10.30,    9.94,   10.48,    8.90,    8.06,    9.22,    9.25
200305,   22.78,   16.96,   13.05,   12.40,   17.52,   14.32,   12.73,   12.12,   12.94,   17.01,   18.02,   15.43,   13.30,   12.57,   12.88,   13.36,   10.90,   11.21,   14.74
200306,   10.88,    5.14,    3.57,    5.90,    5.93,    2.90,    3.86,    3.85,    6.62,    4.66,    7.18,    3.00,    2.81,    4.85,    2.94,    3.81,    3.89,    4.75,    8.59
200307,    7.36,    6.83,    6.42,    8.39,    6.45,    6.54,    6.42,    7.36,    8.80,    6.26,    6.70,    7.67,    5.51,    5.85,    6.93,    7.30,    7.40,    8.24,    9.32
200308,    7.53,    4.35,    4.26,    5.85,    4.16,    4.34,    4.41,    4.46,    6.37,    3.93,    4.43,    4.78,    3.92,    4.19,    4.60,    4.28,    4.60,    5.75,    6.94
200309,    5.64,    1.14,    0.03,    4.83,    1.64,   -0.49,    0.01,    1.47,    6.10,    3.14,   -0.17,    0.01,   -0.96,    0.15,   -0.12,    1.02,    1.83,    5.57,    6.58
200310,    6.08,    7.18,    7.58,   10.39,    6.89,    7.67,    7.28,    8.97,   10.76,    6.11,    7.85,    7.82,    7.52,    5.78,    8.63,    8.25,    9.54,   10.45,   11.04
200311,    3.33,    2.42,    3.71,    5.14,    2.36,    3.05,    3.66,    3.86,    5.73,    2.19,    2.58,    2.54,    3.52,    3.35,    3.94,    3.98,    3.77,    4.49,    6.90
200312,    0.71,    2.42,    3.28,    4.56,    2.06,    3.16,    3.60,    2.72,    5.40,    2.15,    1.95,    3.24,    3.09,    2.93,    4.20,    2.85,    2.62,    4.31,    6.43
200401,   19.58,    5.44,    4.58,    9.36,    5.61,    4.23,    5.12,    6.17,   10.21,    5.46,    5.79,    5.05,    3.48,    5.55,    4.73,    4.59,    7.42,    8.51,   11.83
200402,   -1.22,    0.82,    1.27,    1.36,    0.74,    1.22,    1.19,    1.17,    1.49,    0.85,    0.62,    1.00,    1.43,    1.84,    0.61,    1.28,    1.08,    2.14,    0.86
200403,   -3.11,    0.08,   -0.03,    0.80,   -0.48,    0.36,   -0.21,    0.55,    1.02,   -1.03,    0.19,    1.36,   -0.54,   -0.03,   -0.38,    0.88,    0.30,    0.42,    1.59
200404,   -3.89,   -2.62,   -2.95,   -3.42,   -2.29,   -3.66,   -2.77,   -3.24,   -3.20,   -1.88,   -2.79,   -3.35,   -3.93,   -2.99,   -2.57,   -2.36,   -3.93,   -3.60,   -2.81
200405,   -3.33,   -0.24,    0.37,    0.09,   -0.49,    0.65,    0.27,    0.26,   -0.08,   -1.04,    0.18,    0.34,    0.93,    0.06,    0.46,    0.00,    0.46,   -0.39,    0.22
200406,    1.22,    1.96,    3.12,    2.91,    1.36,    3.54,    3.07,    2.64,    3.02,    0.98,    1.82,    3.32,    3.74,    3.55,    2.64,    2.61,    2.66,    2.88,    3.14
200407,  -10.69,   -9.21,   -4.94,   -4.03,   -9.97,   -6.04,   -4.80,   -4.98,   -3.56,  -10.72,   -9.01,   -6.87,   -5.25,   -4.49,   -5.15,   -4.87,   -5.09,   -3.86,   -3.32
200408,   -3.82,   -2.44,   -0.23,   -1.31,   -2.71,   -1.14,   -0.19,   -0.27,   -1.60,   -2.95,   -2.40,   -1.63,   -0.69,   -0.60,    0.26,    0.14,   -0.68,   -1.17,   -1.95
200409,    3.39,    4.21,    4.56,    3.45,    4.36,    4.10,    4.72,    4.16,    3.23,    4.71,    3.91,    3.74,    4.44,    4.57,    4.89,    4.38,    3.94,    2.91,    3.48
200410,   -1.08,    2.32,    2.09,    1.35,    2.20,    2.83,    2.15,    1.58,    1.05,    1.54,    3.07,    2.71,    2.94,    2.45,    1.81,    1.12,    2.02,    0.69,    1.34
200411,    8.47,    8.54,    8.40,    9.38,    8.68,    9.03,    8.16,    7.78,    9.92,    9.19,    8.01,    8.09,    9.90,    7.67,    8.70,    7.36,    8.19,    6.98,   12.36
200412,    9.60,    6.75,    4.87,    5.98,    7.51,    5.32,    4.33,    4.79,    6.44,    8.13,    6.71,    4.39,    6.18,    4.26,    4.40,    4.56,    5.00,    5.07,    7.57
200501,   -5.48,   -4.77,   -2.95,   -2.18,   -4.98,   -4.05,   -3.13,   -2.33,   -1.77,   -5.82,   -3.89,   -4.11,   -4.00,   -2.80,   -3.50,   -1.54,   -3.07,   -1.15,   -2.29
200502,   -3.09,    0.55,    1.41,    1.54,    0.43,    1.17,    1.50,    1.30,    1.62,    0.46,    0.40,    0.89,    1.43,    1.94,    1.02,    1.23,    1.37,    1.47,    1.75
200503,   -7.40,   -4.29,   -2.06,   -1.47,   -4.96,   -2.01,   -2.14,   -1.64,   -1.61,   -5.49,   -4.28,   -2.20,   -1.83,   -1.80,   -2.52,   -2.13,   -1.17,   -2.17,   -1.13
200504,   -8.13,   -6.04,   -5.35,   -5.31,   -6.25,   -5.37,   -5.49,   -5.33,   -5.19,   -7.35,   -4.83,   -5.40,   -5.34,   -5.55,   -5.41,   -5.11,   -5.55,   -4.57,   -5.73
200505,    4.48,    6.30,    4.94,    3.70,    6.52,    5.95,    5.10,    3.74,    3.48,    5.98,    7.23,    5.62,    6.26,    5.27,    4.91,    3.27,    4.18,    3.15,    3.76
200506,    2.25,    2.23,    3.51,    3.98,    1.92,    3.43,    3.41,    3.54,    4.19,    1.06,    3.03,    3.20,    3.63,    3.17,    3.68,    3.57,    3.51,    3.71,    4.60
200507,    4.53,    6.87,    7.04,    6.02,    6.64,    7.50,    6.88,    6.24,    6.15,    6.91,    6.32,    7.47,    7.54,    5.66,    8.14,    6.83,    5.71,    5.48,    6.66
200508,   -1.88,   -2.06,   -0.86,   -0.73,   -2.63,   -0.74,   -1.10,   -0.74,   -0.55,   -2.93,   -2.27,   -0.56,   -0.93,   -1.23,   -0.95,   -0.26,   -1.17,    0.35,   -1.24
200509,   -1.13,    0.61,    0.81,    0.80,    0.48,    1.23,    0.49,    0.76,    0.81,    0.89,   -0.02,    0.96,    1.51,    0.73,    0.23,    0.72,    0.79,    1.36,    0.39
200510,   -8.24,   -3.71,   -2.95,   -2.59,   -3.65,   -3.16,   -2.84,   -2.89,   -2.81,   -4.25,   -2.92,   -3.85,   -2.45,   -2.68,   -2.99,   -3.80,   -2.06,   -1.94,   -3.49
200511,    3.07,    3.96,    3.87,    3.18,    4.22,    3.60,    3.91,    3.81,    2.86,    4.20,    4.24,    3.29,    3.92,    4.09,    3.73,    3.69,    3.92,    3.51,    2.36
200512,    0.94,    0.74,    0.33,    1.06,    0.75,    0.47,    0.55,    0.40,    1.16,    0.44,    1.13,    0.70,    0.24,    0.83,    0.26,   -0.06,    0.82,    1.05,    1.25
200601,    8.50,    8.35,    7.83,    6.84,    8.42,    8.32,    7.32,    7.55,    6.79,    8.25,    8.63,    8.15,    8.50,    7.57,    7.06,    8.22,    6.95,    6.30,    7.17
200602,    1.69,    0.72,    0.44,    0.36,    0.62,    0.76,    0.47,   -0.27,    0.83,    0.20,    1.13,    0.97,    0.53,    0.68,    0.25,    0.26,   -0.74,    0.40,    1.18
200603,    6.87,    3.57,    4.21,    4.74,    3.58,    4.26,    4.31,    3.63,    5.00,    3.91,    3.18,    3.54,    5.00,    4.67,    3.94,    3.05,    4.15,    4.74,    5.19
200604,    1.00,   -0.50,    0.88,    1.58,   -0.71,    0.50,    0.77,    1.04,    1.78,   -1.47,    0.23,    0.01,    1.00,    0.34,    1.22,    0.98,    1.10,    1.42,    2.07
200605,   -7.93,   -6.72,   -3.98,   -3.30,   -7.21,   -5.29,   -3.88,   -3.43,   -3.04,   -7.50,   -6.85,   -5.45,   -5.11,   -3.74,   -4.02,   -2.90,   -3.91,   -2.45,   -3.51
200606,   -4.39,   -1.18,   -0.65,   -0.11,   -1.15,   -1.13,   -0.77,   -0.19,    0.02,   -0.89,   -1.48,   -1.26,   -1.01,   -1.05,   -0.48,    0.04,   -0.40,    0.11,   -0.06
200607,   -5.56,   -4.95,   -2.72,   -2.23,   -4.99,   -4.20,   -2.75,   -1.98,   -2.30,   -5.72,   -4.04,   -4.86,   -3.53,   -2.64,   -2.88,   -1.88,   -2.06,   -1.87,   -2.72
200608,    1.86,    3.02,    2.12,    1.75,    3.02,    2.47,    2.53,    1.59,    1.84,    2.95,    3.10,    3.04,    1.88,    2.57,    2.49,    1.62,    1.56,    2.16,    1.52
200609,    0.67,    0.47,    1.05,    1.40,    0.20,    0.88,    1.07,    0.92,    1.84,    0.01,    0.45,    1.13,    0.61,    1.05,    1.09,    1.44,    0.46,    1.86,    1.82
200610,    5.75,    5.45,    5.28,    3.91,    5.82,    5.48,    5.01,    4.32,    3.85,    5.76,    5.90,    4.56,    6.44,    5.11,    4.89,    4.64,    4.03,    3.47,    4.22
200611,    1.98,    2.81,    2.52,    2.39,    2.09,    3.60,    2.33,    2.18,    2.73,    2.33,    1.79,    4.52,    2.64,    2.44,    2.19,    2.73,    1.67,    3.17,    2.31
200612,    2.72,   -0.01,    1.37,    2.52,   -0.06,    0.23,    1.60,    1.88,    2.83,   -0.25,    0.18,    0.10,    0.37,    1.76,    1.42,    1.90,    1.87,    2.40,    3.24
200701,    6.20,    3.02,    1.45,    2.52,    3.34,    2.25,    1.14,    1.41,    2.95,    3.78,    2.77,    2.26,    2.25,    1.27,    0.99,    1.22,    1.59,    2.00,    3.87
200702,   -0.73,    0.13,   -0.10,    0.56,   -0.05,    0.13,   -0.22,    0.14,    0.85,    0.04,   -0.17,    0.57,   -0.35,   -0.01,   -0.45,    0.33,   -0.04,   -0.12,    1.79
200703,   -0.96,    0.66,    0.79,   -0.34,    0.95,    0.44,    0.56,    0.36,   -0.37,    0.90,    1.01,   -0.03,    0.94,    1.15,   -0.13,    1.07,   -0.28,   -0.18,   -0.55
200704,    3.59,    3.49,    1.71,    1.47,    3.91,    2.67,    1.52,    1.25,    1.44,    4.02,    3.76,    2.49,    2.87,    1.68,    1.35,    0.94,    1.53,    1.79,    1.09
200705,    2.61,    2.93,    2.88,    1.60,    2.70,    3.32,    3.07,    2.09,    1.44,    1.95,    3.68,    3.47,    3.16,    2.81,    3.37,    2.28,    1.93,    1.12,    1.77
200706,   -1.57,   -0.83,   -0.94,   -0.51,   -1.03,   -0.49,   -0.66,   -1.32,   -0.28,   -1.59,   -0.30,   -0.34,   -0.65,   -0.73,   -0.59,   -1.70,   -0.99,   -0.68,    0.11
200707,   -9.84,   -4.26,   -5.16,   -5.30,   -4.13,   -4.91,   -4.88,   -5.40,   -5.36,   -3.64,   -4.77,   -4.61,   -5.19,   -4.90,   -4.86,   -5.65,   -5.15,   -6.63,   -4.26
200708,   -3.99,   -0.29,    0.40,   -2.85,   -0.23,    0.26,    0.26,   -0.43,   -3.59,   -0.17,   -0.30,   -0.48,    0.92,   -0.06,    0.62,    0.16,   -1.04,   -1.39,   -5.48
200709,    0.29,    2.83,    1.32,    0.07,    2.58,    2.58,    1.36,    0.90,   -0.29,    2.56,    2.61,    3.50,    1.75,    1.76,    0.91,    0.83,    0.96,    0.16,   -0.67
200710,   -0.30,    3.03,    0.75,   -0.64,    3.18,    2.41,    0.36,    0.31,   -1.12,    2.06,    4.61,    2.62,    2.22,    0.38,    0.33,    0.09,    0.54,   -1.76,   -0.56
200711,  -13.21,   -7.93,   -7.69,   -8.67,   -8.20,   -7.37,   -7.87,   -7.69,   -8.98,   -8.55,   -7.75,   -7.20,   -7.53,   -7.12,   -8.73,   -7.48,   -7.91,   -8.01,   -9.84
200712,   -2.99,   -0.90,   -1.15,   -2.49,   -1.11,   -0.24,   -1.46,   -1.71,   -2.74,   -1.43,   -0.70,   -0.34,   -0.15,   -1.00,   -1.98,   -1.52,   -1.89,   -2.63,   -2.83
200801,   -5.99,   -6.97,   -4.87,   -3.17,   -7.36,   -5.98,   -4.92,   -3.62,   -2.99,   -6.54,   -8.39,   -5.92,   -6.03,   -5.61,   -4.14,   -3.64,   -3.59,   -3.81,   -2.26
200802,    0.25,   -3.01,   -2.47,   -3.06,   -3.29,   -2.15,   -3.31,   -1.85,   -3.29,   -4.28,   -2.05,   -2.21,   -2.09,   -3.93,   -2.61,   -1.23,   -2.49,   -3.42,   -3.18
200803,  -10.24,   -2.94,   -1.11,   -2.35,   -2.91,   -1.58,   -1.22,   -1.86,   -2.49,   -3.24,   -2.49,   -3.03,   -0.27,   -1.34,   -1.09,   -1.72,   -2.00,   -2.46,   -2.51
200804,    1.36,    3.68,    2.49,    0.86,    3.10,    3.78,    3.03,    1.36,    0.71,    2.44,    3.92,    5.26,    2.44,    2.29,    3.85,    1.50,    1.23,    0.84,    0.59
200805,    4.09,    4.69,    3.57,    1.96,    4.55,    3.95,    4.03,    3.07,    1.59,    4.09,    5.13,    5.06,    2.95,    4.08,    3.97,    3.30,    2.85,    1.51,    1.66
200806,  -13.03,   -8.38,   -9.67,  -10.39,   -8.25,   -9.49,   -9.79,   -9.06,  -10.89,   -8.22,   -8.29,   -8.74,  -10.17,   -9.65,   -9.95,   -8.93,   -9.20,  -11.99,   -9.88
200807,    0.10,    0.76,    1.42,    1.00,    0.57,    0.80,    1.63,    2.59,    0.13,    0.57,    0.57,    1.28,    0.34,    0.65,    2.50,    2.00,    3.08,    0.71,   -0.60
200808,    2.98,    1.60,    2.70,    3.11,    0.91,    2.55,    2.89,    3.05,    3.22,    0.68,    1.23,    3.49,    1.62,    2.39,    3.35,    3.31,    2.84,    2.74,    3.84
200809,  -17.27,  -13.24,  -10.39,   -9.30,  -13.93,  -11.86,  -10.92,   -7.97,   -9.68,  -13.74,  -14.19,  -11.40,  -12.31,  -10.30,  -11.48,   -7.50,   -8.37,   -8.47,  -11.23
200810,  -27.13,  -22.54,  -21.15,  -20.26,  -23.74,  -20.98,  -20.96,  -19.59,  -20.75,  -23.29,  -24.34,  -19.31,  -22.63,  -21.37,  -20.58,  -20.17,  -19.10,  -17.58,  -24.83
200811,  -16.23,  -12.69,  -13.28,  -16.18,  -12.95,  -12.47,  -13.22,  -13.34,  -17.51,  -14.45,  -10.89,  -11.99,  -12.93,  -12.45,  -13.93,  -13.72,  -13.01,  -16.49,  -18.83
200812,   -1.28,    4.43,    4.38,    0.87,    4.05,    5.19,    5.40,    2.23,    0.16,    4.94,    2.81,    5.46,    4.92,    4.17,    6.52,    1.81,    2.58,    1.53,   -1.66
200901,    3.71,   -1.99,   -4.32,   -6.22,   -1.52,   -2.14,   -4.01,   -8.13,   -5.39,   -1.38,   -1.72,   -3.27,   -1.03,   -3.56,   -4.41,   -8.05,   -8.20,   -7.70,   -2.28
200902,  -10.11,  -10.38,  -12.45,  -13.60,  -10.06,  -11.34,  -12.36,  -13.50,  -13.69,  -10.14,   -9.96,  -11.23,  -11.44,  -12.14,  -12.55,  -13.61,  -13.41,  -12.43,  -15.39
200903,   20.69,   13.94,   12.78,   12.69,   15.03,   11.61,   12.01,   13.05,   13.20,   16.87,   12.54,   10.98,   12.21,   12.52,   11.54,   14.91,   11.48,   12.95,   13.54
200904,   25.62,   20.35,   20.78,   23.66,   20.24,   22.09,   20.60,   19.97,   24.75,   20.28,   20.18,   20.66,   23.47,   21.08,   20.15,   18.61,   21.12,   21.10,   29.82
200905,   17.56,    8.07,    9.86,   10.17,    8.08,    8.85,    9.50,   10.00,   10.52,    7.76,    8.52,    8.04,    9.64,   11.34,    7.80,   10.81,    9.32,    8.38,   13.51
200906,    7.40,    5.26,    2.90,    1.98,    6.07,    3.30,    2.72,    0.97,    3.03,    6.56,    5.40,    3.09,    3.51,    3.77,    1.76,    2.66,   -0.45,    3.69,    2.10
200907,    8.95,    7.34,    9.05,    9.54,    7.47,    7.51,    9.26,    9.19,    9.81,    6.49,    8.46,    7.00,    7.97,    9.11,    9.40,    9.71,    8.81,    9.88,    9.76
200908,   19.73,    2.69,    4.42,   10.14,    2.45,    2.83,    4.85,    5.71,   11.76,    2.52,    2.38,    3.31,    2.41,    3.46,    6.08,    5.56,    5.81,    7.25,   14.84
200909,    9.02,    6.70,    6.51,    7.41,    6.98,    6.18,    6.08,    6.66,    7.97,    7.19,    6.78,    5.97,    6.36,    7.08,    5.18,    7.64,    5.93,    6.06,    9.27
200910,   -8.80,   -6.00,   -5.65,   -6.90,   -6.27,   -5.32,   -5.54,   -6.40,   -7.05,   -7.50,   -5.03,   -5.30,   -5.35,   -5.51,   -5.56,   -6.22,   -6.53,   -6.69,   -7.29
200911,    1.57,    2.54,    1.90,    0.91,    2.75,    2.06,    1.95,    1.72,    0.56,    2.93,    2.56,    2.02,    2.10,    1.95,    1.95,    1.60,    1.81,    1.45,   -0.07
200912,    8.62,    6.57,    6.81,    6.40,    6.22,    7.05,    7.29,    6.39,    6.25,    5.57,    6.87,    7.47,    6.68,    7.31,    7.28,    5.87,    6.77,    5.94,    6.47
201001,    1.22,   -3.24,   -2.31,    2.30,   -3.16,   -3.32,   -2.20,   -1.44,    3.70,   -1.69,   -4.66,   -3.45,   -3.20,   -2.79,   -1.67,   -1.60,   -1.32,    1.38,    5.35
201002,    4.83,    3.25,    3.88,    4.32,    3.04,    4.25,    3.60,    4.22,    4.20,    3.30,    2.77,    3.82,    4.64,    3.90,    3.33,    3.69,    4.62,    3.37,    4.79
201003,   10.93,    6.62,    7.62,    8.84,    6.82,    6.60,    8.15,    6.94,    9.62,    7.30,    6.34,    6.09,    7.06,    7.39,    8.84,    7.02,    6.87,    9.20,    9.92
201004,   11.80,    4.89,    5.93,   11.35,    4.87,    5.96,    4.88,    8.03,   12.44,    5.45,    4.30,    4.95,    6.85,    3.98,    5.68,    7.30,    8.58,    9.02,   14.94
201005,  -10.44,   -7.26,   -7.52,   -9.28,   -7.28,   -6.86,   -7.45,   -8.06,   -9.95,   -8.24,   -6.33,   -7.20,   -6.57,   -7.20,   -7.67,   -8.68,   -7.58,   -8.54,  -10.97
201006,  -10.99,   -5.76,   -6.88,   -9.63,   -5.87,   -6.27,   -6.61,   -7.47,  -10.47,   -6.86,   -4.87,   -5.49,   -6.97,   -5.61,   -7.51,   -7.37,   -7.54,   -8.47,  -11.95
201007,    5.85,    6.08,    6.46,    4.78,    6.33,    6.00,    6.34,    6.43,    4.30,    6.28,    6.39,    5.36,    6.61,    6.43,    6.26,    6.54,    6.32,    5.91,    3.34
201008,   -8.86,   -6.09,   -6.68,   -7.12,   -6.07,   -6.16,   -6.81,   -7.11,   -7.06,   -6.01,   -6.13,   -6.16,   -6.16,   -6.94,   -6.69,   -6.92,   -7.30,   -6.65,   -7.31
201009,   14.05,   12.42,   11.64,    8.73,   12.83,   11.70,   11.81,   10.59,    8.22,   14.41,   11.19,   11.23,   12.15,   11.85,   11.77,   10.85,   10.35,    9.67,    7.35
201010,    3.27,    4.67,    5.04,    3.39,    4.51,    4.69,    5.26,    4.12,    3.54,    3.93,    5.11,    5.10,    4.30,    5.62,    4.90,    5.35,    2.94,    3.86,    3.34
201011,    2.51,    2.27,    2.98,    1.17,    1.49,    3.49,    2.93,    2.73,    0.90,    1.65,    1.32,    4.48,    2.55,    2.68,    3.18,    3.47,    2.03,    1.75,    0.39
201012,   10.28,    8.07,    8.14,    8.52,    8.68,    7.14,    8.35,    7.69,    8.87,    8.91,    8.43,    6.35,    7.89,    7.77,    8.93,    7.97,    7.42,    8.58,    9.04
201101,    4.37,    0.61,    1.21,    3.57,    0.67,    0.97,    1.12,    1.98,    3.79,    0.17,    1.19,    0.42,    1.49,    1.16,    1.09,    1.10,    2.84,    0.89,    5.58
201102,    6.18,    3.87,    5.23,    4.09,    3.28,    5.33,    4.42,    5.44,    4.07,    3.10,    3.47,    5.50,    5.16,    4.21,    4.62,    6.77,    4.15,    4.24,    3.96
201103,    3.20,    2.05,    1.86,    0.13,    2.22,    2.13,    1.66,    0.92,    0.05,    2.72,    1.70,    1.59,    2.64,    2.56,    0.75,    1.48,    0.39,    1.69,   -0.97
201104,    2.16,    2.42,    1.69,    0.23,    2.81,    1.29,    2.25,    1.22,   -0.12,    2.43,    3.19,    1.36,    1.22,    2.43,    2.06,    1.14,    1.30,    0.50,   -0.50
201105,   -2.61,   -1.36,   -1.99,   -2.42,   -1.44,   -0.73,   -2.06,   -3.08,   -2.32,   -0.97,   -1.92,   -1.13,   -0.34,   -1.32,   -2.82,   -3.47,   -2.71,   -2.06,   -2.48
201106,   -3.78,   -3.25,   -1.91,   -2.13,   -3.32,   -2.76,   -1.75,   -1.56,   -2.36,   -3.66,   -2.98,   -3.07,   -2.47,   -2.26,   -1.23,   -1.68,   -1.44,   -1.99,   -2.59
201107,   -2.26,   -3.74,   -2.74,   -1.32,   -4.09,   -2.92,   -2.88,   -1.57,   -1.39,   -3.89,   -4.35,   -2.74,   -3.10,   -2.78,   -2.98,   -2.08,   -1.10,   -1.59,   -1.25
201108,  -13.65,   -8.78,   -9.17,   -9.30,   -8.79,   -9.01,   -9.17,   -9.73,   -8.96,   -9.13,   -8.38,   -8.73,   -9.28,   -9.92,   -8.47,   -9.05,  -10.34,   -8.30,   -9.39
201109,  -15.92,  -11.26,  -11.08,   -9.46,  -11.14,  -11.53,  -11.32,  -10.01,   -9.35,  -11.25,  -11.00,  -11.63,  -11.45,  -11.80,  -10.88,  -10.24,   -9.81,   -8.84,   -9.68
201110,   15.28,   13.73,   14.19,    9.18,   13.56,   14.66,   13.95,   13.25,    7.98,   11.97,   15.52,   14.19,   15.09,   14.06,   13.85,   13.68,   12.86,    9.96,    6.69
201111,   -6.94,   -2.17,   -1.52,   -1.19,   -2.39,   -1.86,   -1.26,   -0.91,   -1.41,   -2.14,   -2.70,   -1.54,   -2.15,   -1.27,   -1.25,   -1.36,   -0.51,    0.99,   -2.96
201112,   -2.16,   -1.10,    0.52,    0.72,   -1.75,    0.19,    0.74,    0.83,    0.75,   -2.05,   -1.39,    0.76,   -0.34,   -0.04,    1.46,    1.02,    0.65,    0.76,    0.74
201201,   14.35,    9.90,    8.31,    8.68,   10.91,    8.18,    8.43,    6.76,    9.40,   12.00,    9.54,    7.03,    9.25,    8.43,    8.43,    7.06,    6.49,    7.32,   10.78
201202,    6.29,    3.99,    2.97,    4.53,    4.05,    3.45,    2.70,    3.15,    5.02,    4.87,    3.04,    3.79,    3.12,    2.68,    2.72,    3.30,    3.01,    4.32,    5.48
201203,    3.93,    2.32,    2.82,    4.23,    2.27,    2.05,    2.69,    3.59,    4.65,    2.23,    2.32,    2.46,    1.67,    2.87,    2.52,    4.31,    2.94,    2.67,    5.96
201204,   -2.56,   -2.25,   -1.66,   -0.21,   -2.40,   -2.02,   -1.70,   -0.72,   -0.12,   -2.94,   -1.73,   -1.81,   -2.22,   -1.62,   -1.78,   -0.98,   -0.48,   -0.90,    0.40
201205,  -10.30,   -7.69,   -7.62,   -5.41,   -7.84,   -7.16,   -7.73,   -7.29,   -5.00,   -7.72,   -7.98,   -7.26,   -7.07,   -8.18,   -7.32,   -7.98,   -6.66,   -5.88,   -4.41
201206,    3.08,    3.85,    3.99,    3.82,    4.14,    3.67,    3.82,    4.05,    3.73,    4.67,    3.49,    3.03,    4.28,    2.93,    4.64,    4.00,    4.10,    4.05,    3.51
201207,   -4.09,   -0.61,   -0.91,   -1.26,   -1.39,    0.66,   -1.25,   -0.87,   -1.40,   -2.02,   -0.71,    1.44,   -0.20,   -1.25,   -1.26,   -0.93,   -0.82,   -1.09,   -1.63
201208,    1.43,    3.05,    2.51,    3.03,    3.10,    2.41,    3.14,    2.94,    2.79,    2.83,    3.40,    2.93,    1.83,    4.19,    2.07,    2.00,    3.78,    2.11,    3.28
201209,    6.02,    3.31,    4.39,    3.63,    3.36,    4.44,    3.64,    3.85,    3.73,    3.99,    2.67,    3.20,    5.80,    3.88,    3.40,    4.46,    3.30,    4.10,    3.47
201210,   -2.52,   -3.60,   -2.15,   -0.20,   -4.38,   -1.98,   -2.13,   -1.22,   -0.06,   -4.87,   -3.86,   -1.54,   -2.48,   -1.75,   -2.51,   -1.90,   -0.61,   -1.57,    1.04
201211,   -2.18,    0.68,    0.26,    0.33,    0.81,    0.39,    0.15,    0.00,    0.53,    0.36,    1.29,    0.35,    0.43,    0.63,   -0.33,    0.31,   -0.28,    1.07,    0.12
201212,    1.08,    1.94,    2.82,    3.21,    1.46,    3.04,    2.58,    3.45,    3.06,    0.95,    2.01,    3.20,    2.86,    2.12,    3.05,    3.20,    3.68,    3.23,    2.93
201301,    7.37,    6.69,    6.83,    8.24,    6.86,    6.35,    6.90,    6.94,    8.68,    7.73,    5.92,    6.22,    6.50,    6.59,    7.20,    6.99,    6.89,    6.06,   10.63
201302,   -0.83,    0.51,    0.74,    1.87,    0.23,    0.77,    0.75,    1.51,    1.89,   -0.11,    0.61,    1.24,    0.25,    1.06,    0.44,    1.16,    1.82,    0.59,    2.86
201303,    7.56,    4.77,    4.39,    3.96,    4.88,    4.41,    4.29,    4.25,    3.97,    5.18,    4.54,    4.47,    4.35,    4.71,    3.88,    4.61,    3.93,    4.35,    3.69
201304,    3.25,    0.26,   -0.50,   -0.48,    0.68,   -0.57,   -0.84,    0.29,   -0.84,    1.38,   -0.10,   -0.82,   -0.30,   -0.45,   -1.22,   -0.08,    0.63,   -1.03,   -0.69
201305,    6.51,    4.38,    4.46,    5.14,    4.15,    4.76,    4.65,    4.67,    5.10,    3.68,    4.68,    4.96,    4.54,    3.84,    5.45,    4.04,    5.24,    3.28,    6.50
201306,    3.03,   -1.31,    0.13,    0.11,   -1.28,   -0.98,    0.27,    0.15,    0.18,   -1.41,   -1.13,   -1.38,   -0.51,   -0.26,    0.79,    0.44,   -0.11,    0.06,    0.27
201307,   14.15,    7.48,    6.77,    7.44,    7.48,    7.11,    6.61,    7.43,    7.34,    8.12,    6.67,    7.49,    6.68,    7.20,    6.06,    7.13,    7.74,    7.52,    7.21
201308,   -0.37,   -1.76,   -2.54,   -2.15,   -1.65,   -1.91,   -2.44,   -3.35,   -1.79,   -1.22,   -2.20,   -2.04,   -1.77,   -2.52,   -2.36,   -3.37,   -3.32,   -2.85,   -0.98
201309,    6.71,    5.83,    5.98,    5.50,    5.85,    6.09,    6.22,    6.19,    4.97,    5.82,    5.89,    5.77,    6.45,    6.23,    6.20,    5.16,    7.21,    5.19,    4.80
201310,   -1.92,    1.45,    3.37,    3.58,    1.48,    2.28,    2.50,    4.42,    3.48,    0.57,    2.63,    1.39,    3.28,    1.79,    3.17,    4.93,    3.92,    3.48,    3.48
201311,    6.07,    4.73,    4.08,    4.12,    5.33,    3.64,    3.60,    4.53,    4.10,    6.20,    4.21,    3.24,    4.10,    3.89,    3.33,    4.88,    4.18,    4.86,    3.51
201312,    5.91,    2.64,    3.21,    2.20,    2.53,    3.35,    3.48,    2.01,    2.31,    2.11,    3.06,    2.93,    3.83,    3.58,    3.40,    2.19,    1.83,    2.11,    2.47
201401,    7.09,    0.74,   -1.77,   -0.58,    1.17,   -1.11,   -1.54,   -2.13,   -0.05,    1.43,    0.83,   -0.33,   -1.99,   -1.44,   -1.63,   -1.99,   -2.28,   -2.17,    1.59
201402,    5.75,    5.03,    4.45,    4.37,    5.14,    4.40,    4.92,    4.43,    4.24,    5.61,    4.53,    4.77,    3.98,    5.06,    4.78,    4.06,    4.79,    3.47,    4.84
201403,   -3.33,   -1.95,    0.87,    1.57,   -2.83,    0.57,    0.68,    0.84,    1.88,   -3.85,   -1.51,    0.23,    0.95,    0.88,    0.49,    1.11,    0.58,    1.59,    2.12
201404,   -4.21,   -4.72,   -2.82,   -3.16,   -4.97,   -3.57,   -2.77,   -2.47,   -3.47,   -6.53,   -2.95,   -4.11,   -2.96,   -2.57,   -2.97,   -2.78,   -2.15,   -2.80,   -4.00
201405,    2.50,    0.19,    0.52,   -0.29,    0.14,    0.33,    0.89,    0.02,   -0.38,    0.69,   -0.57,    0.32,    0.34,    1.01,    0.77,    0.04,    0.00,    0.39,   -0.99
201406,    4.83,    5.21,    4.03,    3.72,    5.01,    4.84,    4.26,    3.77,    3.71,    5.12,    4.86,    5.72,    3.86,    4.66,    3.89,    3.79,    3.76,    3.34,    4.00
201407,   -3.85,   -5.43,   -5.10,   -3.73,   -5.51,   -5.41,   -5.28,   -4.68,   -3.25,   -5.87,   -5.03,   -5.23,   -5.61,   -5.25,   -5.30,   -4.30,   -5.02,   -3.98,   -2.72
201408,    1.57,    4.89,    4.06,    3.63,    4.76,    5.06,    3.69,    3.94,    3.53,    4.55,    5.03,    5.21,    4.89,    3.80,    3.58,    3.97,    3.91,    4.41,    2.87
201409,   -6.94,   -4.61,   -4.94,   -4.48,   -4.76,   -4.28,   -5.35,   -4.94,   -4.26,   -5.16,   -4.23,   -4.23,   -4.34,   -4.88,   -5.80,   -4.77,   -5.08,   -4.49,   -4.09
201410,   -1.57,    4.09,    3.91,    1.74,    4.16,    4.04,    3.72,    3.95,    0.94,    4.07,    4.27,    3.94,    4.16,    3.40,    4.02,    4.05,    3.87,    3.13,   -0.69
201411,   -0.74,    1.28,   -0.10,   -1.26,    1.29,    0.85,   -0.29,   -0.76,   -1.26,    1.14,    1.48,    1.26,    0.38,   -0.63,    0.03,   -0.19,   -1.26,   -1.93,   -0.75
201412,   -1.46,    1.25,    2.62,    1.78,    1.24,    2.06,    1.80,    2.94,    1.62,    0.94,    1.64,    1.28,    2.97,    1.46,    2.12,    3.79,    2.19,    1.94,    1.39
201501,   -2.52,   -2.51,   -3.96,   -3.88,   -1.91,   -3.62,   -3.98,   -4.10,   -3.97,   -1.51,   -2.43,   -3.95,   -3.25,   -4.58,   -3.41,   -4.59,   -3.67,   -4.55,   -3.53
201502,    7.75,    7.41,    7.29,    5.25,    6.98,    8.21,    7.76,    5.53,    5.24,    7.59,    6.18,    8.44,    7.94,    7.51,    8.00,    5.80,    5.28,    5.16,    5.30
201503,   -1.55,    0.28,   -0.02,   -0.01,   -0.02,    0.29,   -0.16,    0.81,   -0.34,   -0.19,    0.19,    1.03,   -0.56,   -1.19,    0.81,    0.74,    0.87,   -0.05,   -0.55
201504,   -0.59,   -0.17,   -0.41,    1.12,   -0.12,   -0.37,   -0.64,   -0.21,    1.70,    1.84,   -2.65,   -0.30,   -0.44,   -1.08,   -0.23,    0.04,   -0.43,    1.47,    1.88
201505,   -0.17,    1.20,    1.56,   -0.34,    1.62,    1.64,    0.89,    0.51,   -0.44,    1.43,    1.87,    0.15,    3.33,    0.84,    0.94,    1.15,   -0.07,   -0.31,   -0.54
201506,   -4.11,    0.75,   -0.69,   -0.38,    0.89,    0.00,   -0.86,   -0.68,   -0.23,    0.73,    1.08,    0.40,   -0.46,   -0.79,   -0.94,   -0.59,   -0.77,    0.30,   -0.63
201507,   -5.85,   -0.42,   -2.92,   -5.05,   -0.58,   -0.63,   -3.22,   -3.82,   -5.56,   -0.44,   -0.78,   -0.04,   -1.25,   -2.71,   -3.69,   -4.00,   -3.63,   -3.23,   -8.03
201508,   -6.78,   -7.05,   -4.14,   -2.03,   -7.62,   -6.02,   -3.00,   -4.15,   -1.26,   -8.36,   -6.65,   -5.75,   -6.30,   -5.05,   -1.11,   -4.10,   -4.20,   -3.00,    0.62
201509,  -10.73,   -6.69,   -5.15,   -4.78,   -7.30,   -5.83,   -4.96,   -4.37,   -4.90,   -7.30,   -7.30,   -5.31,   -6.38,   -4.94,   -4.98,   -4.33,   -4.42,   -3.52,   -6.40
201510,    4.79,    5.69,    6.07,    4.34,    5.44,    6.17,    6.53,    5.19,    4.05,    5.45,    5.42,    6.25,    6.09,    6.20,    6.84,    5.24,    5.14,    3.39,    4.77
201511,   -1.38,    3.34,    2.65,    1.93,    3.36,    2.18,    4.07,    2.26,    1.60,    3.61,    3.03,    3.30,    1.00,    1.04,    6.89,    1.67,    2.86,    2.81,    0.30
201512,   -7.21,   -3.81,   -4.58,   -5.28,   -3.33,   -4.79,   -4.60,   -5.02,   -5.16,   -2.27,   -4.74,   -4.89,   -4.68,   -4.44,   -4.76,   -4.43,   -5.63,   -4.29,   -6.10
201601,  -14.57,  -11.06,   -8.24,   -8.34,  -11.91,   -9.30,   -7.92,   -7.93,   -8.36,  -13.23,  -10.15,   -9.13,   -9.47,   -7.34,   -8.46,   -7.61,   -8.26,   -7.33,   -9.48
201602,    0.16,    0.06,    1.13,   -0.43,   -0.25,    1.27,    1.33,   -0.01,   -0.53,   -0.74,    0.40,    0.77,    1.79,    0.71,    1.90,    0.13,   -0.15,   -0.63,   -0.43
201603,   11.88,    6.92,    8.52,    8.90,    6.39,    8.88,    7.62,    8.68,    9.09,    6.02,    6.89,    8.11,    9.69,    8.61,    6.72,    9.00,    8.35,    7.29,   11.07
201604,    3.61,    2.64,    2.91,    5.44,    3.06,    1.95,    3.04,    3.89,    5.78,    2.87,    3.33,    1.66,    2.26,    3.68,    2.45,    3.31,    4.51,    5.31,    6.30
201605,   -0.72,    1.45,    0.73,   -0.37,    1.39,    1.32,    0.99,   -0.41,   -0.21,    1.49,    1.26,    1.59,    1.03,    0.69,    1.28,   -0.02,   -0.82,    0.23,   -0.68
201606,   -1.92,   -1.64,   -0.68,    1.05,   -1.54,   -1.35,   -1.19,   -0.22,    1.73,   -2.18,   -0.67,   -1.87,   -0.80,   -1.47,   -0.94,    0.35,   -0.80,    0.74,    2.80
201607,    7.84,    5.51,    5.36,    6.24,    5.95,    5.22,    5.88,    4.02,    7.21,    6.02,    5.87,    4.49,    5.94,    5.74,    6.01,    3.83,    4.18,    4.95,   10.52
201608,    3.36,    0.77,    2.03,    3.11,    0.57,    0.98,    2.65,    2.71,    3.10,    0.18,    0.99,    1.26,    0.70,    2.56,    2.74,    2.21,    3.13,    3.42,    2.63
201609,    2.45,    2.79,    2.03,    1.88,    3.70,    1.31,    2.32,    1.85,    1.81,    3.92,    3.45,    0.68,    1.91,    3.08,    1.58,    1.62,    2.04,    1.54,    2.21
201610,   -7.18,   -6.95,   -5.34,   -3.78,   -7.12,   -6.89,   -5.32,   -3.43,   -3.97,   -7.90,   -6.27,   -6.55,   -7.22,   -5.03,   -5.59,   -3.50,   -3.38,   -2.00,   -6.90
201611,    7.82,    5.69,    9.36,   11.95,    4.90,    6.97,   10.52,   10.94,   12.12,    4.63,    5.20,    7.56,    6.40,    8.95,   12.01,   10.14,   11.60,   11.06,   13.68
201612,   -0.02,   -0.17,    2.33,    3.96,   -0.61,    0.95,    1.72,    4.94,    3.42,   -0.87,   -0.32,    0.86,    1.04,    0.76,    2.62,    4.79,    5.08,    3.74,    2.95
201701,    4.97,    2.83,    0.91,    1.15,    2.50,    2.34,    1.58,   -0.16,    1.60,    3.33,    1.61,    3.59,    1.15,    1.11,    2.03,   -0.58,    0.20,    1.65,    1.53
201702,   -0.16,    3.63,    1.70,    0.56,    4.25,    1.72,    1.93,    1.52,    0.14,    4.05,    4.48,    2.15,    1.32,    1.83,    2.03,    1.64,    1.43,    1.12,   -1.30
201703,    0.35,    0.91,    0.79,    0.09,    0.86,    1.03,    1.33,    0.29,   -0.30,    0.55,    1.20,    1.04,    1.01,    0.90,    1.73,   -0.43,    0.89,    0.98,   -2.18
201704,   -3.06,    1.30,    0.62,   -0.41,    1.49,    0.54,    0.26,    0.94,   -0.77,    1.71,    1.25,    0.87,    0.23,    0.94,   -0.38,    1.68,    0.33,    0.23,   -2.25
201705,   -5.13,   -0.59,   -2.41,   -2.70,   -0.33,   -1.78,   -2.53,   -2.12,   -3.05,   -0.48,   -0.16,   -1.21,   -2.32,   -1.30,   -3.71,   -2.29,   -1.98,   -2.32,   -4.14
201706,    2.27,    4.01,    3.27,    3.85,    4.43,    3.42,    3.22,    4.44,    2.93,    4.22,    4.65,    3.04,    3.77,    2.93,    3.49,    2.85,    5.75,    2.92,    2.96
201707,    0.03,   -0.08,    0.08,    0.35,   -0.03,   -0.35,   -0.02,    0.56,    0.32,   -0.01,   -0.06,   -0.20,   -0.50,   -0.11,    0.08,    0.73,    0.40,    0.65,    0.01
201708,   -2.10,   -1.01,   -1.68,   -2.23,   -1.05,   -1.72,   -1.44,   -1.69,   -2.33,   -1.86,   -0.22,   -0.90,   -2.54,   -1.83,   -1.06,   -1.41,   -1.98,   -2.00,   -2.64
201709,    7.03,    5.39,    8.16,    7.83,    5.45,    5.35,    9.15,    8.14,    7.93,    5.54,    5.35,    5.26,    5.43,    8.97,    9.32,    8.67,    7.61,    8.15,    7.71
201710,   -5.35,    0.23,    0.59,    0.60,    0.48,    0.02,    0.80,   -0.02,    1.04,   -0.14,    1.10,   -0.35,    0.40,    1.09,    0.52,    0.36,   -0.40,    0.77,    1.29
201711,    2.61,    3.03,    3.08,    3.95,    2.86,    3.14,    3.67,    2.68,    4.30,    3.89,    1.82,    3.41,    2.85,    3.99,    3.35,    2.22,    3.14,    4.64,    3.98
201712,    2.54,    1.30,   -0.02,    1.42,    1.64,    0.60,    0.12,   -0.20,    1.84,    2.61,    0.67,    0.51,    0.69,    0.84,   -0.57,   -0.88,    0.47,    0.94,    2.69
201801,    5.74,    3.48,    2.97,    2.67,    3.64,    3.92,    2.27,    2.83,    2.56,    3.77,    3.50,    3.12,    4.73,    3.11,    1.45,    2.72,    2.94,    2.61,    2.51
201802,   -5.14,   -3.76,   -4.25,   -3.83,   -3.76,   -3.27,   -4.77,   -4.22,   -3.80,   -3.57,   -3.95,   -3.74,   -2.80,   -3.82,   -5.70,   -4.55,   -3.89,   -3.02,   -4.55
201803,    1.89,    0.94,    1.11,    0.58,    1.15,    0.51,    0.13,    2.33,    0.25,    0.43,    1.86,    0.47,    0.55,    0.09,    0.18,    3.34,    1.33,    0.94,   -0.41
201804,    2.37,   -0.06,    0.55,    1.06,   -0.46,    0.60,    0.41,    0.85,    1.20,   -0.23,   -0.69,    0.85,    0.35,    0.75,    0.07,    0.98,    0.73,    1.26,    1.14
201805,    5.95,    6.02,    5.22,    3.72,    6.69,    4.80,    4.85,    4.84,    3.73,    6.47,    6.91,    4.50,    5.10,    4.91,    4.79,    5.99,    3.70,    4.35,    3.14
201806,    2.44,    1.47,    0.22,    0.77,    1.57,    0.90,    0.26,   -0.33,    1.33,    0.63,    2.49,    1.24,    0.56,    0.39,    0.14,   -0.17,   -0.49,    2.17,    0.53
201807,   -1.51,    0.82,    0.93,    0.36,    0.59,    1.70,    1.24,    0.04,    0.25,    0.14,    1.09,    1.45,    1.92,    1.71,    0.89,   -0.59,    0.57,    0.33,    0.17
201808,    5.05,    5.79,    3.04,    1.34,    5.94,    5.35,    2.30,    1.48,    1.62,    6.49,    5.33,    5.38,    5.31,    2.33,    2.27,    2.25,    0.82,    1.12,    2.10
201809,    1.40,   -0.80,   -2.10,   -2.33,   -0.82,   -0.23,   -2.83,   -2.52,   -2.43,    0.02,   -1.76,   -0.74,    0.21,   -2.47,   -3.09,   -2.96,   -2.14,   -3.35,   -1.57
201810,  -10.72,  -11.97,  -10.01,   -8.63,  -12.19,  -11.69,   -9.81,   -8.55,   -8.66,  -12.21,  -12.17,  -11.36,  -11.98,   -9.77,   -9.84,   -8.50,   -8.59,   -7.60,   -9.65
201811,   -3.38,    0.55,    0.67,   -1.38,    0.64,    0.95,    0.91,    0.49,   -2.85,   -0.45,    1.85,    0.33,    1.50,    1.46,    0.51,   -0.56,    1.41,   -2.06,   -3.59
201812,  -17.27,  -12.75,  -12.67,  -13.31,  -12.65,  -13.06,  -12.64,  -12.35,  -13.80,  -12.00,  -13.38,  -13.01,  -13.11,  -12.80,  -12.51,  -12.30,  -12.40,  -12.04,  -15.47
201901,   18.88,   15.71,   12.45,   12.82,   15.96,   14.13,   12.52,   11.51,   13.52,   17.94,   13.74,   15.05,   13.30,   12.99,   12.17,   11.51,   11.51,   11.66,   15.28
201902,    5.61,    6.26,    4.80,    4.60,    6.66,    4.82,    5.65,    4.57,    4.12,    7.60,    5.59,    5.19,    4.50,    5.89,    5.47,    3.52,    5.48,    4.78,    3.50
201903,   -2.58,    0.39,   -1.29,   -3.23,    0.48,   -0.90,   -0.72,   -2.68,   -3.13,    0.76,    0.17,    0.15,   -1.84,    0.79,   -1.83,   -1.82,   -3.42,   -2.39,   -3.83
201904,   -0.48,    2.48,    3.04,    2.63,    2.45,    1.95,    3.29,    3.98,    1.97,    1.98,    2.98,    2.56,    1.42,    3.66,    3.02,    4.11,    3.86,    2.27,    1.69
201905,   -7.61,   -7.65,   -8.51,   -8.88,   -7.56,   -7.60,   -8.41,   -9.42,   -8.76,   -7.08,   -8.10,   -7.89,   -7.35,   -8.37,   -8.43,   -9.80,   -9.09,   -7.83,   -9.65
201906,    3.93,    7.62,    6.40,    3.69,    7.41,    7.54,    6.33,    5.80,    2.64,    7.51,    7.31,    8.20,    6.97,    8.06,    5.07,    6.00,    5.62,    4.01,    1.34
201907,   -3.01,   -0.36,   -0.43,   -1.35,   -0.44,    0.06,   -0.28,   -1.19,   -1.53,    0.01,   -0.91,   -0.19,    0.32,   -0.87,    0.26,   -1.38,   -1.03,    0.55,   -3.40
201908,   -3.06,   -3.78,   -5.86,   -6.47,   -2.93,   -5.58,   -5.55,   -5.72,   -7.39,   -1.44,   -4.46,   -5.61,   -5.54,   -5.86,   -5.26,   -6.67,   -4.92,   -6.62,   -8.07
201909,    2.89,   -1.24,    2.90,    5.17,   -2.00,    1.52,    2.35,    4.26,    5.62,   -2.92,   -1.06,    0.39,    2.65,    2.22,    2.47,    4.05,    4.44,    5.48,    5.74
201910,    0.39,    2.30,    0.47,   -1.30,    2.74,    0.58,    0.35,    0.42,   -1.89,    3.77,    1.68,    1.36,   -0.20,   -0.09,    0.76,    1.30,   -0.31,    0.87,   -4.36
201911,    1.56,    5.87,    3.03,    2.54,    7.13,    3.63,    2.49,    3.06,    2.17,    7.52,    6.73,    3.18,    4.08,    2.00,    2.94,    2.96,    3.15,    3.58,    0.91
201912,    4.75,    3.57,    4.52,    6.76,    2.71,    4.99,    4.92,    4.58,    7.64,    3.42,    1.99,    5.38,    4.59,    6.12,    3.80,    3.77,    5.28,    4.09,   10.82
202001,    6.32,   -0.56,   -1.75,   -3.74,   -0.20,   -1.29,   -1.23,   -3.59,   -3.59,    0.51,   -0.91,   -1.34,   -1.23,   -1.51,   -0.97,   -3.13,   -3.98,   -2.66,   -4.42
202002,   -6.42,   -6.73,   -7.77,   -8.20,   -7.12,   -6.78,   -7.15,   -8.54,   -8.18,   -6.78,   -7.46,   -5.91,   -7.67,   -7.35,   -6.97,   -8.91,   -8.22,   -9.75,   -6.80
202003,  -27.82,  -17.35,  -21.62,  -27.88,  -17.54,  -18.28,  -20.88,  -25.59,  -28.85,  -17.65,  -17.43,  -16.95,  -19.63,  -21.78,  -20.05,  -24.78,  -26.27,  -29.15,  -28.59
202004,   23.76,   20.45,   16.51,   21.04,   20.22,   19.90,   15.80,   15.67,   24.18,   21.49,   18.90,   20.97,   18.82,   15.24,   16.33,   15.50,   15.81,   20.77,   27.23
202005,   12.20,   10.60,    6.22,    5.31,   11.16,    7.92,    7.01,    3.99,    6.47,   12.09,   10.19,    9.40,    6.43,    6.90,    7.11,    4.70,    3.38,    6.40,    6.53
202006,   11.56,    5.01,    5.43,    9.52,    5.83,    4.61,    5.41,    5.87,   11.23,    5.93,    5.74,    3.23,    6.00,    4.39,    6.38,    4.90,    6.69,    5.04,   16.82
202007,    7.68,    3.49,    4.62,    3.71,    2.95,    3.99,    6.26,    2.84,    4.33,    2.48,    3.51,    4.65,    3.24,    7.63,    4.75,    3.12,    2.59,    2.18,    6.65
202008,    6.34,    5.16,    4.82,    3.73,    5.32,    5.15,    3.24,    4.42,    4.51,    6.05,    4.46,    4.81,    5.54,    2.65,    3.89,    6.84,    2.34,    4.52,    4.51
202009,   -2.55,   -0.97,   -4.12,   -3.15,   -1.09,   -1.96,   -3.99,   -4.34,   -2.79,   -0.44,   -1.86,   -0.69,   -3.40,   -3.53,   -4.50,   -4.99,   -3.78,   -2.36,   -3.26
202010,   -1.80,   -0.25,    1.45,    3.67,   -0.85,    1.11,    1.15,    3.70,    2.94,   -1.13,   -0.52,    1.05,    1.18,    0.73,    1.61,    2.22,    4.96,    3.65,    2.14
202011,   22.02,   18.49,   19.21,   23.00,   18.27,   18.48,   19.49,   19.75,   24.94,   16.25,   20.66,   18.97,   17.92,   19.76,   19.18,   19.94,   19.59,   21.93,   28.32
202012,   11.32,    9.04,    8.51,    8.82,    9.49,    8.41,    9.16,    7.94,    8.93,   10.55,    8.23,    8.06,    8.79,   10.16,    8.06,    7.11,    8.64,    8.91,    8.95
202101,   21.03,    7.26,    7.80,   17.50,    7.75,    7.21,    7.73,    8.40,   22.19,    7.16,    8.46,    6.17,    8.38,    7.65,    7.82,    7.39,    9.27,   11.25,   34.76
202102,   10.24,    5.73,    9.60,   12.50,    4.66,    8.21,    9.70,   11.47,   12.65,    4.55,    4.79,    8.07,    8.37,    9.56,    9.85,   10.57,   12.23,   12.14,   13.24
202103,   -0.02,   -0.92,    3.77,    5.46,   -1.93,    1.74,    3.20,    5.64,    5.60,   -2.37,   -1.42,    1.30,    2.24,    2.88,    3.56,    6.16,    5.20,    7.99,    2.87
202104,    0.49,    1.60,    1.39,    2.20,    1.87,    1.00,    2.19,    2.94,    0.53,    2.26,    1.40,    1.00,    0.99,    2.61,    1.72,    0.40,    5.13,    0.57,    0.49
202105,   -0.47,   -0.77,    1.68,    5.23,   -0.98,    0.81,    1.33,    2.73,    6.25,   -1.10,   -0.85,   -0.30,    2.06,    1.17,    1.51,    1.92,    3.43,    4.88,    7.83
202106,    4.35,    4.86,    0.72,    2.16,    5.78,    2.57,    0.85,   -0.76,    3.73,    6.00,    5.51,    2.83,    2.28,    0.18,    1.60,   -0.97,   -0.58,    1.00,    6.87
202107,   -8.81,   -4.22,   -3.32,   -2.75,   -4.11,   -3.91,   -2.87,   -3.63,   -2.66,   -3.64,   -4.58,   -4.48,   -3.28,   -4.03,   -1.68,   -4.29,   -2.96,   -2.25,   -3.23
202108,    1.22,    2.43,    2.33,    3.06,    2.15,    2.96,    2.45,    2.57,    2.81,    1.46,    2.85,    3.02,    2.89,    1.93,    2.97,    1.43,    3.71,    2.26,    3.57
202109,   -0.30,   -5.02,   -3.72,    0.33,   -5.43,   -4.11,   -3.84,   -2.14,    0.95,   -5.34,   -5.52,   -4.14,   -4.08,   -4.19,   -3.47,   -3.04,   -1.27,    0.29,    1.87
202110,    2.29,    2.62,    1.85,    2.93,    3.19,    1.68,    1.87,    2.05,    3.11,    3.71,    2.67,    1.37,    2.03,    1.55,    2.20,    1.60,    2.49,    2.62,    3.78
202111,  -10.28,   -7.55,   -3.98,   -4.06,   -7.86,   -5.77,   -3.35,   -4.64,   -3.83,   -7.40,   -8.32,   -6.88,   -4.55,   -3.96,   -2.73,   -4.62,   -4.65,   -3.22,   -4.67
202112,   -2.04,   -1.71,    1.76,    2.19,   -2.19,   -0.12,    1.92,    2.13,    2.54,   -3.14,   -1.24,   -0.67,    0.48,    1.38,    2.47,    2.94,    1.33,    2.42,    2.70
202201,  -10.86,  -13.28,   -8.20,   -1.35,  -13.67,  -11.26,   -8.36,   -4.51,   -0.60,  -14.00,  -13.34,  -12.44,   -9.96,   -9.64,   -7.07,   -5.82,   -3.21,   -1.45,    0.56
202202,   -1.75,   -2.13,   -0.10,    1.26,   -2.01,   -1.88,   -0.09,    0.31,    2.04,   -1.91,   -2.11,   -2.39,   -1.31,    0.03,   -0.22,    1.30,   -0.68,    0.61,    4.04
202203,    0.34,    2.60,    2.09,    1.76,    2.04,    2.82,    1.84,    2.70,    1.51,    2.19,    1.88,    3.80,    1.73,    2.64,    1.03,    3.01,    2.39,    0.13,    3.43
202204,  -15.77,  -14.79,  -10.75,   -6.38,  -15.10,  -13.22,  -10.48,   -9.20,   -5.41,  -15.12,  -15.08,  -14.14,  -12.20,  -11.31,   -9.63,   -9.64,   -8.76,   -5.96,   -4.64
202205,   -6.05,   -4.90,   -0.50,    1.43,   -5.65,   -2.75,    0.01,    0.90,    1.42,   -6.49,   -4.82,   -3.29,   -2.16,   -0.91,    0.95,    0.36,    1.44,    1.51,    1.31
202206,   -7.76,   -4.81,   -6.57,   -9.09,   -5.15,   -4.90,   -6.46,   -8.34,   -9.11,   -5.03,   -5.27,   -4.07,   -5.82,   -6.36,   -6.57,   -7.65,   -9.04,   -7.49,  -11.41
202207,    9.63,   11.71,    8.85,    5.65,   11.87,   10.46,    8.68,    7.94,    5.12,   11.84,   11.90,   11.44,    9.48,    8.00,    9.32,    8.50,    7.35,    4.79,    5.43
202208,    4.20,   -0.43,   -0.59,   -0.09,    0.34,   -0.54,   -1.26,   -0.56,    0.05,   -0.05,    0.82,   -1.80,    0.72,   -0.04,   -2.40,   -0.58,   -0.53,   -0.05,    0.14
202209,  -14.82,   -9.80,  -11.30,  -11.43,   -9.93,  -10.46,  -11.65,  -11.34,  -11.18,   -9.81,  -10.09,   -9.56,  -11.36,  -11.18,  -12.09,  -10.47,  -12.25,   -9.77,  -12.54
202210,    7.06,    5.42,    8.23,    8.08,    5.20,    5.99,    8.80,    8.02,    8.51,    4.14,    6.47,    5.81,    6.17,    8.54,    9.05,    9.27,    6.71,    9.14,    7.89
202211,   -1.55,    0.92,    1.62,    0.41,    1.40,    1.67,    0.78,    1.42,    0.17,    2.01,    0.66,    0.06,    3.29,    1.13,    0.45,    1.63,    1.21,    0.22,    0.11
202212,   -6.29,   -5.44,   -6.77,   -5.79,   -5.61,   -6.27,   -6.85,   -6.87,   -5.12,   -6.51,   -4.52,   -5.14,   -7.42,   -6.69,   -7.01,   -5.87,   -7.93,   -5.26,   -4.98
202301,   16.99,   14.06,   15.84,   14.74,   13.15,   16.35,   15.77,   15.67,   14.11,   13.26,   13.02,   15.66,   17.05,   15.97,   15.57,   14.64,   16.74,   11.42,   16.74
202302,   -6.07,   -3.20,   -3.97,   -3.50,   -3.02,   -4.54,   -3.46,   -3.88,   -3.21,   -2.79,   -3.30,   -3.52,   -5.57,   -2.94,   -3.96,   -3.34,   -4.45,   -3.11,   -3.31
202303,   -6.17,   -3.32,   -5.72,   -9.13,   -2.74,   -4.62,   -5.86,   -7.27,   -9.40,   -1.94,   -3.70,   -4.34,   -4.90,   -5.34,   -6.36,   -6.32,   -8.26,  -10.23,   -8.58
202304,   -3.25,   -1.96,   -1.73,   -2.52,   -1.89,   -1.47,   -1.75,   -2.39,   -2.65,   -2.12,   -1.60,   -2.10,   -0.83,   -1.23,   -2.24,   -2.66,   -2.11,   -3.72,   -1.59
202305,   -0.50,    1.85,   -0.42,   -1.92,    2.57,    0.79,   -0.65,   -1.71,   -1.91,    2.63,    2.51,    0.57,    1.02,    0.48,   -1.72,   -1.49,   -1.94,   -1.78,   -2.05
202306,    6.09,    6.11,    6.34,    6.63,    6.21,    5.19,    6.62,    7.35,    6.56,    6.37,    6.01,    5.93,    4.43,    7.60,    5.69,    7.83,    6.84,    6.61,    6.51
202307,    7.15,    2.45,    4.30,    7.56,    2.14,    3.15,    3.84,    7.89,    7.06,    1.99,    2.31,    3.24,    3.07,    4.57,    3.16,    6.53,    8.99,    7.70,    6.57
202308,  -13.52,   -5.56,   -6.13,   -6.68,   -5.00,   -5.88,   -7.25,   -5.40,   -7.01,   -5.31,   -4.66,   -6.97,   -4.94,   -6.52,   -7.94,   -4.95,   -5.76,   -5.11,   -8.46
202309,  -10.63,   -7.26,   -5.98,   -6.86,   -7.40,   -6.67,   -6.69,   -5.32,   -7.03,   -7.66,   -7.11,   -6.92,   -6.46,   -7.22,   -6.20,   -3.98,   -6.39,   -6.34,   -7.55
202310,  -11.49,   -7.53,   -6.93,   -7.78,   -6.95,   -8.07,   -7.21,   -6.55,   -8.06,   -7.36,   -6.49,   -9.01,   -7.27,   -7.21,   -7.21,   -5.98,   -7.00,   -7.76,   -8.29
202311,    5.46,    9.17,   10.24,    7.43,    9.51,    7.52,   12.39,    9.78,    6.40,    9.46,    9.56,    8.30,    6.85,   11.77,   12.96,    9.08,   10.35,    6.34,    6.44
202312,    8.91,   11.11,   11.55,   13.51,    9.76,   12.74,   10.41,   14.15,   13.36,   10.09,    9.39,   14.59,   11.13,    9.46,   11.29,   14.41,   13.93,   14.61,   12.39
202401,   -6.28,   -2.74,   -3.55,   -2.42,   -2.73,   -2.87,   -3.91,   -4.09,   -1.61,   -3.59,   -1.77,   -2.76,   -2.96,   -4.54,   -3.33,   -3.38,   -4.67,   -3.00,   -0.51
202402,    4.68,    6.59,    5.80,    4.04,    6.57,    5.83,    7.36,    3.14,    4.39,    5.68,    7.57,    6.65,    5.11,    7.46,    7.28,    3.20,    3.08,    1.70,    6.51
202403,    2.04,    1.42,    3.02,    3.28,    0.78,    2.66,    2.88,    2.96,    3.70,    0.45,    1.15,    3.06,    2.32,    2.20,    3.51,    4.01,    2.12,    3.85,    3.58
202404,   -9.63,   -6.57,   -7.77,   -7.02,   -6.46,   -7.26,   -8.08,   -6.84,   -7.22,   -5.85,   -7.14,   -6.87,   -7.60,   -9.04,   -7.20,   -7.30,   -6.46,   -6.96,   -7.43
202405,    3.40,    3.45,    4.01,    6.63,    2.54,    4.47,    4.45,    3.76,    7.67,    3.00,    2.03,    5.74,    3.36,    5.26,    3.70,    3.74,    3.77,    4.75,    9.99
202406,   -1.26,   -1.81,   -3.73,   -3.63,   -1.23,   -3.49,   -3.88,   -2.54,   -4.31,   -0.53,   -2.01,   -3.27,   -3.69,   -2.41,   -5.22,   -3.45,   -1.82,   -1.44,   -6.60
202407,    2.00,    5.37,    8.55,    9.44,    4.35,    7.08,    9.32,   10.92,    8.48,    3.72,    5.06,    7.59,    6.62,    9.23,    9.40,    9.10,   12.59,   10.03,    7.49
202408,   -7.40,   -1.31,   -1.62,   -3.29,   -1.06,   -2.17,   -1.79,   -1.95,   -3.22,   -1.44,   -0.64,   -1.84,   -2.47,   -2.43,   -1.24,   -0.22,   -3.54,   -3.02,   -3.34
202409,   -3.20,    1.38,    0.36,    0.29,    1.69,    0.48,    1.20,   -0.61,    0.34,    1.56,    1.84,    0.71,    0.26,    1.77,    0.70,   -1.39,    0.10,    0.11,    0.49
202410,   -1.44,    0.10,   -0.20,   -0.54,    0.15,   -0.35,   -0.39,    0.11,   -0.56,   -0.20,    0.55,   -0.01,   -0.67,   -1.75,    0.82,    0.76,   -0.49,    0.63,   -1.32
202411,   11.90,    9.26,    8.55,    9.33,    8.54,    9.06,    7.58,   10.30,    9.51,    7.87,    9.28,   10.82,    7.44,    7.49,    7.66,   11.97,    8.76,   11.38,    8.29
202412,   -1.38,   -4.29,   -5.74,   -1.79,   -2.89,   -5.22,   -6.91,   -6.32,   -0.30,   -1.41,   -4.53,   -7.37,   -3.24,   -7.53,   -6.36,   -6.06,   -6.55,   -0.61,   -0.10
202501,   -2.11,    3.08,    2.41,    0.76,    3.83,    2.10,    3.05,    0.94,    0.62,    3.26,    4.46,    1.42,    2.71,    3.79,    2.39,    0.64,    1.21,    2.17,   -0.39
202502,   -8.88,   -6.17,   -6.06,   -4.51,   -6.49,   -6.71,   -5.64,   -5.17,   -4.21,   -6.95,   -5.99,   -5.45,   -7.87,   -4.73,   -6.45,   -4.87,   -5.45,   -2.47,   -5.35
202503,  -11.49,   -8.47,   -8.00,   -8.93,   -8.56,   -8.02,   -7.99,   -8.74,   -8.87,   -9.14,   -7.91,   -8.28,   -7.78,   -8.17,   -7.82,   -8.27,   -9.16,   -6.83,  -10.20
202504,    0.02,    0.21,   -0.39,   -2.18,   -0.28,   -0.30,    0.76,   -2.23,   -1.90,    0.60,   -1.24,    1.30,   -1.76,   -1.15,    2.48,   -1.30,   -3.07,   -3.34,   -0.96
202505,    6.21,    5.78,    4.07,    7.31,    6.24,    3.88,    4.84,    7.12,    6.34,    7.23,    5.16,    4.77,    3.07,    3.34,    6.16,    3.56,   10.32,    5.53,    6.87
202506,    4.12,    6.46,    5.31,    5.38,    4.97,    6.98,    6.39,    4.58,    5.46,    3.97,    6.06,    9.75,    4.43,    6.40,    6.39,    3.98,    5.13,    5.82,    5.21
202507,    3.51,    3.14,    2.67,    3.54,    3.01,    3.06,    2.67,    2.69,    3.75,    1.90,    4.23,    3.48,    2.72,    3.14,    2.16,    2.60,    2.79,    2.69,    4.53
202508,    6.50,    4.45,    7.59,    7.16,    4.42,    5.93,    7.60,    7.86,    7.05,    3.88,    5.01,    4.53,    7.05,    7.43,    7.79,    8.18,    7.53,    8.00,    6.36
202509,    6.02,    1.93,    2.58,    3.00,    2.44,    1.87,    2.99,    1.20,    3.60,    3.27,    1.55,    0.62,    2.86,    4.28,    1.59,    1.42,    0.98,    1.91,    4.86
202510,   -2.66,    1.51,    0.76,   -0.71,    1.29,    1.79,    1.11,   -0.04,   -1.16,    1.49,    1.06,    2.09,    1.56,   -0.57,    2.93,   -0.87,    0.83,   -0.63,   -1.56
202511,   -6.45,   -1.98,    0.53,    0.39,   -2.97,    0.36,    0.15,    1.50,    0.12,   -4.37,   -1.43,    0.57,    0.20,    0.48,   -0.20,    1.67,    1.32,    1.79,   -1.14
202512,   -7.12,   -1.30,   -0.86,   -0.95,   -1.83,   -0.07,   -1.62,    0.37,   -1.50,   -1.97,   -1.69,    0.05,   -0.17,   -1.76,   -1.47,   -0.16,    0.92,   -0.70,   -2.10
202601,   -0.11,    2.14,    4.86,    5.56,    1.43,    3.28,    5.52,    5.77,    5.58,    0.25,    2.73,    3.94,    2.74,    6.41,    4.54,    6.03,    5.50,    5.73,    5.47
202602,   -2.27,   -0.90,   -0.13,   -0.35,   -2.09,    0.48,   -0.38,    0.90,   -0.62,   -3.61,   -0.43,    2.14,   -0.88,   -0.33,   -0.44,    1.24,    0.54,   -0.83,   -0.46
202603,   -7.00,   -5.72,   -4.95,   -2.29,   -5.38,   -5.89,   -5.12,   -3.51,   -2.16,   -4.87,   -5.94,   -6.59,   -5.31,   -5.42,   -4.81,   -4.23,   -2.75,   -1.50,   -2.66
202604,    9.87,    8.28,    8.89,    8.73,    8.22,    8.83,    8.61,    7.96,    9.33,    7.01,    9.54,    8.43,    9.16,    8.97,    8.22,    9.13,    6.74,    8.41,   10.02
202605,    6.00,    4.87,    3.35,    4.74,    5.61,    2.67,    3.71,    3.26,    5.33,    7.53,    3.50,    2.99,    2.42,    5.14,    2.21,    3.73,    2.77,    2.34,    7.58
202606,   -2.83,    1.63,    7.13,    2.11,    1.13,    9.08,    4.44,    3.88,    1.71,    0.60,    1.71,    2.89,   14.11,    5.33,    3.50,    4.26,    3.47,    3.49,    0.37


  Value Weight Returns -- Annual from January to December
,<= 0,Lo 30,Med 40,Hi 30,Lo 20,Qnt 2,Qnt 3,Qnt 4,Hi 20,Lo 10,2-Dec,3-Dec,4-Dec,5-Dec,6-Dec,7-Dec,8-Dec,9-Dec,Hi 10
  1927,   13.99,   43.94,   23.41,   32.27,   44.63,   31.20,   23.12,   26.81,   40.54,   57.72,   25.17,   43.03,   20.19,   20.31,   26.03,   28.38,   24.65,   38.09,   48.19
  1928,   88.57,   45.83,   31.63,   34.51,   48.46,   38.11,   34.77,   22.71,   35.57,   48.78,   49.65,   39.66,   37.22,   46.85,   25.79,   14.90,   33.26,   37.30,   26.80
  1929,  -53.50,  -19.64,   -1.45,   -9.65,  -21.40,   -9.99,   -2.47,   -3.39,  -11.43,  -26.93,   -7.20,  -13.98,   -6.65,   -0.44,   -1.61,    0.07,   -8.33,   -8.19,  -25.44
  1930,  -73.70,  -26.24,  -29.11,  -44.13,  -26.06,  -27.01,  -27.98,  -39.24,  -52.93,  -29.02,  -20.67,  -26.77,  -27.77,  -25.37,  -35.25,  -38.43,  -41.17,  -52.78,  -56.66
  1931,  -74.64,  -36.07,  -59.88,  -54.69,  -35.23,  -44.98,  -62.81,  -59.63,  -51.20,  -35.93,  -34.00,  -38.05,  -53.94,  -60.94,  -63.16,  -62.77,  -55.42,  -50.16,  -54.99
  1932,   10.66,   -6.91,  -17.04,    1.46,  -11.01,   -1.25,  -14.61,  -10.05,   20.54,  -14.59,   -4.75,   10.69,  -19.86,  -10.47,  -20.19,  -10.03,   -9.31,   25.36,    3.00
  1933,   76.13,   44.19,   90.14,  125.03,   39.25,   71.60,   83.98,  106.99,  129.77,   45.60,   28.04,   63.47,  100.92,   80.80,   87.53,   94.09,  125.43,  118.44,  149.36
  1934,   -0.01,    8.75,   -1.10,  -14.56,   10.99,    3.63,   -3.68,  -10.94,  -22.26,   13.02,   11.75,    3.06,    6.08,   -8.07,    4.03,  -14.38,   -8.08,  -26.19,  -12.30
  1935,   52.70,   43.51,   48.37,   50.22,   44.08,   45.62,   45.79,   38.68,   46.40,   36.18,   55.48,   40.19,   49.81,   35.38,   65.36,   33.96,   51.07,   52.54,   34.43
  1936,   80.67,   26.50,   38.21,   50.09,   27.47,   25.46,   36.85,   58.65,   41.35,   23.97,   29.50,   20.13,   27.36,   29.03,   54.04,   59.39,   59.27,   38.97,   47.84
  1937,  -48.96,  -34.97,  -31.71,  -42.28,  -34.00,  -37.81,  -29.47,  -37.73,  -41.32,  -32.52,  -36.11,  -38.46,  -37.30,  -36.55,  -22.22,  -33.20,  -41.78,  -35.58,  -57.08
  1938,  -17.12,   33.90,   21.73,   27.34,   35.61,   28.56,   18.46,   26.76,   27.22,   30.19,   43.14,   30.52,   26.11,   27.37,   10.43,   25.42,   28.21,   28.29,   23.85
  1939,  -44.14,    7.78,   -4.13,  -11.60,    5.08,    4.25,   -1.26,   -6.60,  -13.96,    6.55,    2.81,   13.80,   -6.61,   -0.05,   -3.01,   -4.84,   -9.82,  -10.38,  -20.98
  1940,  -35.60,  -10.09,   -3.22,   -5.61,   -9.87,   -5.58,   -4.44,   -3.75,   -9.44,   -9.29,  -10.13,  -11.18,   -1.77,   -5.24,   -1.03,   -4.67,   -1.03,    0.43,  -26.24
  1941,   -5.67,  -14.03,   -4.25,   -3.77,  -12.29,  -14.07,   -1.71,   -6.44,   -0.52,  -12.48,  -11.83,  -17.84,   -6.81,   -3.09,   -5.29,   -4.85,   -5.75,    1.01,    0.76
  1942,    9.02,   14.31,   16.56,   34.41,   16.55,   12.19,   14.29,   26.27,   39.26,   14.45,   21.71,    9.07,   17.25,   16.80,   12.90,   20.90,   31.67,   27.22,   51.21
  1943,   42.33,   21.15,   35.17,   51.03,   18.00,   28.87,   38.64,   39.35,   63.15,   14.42,   25.19,   27.89,   29.40,   41.91,   33.84,   38.63,   40.86,   64.18,   61.61
  1944,    3.63,   16.15,   23.86,   41.48,   16.91,   16.64,   24.37,   29.88,   56.67,   15.97,   19.49,   14.87,   20.71,   24.16,   24.76,   30.72,   29.04,   50.08,   69.37
  1945,  -99.99,   33.42,   40.31,   52.63,   33.53,   34.31,   40.44,   48.85,   54.92,   30.73,   40.66,   32.25,   36.54,   41.14,   39.35,   49.09,   48.36,   49.09,   66.51
  1946,  -46.69,   -9.75,   -1.78,   -7.51,   -9.60,   -6.78,   -2.23,   -0.28,  -10.91,   -8.87,  -10.69,   -9.95,   -3.82,   -4.95,   -2.27,    0.09,   -0.72,   -5.38,  -18.44
  1947,   17.74,    2.73,    3.78,    8.30,    3.05,    3.75,   -0.73,    8.73,    7.12,   -0.60,    7.04,    1.33,    5.35,    2.42,   -2.25,    7.65,   10.66,   10.47,    1.84
  1948,   18.62,    2.77,    0.89,    3.75,    2.39,    1.59,    4.03,   -4.54,    4.23,    2.84,    1.87,    4.62,   -0.60,    5.20,    0.75,   -8.68,    0.55,    5.50,    2.38
  1949,   80.60,   23.34,   16.43,   18.23,   26.05,   13.47,   18.97,   19.15,   17.81,   27.39,   24.24,   15.93,   12.09,   16.45,   22.89,   17.54,   20.51,   14.37,   20.03
  1950,   64.29,   23.46,   31.24,   55.88,   25.03,   21.09,   36.16,   46.42,   55.43,   24.04,   26.42,   18.90,   22.83,   33.61,   38.61,   40.24,   50.58,   50.75,   63.81
  1951,  -39.13,   20.33,   24.15,   13.44,   20.62,   19.16,   29.40,   17.79,   12.75,   21.17,   20.04,   18.87,   20.23,   30.80,   24.97,   19.99,   14.77,   16.63,    7.93
  1952,  -10.05,   12.90,   13.50,   17.46,   14.01,   13.35,   11.85,   12.87,   20.39,   14.53,   12.42,   10.35,   18.23,   11.29,   11.48,   11.84,   13.91,    7.91,   32.23
  1953,  -42.86,    2.35,    0.01,   -6.64,    3.15,    0.20,    0.29,   -4.25,  -10.75,    3.79,    1.68,    0.16,   -0.43,    1.45,   -1.20,   -7.38,   -1.81,   -7.10,  -13.82
  1954,   79.11,   47.47,   49.81,   74.86,   47.89,   43.86,   59.54,   69.45,   68.09,   51.91,   38.33,   46.41,   41.59,   60.38,   59.19,   56.33,   82.68,   65.20,   70.17
  1955,  -21.13,   28.50,   19.86,   28.49,   28.66,   24.54,   21.92,   28.06,   21.40,   32.15,   19.61,   27.32,   17.50,   22.46,   21.70,   19.14,   36.38,   24.33,   18.62
  1956,   15.95,    7.13,   12.44,    3.98,    5.78,   11.48,   14.04,   10.35,    1.42,    4.41,    7.75,   12.49,    8.18,   24.50,    6.72,   12.34,    7.18,    4.09,   -0.77
  1957,  -27.05,   -8.82,   -9.30,  -20.96,   -8.95,  -10.03,   -6.25,  -20.67,  -20.99,  -10.54,   -5.93,   -8.86,  -10.81,   -8.79,   -4.21,  -20.84,  -20.34,  -16.22,  -25.84
  1958,   29.75,   41.66,   46.28,   72.92,   41.58,   41.10,   50.47,   50.53,   77.00,   45.22,   37.80,   41.00,   41.26,   59.26,   37.25,   38.37,   67.44,   75.97,   77.87
  1959,   72.30,   13.05,   11.30,   18.38,   16.18,    7.14,   11.32,   11.66,   17.63,   23.22,    6.61,    2.99,   13.68,   11.18,   11.96,    5.20,   19.41,   14.50,   20.58
  1960,    2.67,   -2.60,    8.80,   -7.47,   -1.83,   -1.29,   13.77,   -3.77,   -9.73,   -3.86,    3.79,   -4.40,    3.20,   17.34,    0.73,   -3.11,   -4.65,   -5.46,  -17.31
  1961,    9.68,   26.23,   27.09,   29.76,   23.56,   30.99,   26.75,   28.84,   29.03,   22.92,   24.95,   30.94,   28.91,   25.20,   29.74,   26.99,   30.32,   23.83,   32.46
  1962,  -99.99,  -11.08,   -6.18,   -4.49,  -15.06,   -7.43,   -3.63,   -8.64,   -5.08,  -16.95,   -7.08,   -6.07,   -8.89,  -10.25,    1.86,  -12.38,   -4.54,   -5.78,   -3.95
  1963,    6.38,   21.58,   17.18,   31.62,   21.46,   17.52,   18.91,   27.06,   32.31,   19.19,   25.01,   22.18,   13.15,   15.18,   22.64,   24.69,   29.78,   29.02,   35.98
  1964,   16.72,   14.28,   20.37,   19.68,   16.12,   13.38,   20.54,   21.15,   19.84,   14.31,   19.62,   10.57,   19.26,   23.05,   17.72,   22.30,   19.70,   18.91,   22.67
  1965,  219.38,   13.99,   11.52,   26.33,   16.98,    4.40,   16.83,   22.17,   27.77,   20.02,    9.74,    5.80,    4.83,   12.13,   21.74,   21.74,   22.47,   23.07,   36.45
  1966,  -21.56,  -10.65,   -5.65,   -9.64,  -10.47,  -10.60,   -3.55,   -3.53,  -11.57,  -10.35,  -10.84,  -11.17,   -9.90,   -9.89,    2.72,   -1.46,   -6.72,   -9.49,  -13.24
  1967,  141.02,   30.86,   19.08,   41.12,   33.02,   23.10,   14.51,   37.66,   39.50,   38.83,   21.86,   22.92,   22.93,   12.89,   16.12,   33.44,   44.25,   44.28,   35.15
  1968,   10.89,    5.56,   18.05,   31.32,    5.14,    9.17,   19.45,   25.22,   32.92,    1.91,   10.95,    7.65,   11.89,   13.93,   25.68,   22.69,   31.45,   37.69,   28.60
  1969,  -39.81,    0.05,  -17.53,  -17.91,    3.13,  -13.02,  -13.60,  -18.54,  -21.02,    6.86,   -5.27,   -8.59,  -20.30,  -11.72,  -15.61,  -23.85,  -15.82,  -17.84,  -25.56
  1970,  -14.76,   -6.78,    6.73,   10.16,  -11.11,    2.62,    4.92,   13.67,    9.24,  -13.23,   -6.51,    7.26,   -4.26,    6.26,    3.31,   14.75,   12.11,   10.54,    7.58
  1971,   11.61,   24.60,    6.96,   13.85,   24.98,   13.97,    8.67,    5.93,   18.65,   24.81,   25.39,   22.17,    8.79,   11.60,    4.85,    4.39,    8.82,   17.80,   19.13
  1972,   11.76,   20.60,   10.55,   16.99,   22.35,    8.58,   10.69,   17.30,    9.86,   26.58,   15.29,   10.87,    6.90,    6.69,   13.87,   13.65,   19.50,   11.49,    8.19
  1973,  -23.83,  -22.58,  -11.58,   -8.24,  -21.69,  -21.12,  -11.60,   -9.07,  -10.56,  -21.97,  -22.06,  -26.41,  -13.17,  -19.27,   -6.91,  -10.12,  -10.22,  -15.02,   -4.43
  1974,  -44.67,  -29.46,  -23.52,  -23.01,  -31.19,  -24.34,  -21.54,  -22.03,  -24.76,  -33.35,  -25.04,  -20.92,  -28.40,  -21.97,  -21.28,  -22.05,  -21.05,  -25.87,  -23.89
  1975,   41.23,   35.44,   43.35,   54.94,   32.78,   49.27,   34.89,   55.44,   49.04,   31.38,   35.96,   45.63,   55.73,   32.00,   42.48,   50.07,   62.05,   49.98,   48.42
  1976,   73.33,   18.16,   41.60,   50.18,   14.14,   34.82,   43.00,   43.26,   56.11,   11.16,   21.12,   32.79,   38.39,   44.00,   41.75,   43.50,   43.36,   52.80,   61.78
  1977,   22.07,   -8.22,    1.08,    8.45,   -9.05,   -4.54,    2.54,    4.32,   10.66,   -9.84,   -6.94,   -5.94,   -2.61,    2.48,    2.84,    2.94,    6.27,   12.30,    8.14
  1978,    7.33,    7.61,    8.46,    9.81,    7.59,    5.82,   11.37,    7.45,   12.32,   10.98,    2.37,    7.80,    3.95,   13.74,    9.15,    7.69,    7.03,   11.99,   12.52
  1979,   50.31,   19.60,   24.90,   26.17,   16.19,   32.23,   23.38,   22.18,   28.42,   10.95,   24.90,   30.63,   33.92,   23.34,   23.24,   22.58,   23.30,   26.55,   32.31
  1980,   12.82,   36.87,   36.41,   17.26,   39.34,   38.53,   38.32,   19.14,   17.97,   41.59,   36.00,   32.94,   46.90,   43.13,   32.54,   20.69,   17.62,   18.91,   15.59
  1981,   23.28,   -7.96,   -5.09,   14.79,   -8.46,   -5.98,   -9.84,    8.50,   17.54,  -14.49,   -1.86,   -6.78,   -4.88,  -15.63,   -0.87,    6.69,   10.52,   19.13,   11.52
  1982,  118.25,   21.86,   19.39,   29.18,   21.22,   17.94,   21.15,   25.25,   32.60,   11.18,   29.86,   22.83,   11.85,   19.07,   24.04,   24.45,   26.51,   28.51,   42.03
  1983,   48.50,   15.33,   27.22,   29.95,   16.35,   18.95,   27.12,   26.72,   33.59,   14.21,   20.84,   12.90,   27.52,   26.61,   27.26,   26.88,   26.61,   28.95,   43.66
  1984,  -12.50,   -2.98,    5.25,   14.99,   -4.38,    4.63,    3.81,    7.54,   18.75,   -7.66,    0.89,    1.56,    8.89,   -1.87,    9.47,    5.06,    9.43,   16.39,   22.68
  1985,   24.91,   32.20,   32.66,   31.56,   31.09,   35.48,   33.32,   29.91,   32.79,   28.92,   34.24,   35.92,   35.38,   39.23,   28.74,   30.76,   29.36,   35.27,   28.85
  1986,   10.37,   13.03,   18.66,   20.90,   11.94,   18.74,   15.39,   18.81,   23.85,    9.10,   14.89,   16.47,   22.12,   13.03,   18.11,   21.65,   15.17,   26.77,   18.61
  1987,   -6.85,    4.94,    2.08,   -2.53,    5.46,    1.35,   -0.10,    2.28,   -0.98,    1.71,    9.37,    3.33,   -0.14,   -0.55,    0.52,    8.36,   -5.43,   -2.50,    1.35
  1988,   13.42,   12.02,   20.14,   26.08,   10.72,   18.74,   17.64,   22.42,   28.80,    9.84,   11.66,   15.88,   21.32,   17.61,   17.79,   23.46,   20.44,   27.05,   31.37
  1989,   33.27,   34.11,   24.60,   28.25,   33.72,   23.89,   28.56,   29.95,   28.18,   36.05,   30.43,   35.10,   12.81,   27.91,   29.29,   31.63,   28.36,   28.66,   26.72
  1990,  -28.06,   -0.86,   -6.43,  -15.43,    2.61,   -4.26,   -6.53,  -15.25,  -17.33,    6.02,   -2.49,   -8.48,    1.82,   -2.28,  -11.62,  -17.72,  -12.31,  -10.05,  -29.20
  1991,   45.13,   43.78,   24.43,   29.34,   49.58,   25.23,   22.48,   35.03,   29.40,   58.09,   31.39,   27.14,   22.96,   20.55,   24.94,   40.77,   29.40,   31.37,   26.63
  1992,    8.64,    6.26,   10.78,   25.93,    3.03,   16.25,    8.41,   18.70,   31.30,   -1.08,   14.61,   17.32,   14.50,   12.18,    4.21,   16.50,   21.08,   26.16,   42.38
  1993,   39.50,    2.08,   17.86,   20.75,   -1.71,   15.39,   17.94,   16.89,   25.36,   -4.75,    4.89,   14.22,   17.62,   16.32,   20.05,   18.44,   15.07,   21.51,   29.75
  1994,   -8.37,    0.62,    2.57,   -6.54,    0.98,   -0.11,    3.27,   -3.89,   -3.96,   -0.22,    2.83,   -2.44,    2.87,   -1.72,    7.05,    0.84,   -9.37,   -3.92,   -3.96
  1995,   24.50,   36.44,   35.49,   42.94,   38.25,   31.82,   37.31,   34.60,   46.27,   38.33,   38.06,   29.69,   34.02,   33.58,   41.23,   29.20,   39.71,   47.02,   45.08
  1996,    8.21,   20.74,   23.35,   23.32,   20.71,   22.50,   23.87,   23.00,   23.63,   19.63,   22.23,   20.82,   23.57,   23.36,   25.21,   23.19,   22.86,   23.37,   24.21
  1997,   23.01,   30.35,   31.95,   37.83,   29.76,   29.19,   35.48,   36.57,   34.23,   28.86,   31.46,   30.61,   27.09,   37.15,   33.28,   31.97,   42.38,   35.34,   32.16
  1998,   21.90,   36.20,    6.94,   12.96,   41.60,    9.35,    7.39,   14.96,   10.41,   41.96,   41.60,   15.66,    2.62,    5.32,   10.62,   14.15,   16.05,    6.55,   15.81
  1999,   43.29,   27.07,    8.23,    6.62,   27.99,   19.10,    3.47,    2.24,    5.93,   29.99,   20.65,   21.62,   16.40,    4.51,    2.06,    1.22,    7.90,    2.58,   12.58
  2000,  -34.89,  -13.21,   11.87,   28.96,  -14.55,    3.91,   10.24,   27.66,   21.45,  -20.89,    1.47,    0.32,   10.84,    1.24,   30.48,   22.57,   37.52,   27.28,   10.43
  2001,  -12.11,  -14.11,    1.90,    6.76,  -15.65,   -2.32,    5.95,   -1.82,   16.26,  -17.49,  -11.65,   -1.86,   -2.44,    8.56,    1.22,   -1.60,   -1.86,   15.15,   18.63
  2002,  -12.20,  -23.48,  -13.54,  -21.46,  -24.23,  -16.70,  -11.27,  -13.12,  -29.00,  -24.79,  -23.68,  -16.08,  -17.75,   -4.00,  -19.80,  -12.61,  -13.71,  -33.14,  -13.35
  2003,   63.98,   28.04,   35.67,   35.90,   25.22,   38.20,   37.25,   31.14,   44.78,   22.72,   29.63,   41.45,   34.82,   37.08,   38.18,   32.93,   29.24,   40.60,   56.92
  2004,   14.88,    8.61,   14.44,   20.07,    8.08,   11.31,   17.56,   14.55,   25.44,    6.52,   10.17,   11.08,   11.88,   18.58,   16.61,   14.40,   15.80,   25.95,   24.60
  2005,    4.70,    4.37,    6.66,   13.36,    3.45,    5.07,    9.62,    9.75,   15.14,    2.83,    4.12,    8.10,    1.83,    7.22,   11.86,    8.28,   11.43,   15.35,   14.52
  2006,   22.99,   10.99,   19.40,   21.63,    9.00,   16.80,   20.02,   20.35,   23.17,    9.33,    8.70,   16.77,   16.67,   16.55,   23.30,   20.70,   19.92,   23.61,   21.27
  2007,   -8.47,   12.31,    1.71,   -3.32,   13.68,   10.25,    0.86,   -4.69,   -4.86,   14.96,   12.46,    8.45,   13.11,   -2.13,    5.30,   -8.24,   -0.68,   -5.25,    0.22
  2008,  -47.17,  -34.29,  -39.37,  -37.29,  -34.76,  -34.62,  -34.66,  -48.31,  -35.52,  -40.80,  -28.67,  -33.40,  -36.90,  -30.60,  -39.39,  -57.16,  -39.09,  -30.27,  -47.66
  2009,   48.18,   30.58,   25.93,   21.28,   33.56,   24.94,   24.47,   20.46,   30.33,   42.39,   26.07,   24.53,   25.81,   23.86,   25.23,   30.84,   12.55,   32.53,   24.35
  2010,   44.14,   15.70,   22.09,   10.45,   16.83,   16.65,   22.17,   14.87,   12.43,   16.93,   16.57,   11.91,   22.69,   19.76,   23.85,   22.14,    8.08,   12.80,   13.19
  2011,   -8.88,    3.67,    3.91,  -10.02,    2.46,    5.79,    4.45,    1.75,  -18.29,    7.51,   -4.01,    6.53,    5.84,    4.24,    4.65,    0.58,    3.04,   -6.73,  -31.73
  2012,    9.04,   15.29,   13.72,   27.51,   15.61,   14.47,   12.41,   20.35,   29.47,   17.13,   11.98,   14.84,   14.28,   11.90,   12.66,   15.76,   24.47,   17.40,   39.43
  2013,   45.32,   33.65,   34.09,   40.31,   34.47,   33.51,   33.22,   36.09,   43.53,   27.95,   41.44,   33.06,   33.59,   32.19,   35.01,   36.78,   34.55,   39.14,   46.32
  2014,   15.77,   13.20,   11.13,    9.88,   12.60,   12.97,   12.99,    7.54,   10.67,   10.04,   14.80,   14.26,   10.32,   13.80,   11.49,    6.66,    8.50,   14.06,    6.39
  2015,   -1.78,    3.99,   -0.51,   -8.12,    6.02,    1.41,   -1.49,   -5.76,   -8.65,   12.35,   -1.49,    1.67,    1.95,   -6.64,    3.43,   -3.24,   -7.78,   -8.22,   -9.26
  2016,    9.40,    9.03,   14.05,   27.32,    6.41,   11.03,   21.17,   20.40,   24.49,    3.00,   11.11,   15.97,    5.96,   18.99,   23.06,   13.16,   28.75,   24.08,   27.93
  2017,   23.39,   29.13,   15.42,   17.09,   31.55,   20.20,   16.96,   13.67,   16.25,   27.89,   36.18,   23.03,   17.25,   26.18,    7.35,    6.73,   18.70,   15.37,   18.18
  2018,   -6.86,   -0.26,   -7.45,  -14.49,    0.68,   -2.09,   -9.19,  -11.63,  -18.49,    3.52,   -2.82,   -2.22,   -1.90,   -7.77,  -10.53,  -11.36,  -11.66,  -16.61,  -21.83
  2019,   29.92,   33.74,   27.78,   25.90,   36.80,   26.62,   30.37,   22.32,   27.22,   34.27,   40.63,   24.76,   30.08,   28.69,   32.88,   20.12,   26.19,   30.37,   20.30
  2020,   21.37,   36.62,    1.97,   -2.66,   42.00,   19.65,    7.92,   -9.96,   -2.42,   48.23,   31.83,   21.27,   14.78,    7.35,    8.54,  -16.31,   -1.77,    1.19,  -10.93
  2021,   25.58,   24.80,   20.56,   38.03,   23.42,   25.60,   20.68,   31.73,   40.93,   23.74,   21.91,   29.81,   17.52,   12.97,   31.66,   25.59,   36.76,   39.91,   44.61
  2022,  -15.92,  -25.77,   -9.24,    3.15,  -27.61,  -16.04,  -12.49,    3.64,   -1.54,  -29.58,  -21.18,  -19.23,   -8.25,  -10.06,  -14.39,   -2.51,    8.40,   -0.48,   -4.17
  2023,   15.76,   37.37,   11.76,   13.34,   41.53,   17.71,   15.12,    9.56,   15.65,   47.79,   24.09,   23.68,    4.99,   12.28,   17.19,   11.28,    9.52,   18.79,    6.73
  2024,   18.27,   29.52,   15.39,   18.55,   29.41,   22.20,   13.54,   21.32,   21.33,   34.70,   18.87,   30.25,    8.11,   24.95,    2.37,   23.98,   14.04,   21.83,   19.64
  2025,   14.99,   17.86,   13.15,   29.67,   17.29,   14.61,   16.27,   19.62,   33.65,   17.82,   15.70,   19.90,    6.26,   11.11,   19.70,   16.06,   26.51,   23.35,   39.68


  Equal Weight Returns -- Annual from January to December
,<= 0,Lo 30,Med 40,Hi 30,Lo 20,Qnt 2,Qnt 3,Qnt 4,Hi 20,Lo 10,2-Dec,3-Dec,4-Dec,5-Dec,6-Dec,7-Dec,8-Dec,9-Dec,Hi 10
  1927,   50.99,   33.77,   26.76,   34.22,   34.27,   32.40,   25.46,   26.44,   36.73,   43.13,   26.00,   32.64,   32.06,   28.44,   22.48,   23.85,   29.05,   38.77,   34.33
  1928,   88.57,   39.93,   38.68,   45.33,   40.57,   43.14,   35.61,   29.75,   56.90,   42.44,   38.39,   38.60,   47.55,   41.48,   29.87,   35.96,   23.73,   51.06,   61.98
  1929,  -39.66,  -32.25,  -26.27,  -35.16,  -32.63,  -31.34,  -25.20,  -27.76,  -36.86,  -32.76,  -32.69,  -31.61,  -31.10,  -19.46,  -30.50,  -23.69,  -31.82,  -35.51,  -38.35
  1930,  -69.42,  -33.43,  -35.51,  -43.26,  -33.48,  -31.97,  -36.62,  -40.90,  -43.36,  -35.63,  -31.43,  -33.56,  -30.47,  -36.44,  -36.89,  -38.39,  -43.40,  -44.13,  -42.93
  1931,  -46.23,  -40.15,  -49.82,  -43.98,  -39.31,  -43.57,  -51.06,  -50.07,  -41.58,  -37.38,  -41.24,  -41.88,  -45.36,  -52.47,  -49.65,  -51.80,  -48.61,  -41.59,  -42.26
  1932,   81.10,   -7.79,   -0.47,   33.83,   -7.32,   -9.67,   -2.85,   13.96,   46.32,   -8.28,   -6.48,   -8.89,  -11.20,   -4.41,   -1.68,   15.47,   10.80,   35.69,   56.99
  1933,  225.87,   74.25,  140.55,  209.73,   66.00,  123.69,  125.07,  179.69,  209.46,   56.48,   75.51,   91.46,  157.87,  115.90,  133.90,  152.34,  207.13,  213.74,  201.50
  1934,   11.97,   22.37,   21.72,   10.98,   22.25,   24.92,   19.50,   18.11,    7.98,   22.62,   21.71,   22.50,   27.24,   12.50,   26.76,   19.86,   16.08,   -2.25,   18.27
  1935,   94.07,   40.04,   61.07,   69.89,   39.09,   48.26,   66.68,   67.82,   63.55,   39.43,   38.59,   41.68,   55.01,   72.33,   60.61,   54.88,   81.22,   68.67,   55.62
  1936,   76.69,   31.31,   48.81,   78.19,   30.65,   34.12,   49.96,   68.47,   78.54,   29.79,   31.36,   32.55,   35.58,   49.12,   50.76,   60.43,   76.52,   65.77,   89.55
  1937,  -52.51,  -43.11,  -45.81,  -49.72,  -41.94,  -46.03,  -45.26,  -46.10,  -51.56,  -41.42,  -42.48,  -45.46,  -46.61,  -45.61,  -45.03,  -46.19,  -46.07,  -43.66,  -58.48
  1938,  -37.59,   43.72,   43.83,   24.05,   43.33,   45.73,   44.50,   36.46,   19.41,   44.72,   41.87,   44.46,   46.95,   47.00,   41.96,   39.23,   33.52,   33.00,    6.10
  1939,  -32.09,    6.44,    1.39,    3.29,    7.31,    2.24,    2.11,   -3.56,    7.52,   14.00,    0.81,    4.64,   -0.12,    4.48,   -0.31,    1.20,   -8.17,   -0.35,   10.83
  1940,  -47.95,   -8.06,   -3.40,  -10.32,   -7.57,   -5.22,   -5.50,   -2.71,  -13.44,   -8.02,   -7.21,   -9.08,   -1.27,   -2.28,   -8.70,   -1.41,   -4.10,   -1.21,  -24.48
  1941,   -0.96,  -13.62,  -11.10,    1.28,  -12.27,  -14.25,  -11.97,   -6.52,    4.19,  -11.24,  -13.29,  -16.29,  -12.19,  -12.24,  -11.72,   -8.26,   -4.81,    0.95,    6.78
  1942,  171.21,   19.32,   27.77,   51.52,   19.09,   23.34,   25.52,   32.27,   61.89,   15.42,   22.72,   19.70,   27.07,   24.14,   26.89,   32.85,   31.58,   41.25,   82.42
  1943,  135.97,   29.21,   49.88,  111.07,   26.19,   39.17,   50.09,   66.94,  127.95,   19.62,   33.12,   35.37,   43.11,   45.55,   54.77,   56.20,   78.29,  105.72,  149.07
  1944,   40.64,   26.60,   40.83,   59.75,   23.99,   34.09,   37.50,   46.03,   70.68,   20.40,   27.71,   31.96,   36.17,   34.88,   40.14,   52.69,   39.62,   60.13,   81.69
  1945,  -99.99,   51.10,   63.50,   72.61,   52.06,   54.05,   60.78,   68.61,   77.18,   47.04,   57.15,   49.18,   58.98,   60.83,   60.65,   73.64,   63.63,   76.63,   77.46
  1946,  -46.69,  -11.62,   -5.89,  -10.21,  -12.63,   -6.78,   -5.84,   -7.52,  -11.81,  -13.25,  -12.04,   -9.58,   -3.94,   -6.91,   -4.79,   -7.93,   -7.12,   -4.10,  -19.16
  1947,   17.74,   -3.87,   -0.59,    6.19,   -4.60,   -0.62,   -0.54,    0.88,    7.07,   -8.18,   -0.91,   -2.42,    1.21,   -0.50,   -0.60,   -2.51,    4.39,    7.85,    6.13
  1948,   26.45,   -3.34,   -4.79,    0.13,   -4.30,   -2.56,   -2.76,   -6.67,    1.89,   -4.04,   -4.58,   -1.43,   -3.70,   -0.83,   -4.71,   -9.82,   -3.43,   -1.19,    4.99
  1949,   79.72,   22.46,   21.16,   21.14,   22.30,   21.25,   21.94,   21.50,   20.65,   23.20,   21.38,   22.76,   19.73,   22.26,   21.57,   20.94,   22.03,   18.20,   23.07
  1950,   64.29,   21.12,   34.78,   57.77,   20.96,   22.86,   37.75,   41.22,   65.53,   20.93,   20.99,   21.39,   24.31,   33.45,   42.18,   39.56,   42.90,   53.72,   77.82
  1951,  -39.13,   20.04,   16.12,   11.03,   20.03,   20.63,   15.68,   13.07,    9.49,   19.62,   20.44,   20.02,   21.22,   16.89,   14.40,   11.95,   14.16,    8.08,   10.86
  1952,  -22.86,    8.67,   10.67,   10.55,    8.22,   11.85,    9.44,    8.48,   12.18,    5.82,   10.58,    9.56,   14.14,    9.45,    9.41,    9.67,    7.30,    6.86,   17.74
  1953,  -27.36,    1.33,   -1.89,   -7.93,    2.22,   -1.10,   -0.21,   -5.90,   -8.70,    2.19,    2.23,   -0.47,   -1.74,   -3.61,    3.30,   -5.42,   -6.38,   -7.23,  -10.18
  1954,   92.17,   42.96,   57.74,   68.57,   42.18,   48.72,   60.84,   63.10,   67.76,   45.96,   38.49,   44.53,   52.93,   60.88,   60.76,   56.33,   70.11,   66.01,   69.44
  1955,  -41.18,   19.82,   20.07,   23.33,   19.33,   19.82,   20.42,   20.69,   24.59,   23.51,   15.17,   20.79,   18.82,   18.23,   22.62,   20.56,   20.80,   23.37,   25.76
  1956,   -2.80,    7.42,    7.62,    4.76,    7.25,    7.14,    7.45,    8.24,    3.43,    7.87,    6.57,    7.74,    6.52,    7.24,    7.63,    9.04,    7.45,    2.55,    4.29
  1957,  -21.28,  -12.31,  -12.54,  -17.33,  -12.38,  -11.98,  -10.14,  -17.45,  -17.56,  -14.77,   -9.90,  -12.19,  -11.79,   -9.67,  -10.62,  -17.93,  -16.98,  -14.59,  -20.46
  1958,   28.80,   53.15,   55.50,   75.95,   53.80,   53.58,   54.06,   63.10,   80.08,   59.00,   48.75,   51.82,   55.31,   56.92,   51.17,   58.46,   67.84,   74.42,   85.73
  1959,   98.93,   12.70,   17.09,   17.21,   14.37,   13.86,   16.17,   18.68,   15.90,   18.99,    9.84,    9.25,   18.47,   17.10,   15.19,   17.44,   19.91,   18.82,   12.99
  1960,    2.67,    2.59,   -1.03,   -7.22,    3.03,    2.66,   -2.90,   -1.59,  -10.03,    2.06,    3.93,    1.67,    3.65,   -2.28,   -3.53,   -1.88,   -1.35,   -3.87,  -15.88
  1961,    9.68,   25.55,   32.03,   31.01,   23.19,   31.03,   30.24,   33.71,   30.81,   20.55,   25.76,   30.39,   31.62,   33.05,   27.47,   36.05,   31.33,   36.02,   25.48
  1962,  -99.99,  -16.96,  -12.35,   -7.86,  -19.67,  -10.84,  -12.89,  -11.25,   -7.27,  -25.69,  -13.43,  -11.42,  -10.28,  -12.56,  -13.26,  -13.39,   -9.09,   -6.38,   -8.32
  1963,    6.60,   12.02,   14.45,   26.86,   11.07,   11.43,   14.31,   20.29,   30.37,    8.64,   13.72,   13.89,    8.96,   12.97,   15.62,   20.38,   20.14,   28.82,   31.88
  1964,    8.05,   12.56,   20.35,   23.85,   11.30,   15.67,   23.53,   19.30,   25.90,   10.28,   12.83,   15.44,   15.90,   22.29,   24.73,   18.76,   19.78,   23.19,   28.46
  1965,  138.35,   26.60,   32.94,   45.30,   27.47,   28.50,   29.02,   39.61,   48.66,   29.94,   24.16,   24.60,   32.35,   27.45,   30.31,   40.85,   38.14,   48.81,   48.32
  1966,  -13.94,   -6.35,   -6.13,   -5.85,   -5.00,   -7.62,   -6.86,   -6.45,   -4.94,   -5.06,   -5.51,   -9.40,   -5.83,   -7.20,   -6.51,   -5.10,   -7.95,   -3.92,   -5.85
  1967,  259.26,   66.61,   67.36,   80.81,   70.04,   62.30,   62.48,   82.54,   78.06,   77.83,   61.17,   58.27,   66.34,   56.95,   68.26,   77.97,   86.75,   72.45,   83.41
  1968,   63.52,   27.16,   36.36,   57.78,   25.26,   33.60,   37.06,   44.74,   60.50,   26.54,   23.54,   32.08,   35.08,   31.39,   42.71,   36.20,   52.41,   56.82,   64.43
  1969,  -30.57,  -25.31,  -23.85,  -26.72,  -24.72,  -26.84,  -21.85,  -24.60,  -27.89,  -26.76,  -22.24,  -26.98,  -26.58,  -21.20,  -22.51,  -25.00,  -24.21,  -25.52,  -30.11
  1970,   -6.04,  -18.61,   -5.75,    2.25,  -21.24,  -12.14,   -5.99,    5.82,    0.62,  -23.91,  -17.69,  -10.53,  -13.74,   -5.02,   -6.98,    5.96,    5.55,    2.41,   -1.18
  1971,    0.06,   25.74,   17.84,   17.58,   25.98,   21.94,   18.26,   16.26,   18.42,   29.73,   22.36,   25.25,   18.47,   15.67,   21.03,   16.36,   16.18,   19.61,   17.34
  1972,    6.90,    4.12,    3.92,    8.24,    5.92,    0.67,    3.96,    6.17,    9.51,    9.80,    2.17,    0.61,    0.74,    1.08,    7.16,    7.52,    5.01,    8.62,   10.19
  1973,  -36.61,  -41.58,  -32.88,  -29.92,  -42.31,  -39.21,  -32.16,  -28.26,  -30.47,  -43.06,  -41.49,  -40.30,  -38.08,  -35.28,  -28.58,  -27.80,  -28.68,  -32.33,  -28.72
  1974,  -42.10,  -29.93,  -21.65,  -18.11,  -31.21,  -24.57,  -21.91,  -21.79,  -16.13,  -33.30,  -29.08,  -27.17,  -21.79,  -23.05,  -20.88,  -21.04,  -22.61,  -17.41,  -14.99
  1975,  108.95,   64.78,   68.09,   78.20,   61.73,   70.56,   65.88,   72.99,   79.02,   61.77,   61.24,   70.97,   69.96,   66.97,   64.70,   70.28,   75.61,   74.58,   83.10
  1976,   87.47,   34.40,   48.52,   63.89,   32.09,   41.15,   48.71,   57.64,   64.76,   25.62,   39.11,   39.19,   43.17,   47.94,   49.46,   53.20,   61.70,   61.24,   67.38
  1977,   35.42,   14.52,   18.74,   28.96,   14.59,   15.27,   19.07,   22.07,   30.91,    9.86,   20.28,   14.20,   16.31,   19.00,   19.12,   20.28,   23.82,   29.31,   32.35
  1978,   47.00,   20.41,   23.57,   30.49,   21.63,   19.96,   23.29,   24.81,   32.44,   21.33,   22.02,   17.53,   22.77,   23.97,   22.57,   24.78,   24.80,   29.49,   34.57
  1979,   21.76,   47.58,   36.20,   37.54,   50.25,   38.56,   33.06,   36.37,   39.57,   51.94,   47.71,   39.88,   37.10,   31.69,   34.40,   40.94,   31.95,   37.15,   41.45
  1980,   23.58,   58.11,   34.79,   27.89,   61.90,   43.17,   34.04,   28.58,   28.58,   63.02,   58.36,   46.17,   40.14,   36.51,   31.77,   31.14,   25.80,   29.66,   27.52
  1981,  -16.54,  -13.00,   11.77,   16.15,  -16.61,    4.88,   12.01,   14.36,   16.67,  -22.95,    0.99,    1.16,    8.84,   10.79,   13.09,   13.96,   14.57,   20.23,   13.74
  1982,   18.78,   14.37,   33.25,   41.98,   11.38,   28.45,   35.96,   33.90,   44.63,    6.01,   26.46,   27.62,   29.45,   35.09,   36.83,   31.51,   35.69,   43.69,   45.32
  1983,   71.26,   25.07,   42.57,   52.36,   22.83,   34.83,   42.57,   44.40,   56.47,   19.21,   30.94,   30.91,   39.54,   39.85,   45.14,   46.03,   42.23,   48.85,   62.32
  1984,  -24.97,  -20.35,   -4.07,    3.65,  -22.91,   -8.90,   -5.79,    1.19,    5.28,  -26.41,  -13.98,  -11.22,   -6.07,   -8.45,   -2.19,    2.10,    0.30,    6.73,    4.12
  1985,    8.78,   20.97,   28.86,   23.61,   18.02,   30.15,   28.64,   26.82,   23.09,   15.87,   22.41,   31.06,   29.27,   26.99,   30.65,   28.99,   24.79,   21.25,   24.37
  1986,    1.94,    0.00,   10.53,   14.60,   -1.62,    6.29,    9.76,   16.57,   13.67,   -5.87,    8.20,    5.33,    7.29,    9.09,   10.47,   16.34,   16.92,   15.62,   12.43
  1987,  -21.95,  -14.94,   -5.66,    0.98,  -16.56,   -7.12,   -7.32,   -1.58,    2.24,  -19.77,   -9.63,   -8.75,   -5.43,   -7.01,   -7.81,   -1.87,   -0.93,   -1.45,    4.60
  1988,   10.12,   14.45,   27.29,   26.02,   11.69,   25.08,   26.53,   26.15,   26.83,    9.19,   16.12,   23.81,   26.23,   26.80,   26.05,   29.79,   22.92,   30.23,   24.36
  1989,   -2.67,   11.68,   15.11,   14.24,    9.86,   17.31,   14.39,   17.58,   11.92,    7.34,   14.30,   17.23,   17.36,   14.52,   14.46,   14.26,   20.62,   13.03,   11.22
  1990,  -28.04,  -19.80,  -16.77,  -23.51,  -19.85,  -17.52,  -16.94,  -16.94,  -25.89,  -21.79,  -16.08,  -19.11,  -15.76,  -17.15,  -16.59,  -18.02,  -15.93,  -20.64,  -29.05
  1991,   82.26,   58.54,   51.53,   51.49,   62.07,   49.29,   55.06,   44.62,   54.07,   68.38,   50.90,   47.56,   50.82,   60.03,   49.80,   45.91,   43.24,   53.20,   52.77
  1992,   16.15,   15.01,   24.72,   47.22,   11.56,   26.99,   19.69,   32.67,   52.10,    6.40,   20.29,   26.00,   28.20,   17.67,   21.83,   32.23,   33.14,   34.28,   67.26
  1993,   27.66,   12.42,   26.93,   35.25,   10.80,   19.81,   28.60,   25.36,   39.20,    9.06,   13.43,   17.30,   23.07,   30.50,   26.27,   27.50,   23.59,   33.00,   43.95
  1994,  -16.71,  -13.49,   -1.12,    5.06,  -15.64,   -4.32,   -1.78,    0.87,    6.26,  -18.82,  -10.69,   -7.34,   -0.70,   -2.09,   -1.46,   -0.31,    1.59,    3.71,    8.07
  1995,   30.27,   30.02,   29.87,   35.23,   30.27,   28.75,   29.92,   30.95,   36.55,   32.73,   26.65,   29.14,   28.33,   25.40,   34.78,   30.72,   30.99,   36.11,   36.79
  1996,    0.36,    7.10,   23.02,   27.44,    4.74,   17.34,   21.97,   28.80,   27.08,    0.35,   11.91,   15.33,   19.21,   20.74,   23.17,   29.28,   28.29,   26.30,   27.54
  1997,   -5.30,    6.36,   27.08,   36.53,    4.41,   16.35,   27.88,   34.80,   36.64,    0.40,   10.79,   12.79,   19.87,   26.08,   29.90,   33.30,   36.11,   36.71,   36.61
  1998,  -17.23,   -1.14,   -3.81,   -2.82,   -1.26,   -1.16,   -4.34,   -4.58,   -2.35,   -2.71,    0.80,   -0.85,   -1.58,   -6.19,   -2.63,   -4.88,   -4.29,   -4.84,   -0.55
  1999,   68.74,   45.21,   26.24,   26.86,   51.18,   29.16,   23.94,   23.15,   29.38,   54.70,   47.05,   30.69,   28.05,   22.49,   25.30,   27.45,   19.78,   21.09,   36.87
  2000,  -37.97,  -26.31,    6.06,    6.01,  -32.92,    1.32,    5.03,    9.83,    4.99,  -38.90,  -22.31,    1.03,    1.72,    1.28,    8.68,   11.09,    8.78,    9.23,   -0.28
  2001,   23.76,   15.49,   28.89,   35.67,   13.83,   20.38,   27.15,   34.68,   37.10,    7.34,   23.82,   19.37,   21.35,   28.99,   25.24,   37.53,   32.03,   34.73,   39.89
  2002,  -32.19,  -32.29,  -10.87,    1.99,  -35.61,  -21.37,  -12.57,    0.12,    2.74,  -36.88,  -33.87,  -22.44,  -20.32,  -15.60,   -9.86,   -0.17,    0.10,    2.82,    3.20
  2003,  122.02,   70.46,   58.95,   90.10,   70.96,   60.84,   58.32,   64.71,  101.30,   70.26,   71.45,   68.45,   54.11,   55.45,   60.86,   64.76,   64.26,   86.23,  117.19
  2004,   12.41,   15.32,   22.40,   27.94,   13.90,   21.38,   22.32,   21.77,   30.38,   12.25,   15.93,   18.68,   23.93,   23.34,   21.53,   20.87,   22.52,   21.70,   38.33
  2005,  -19.40,   -0.62,    7.20,    7.68,   -2.57,    7.40,    6.58,    6.43,    8.04,   -6.91,    3.26,    5.27,    9.51,    7.16,    5.87,    5.90,    6.89,   10.25,    6.36
  2006,   12.48,   10.55,   19.28,   21.24,    8.98,   16.16,   18.94,   18.16,   24.04,    6.68,   11.91,   14.50,   17.85,   19.77,   18.00,   21.53,   15.17,   23.59,   24.28
  2007,  -20.40,    1.20,   -6.08,  -14.16,    1.20,    0.46,   -7.10,  -10.08,  -15.46,   -0.77,    3.77,    1.33,   -0.35,   -5.11,   -9.34,   -9.49,  -10.68,  -15.64,  -15.20
  2008,  -60.10,  -45.37,  -41.40,  -46.20,  -48.09,  -41.40,  -40.87,  -38.86,  -49.02,  -49.04,  -46.91,  -37.38,  -45.07,  -42.96,  -38.68,  -38.94,  -38.93,  -45.97,  -53.26
  2009,  155.34,   65.54,   60.65,   64.28,   69.21,   61.43,   60.50,   49.26,   72.81,   68.25,   68.97,   55.77,   67.08,   66.64,   54.95,   54.85,   44.74,   55.76,   91.86
  2010,   34.75,   26.48,   29.26,   27.36,   26.72,   28.19,   29.22,   27.15,   28.11,   29.13,   24.18,   25.72,   30.40,   27.92,   30.42,   28.21,   25.62,   29.94,   27.17
  2011,  -18.45,  -10.63,   -5.82,   -9.02,  -11.87,   -6.43,   -6.35,   -5.18,  -10.13,  -13.74,   -9.62,   -7.07,   -5.83,   -7.13,   -5.76,   -4.78,   -5.59,   -5.04,  -13.40
  2012,   13.15,   14.74,   15.87,   26.41,   13.62,   17.55,   14.28,   18.32,   28.80,   13.67,   13.17,   17.33,   17.58,   14.91,   13.51,   17.20,   19.31,   20.46,   34.62
  2013,   73.53,   41.40,   43.14,   46.79,   42.59,   40.94,   41.88,   46.07,   46.61,   44.56,   40.26,   38.39,   43.85,   41.40,   42.35,   44.72,   47.32,   38.64,   52.81
  2014,   -1.39,    5.25,    5.17,    2.84,    4.00,    7.27,    4.10,    4.36,    2.82,    1.04,    7.91,    8.33,    6.08,    4.94,    3.31,    6.32,    2.66,    2.38,    3.13
  2015,  -26.06,   -3.02,   -5.11,   -9.38,   -3.64,   -3.79,   -3.11,   -8.47,   -9.53,   -0.61,   -7.56,   -1.74,   -5.92,   -9.66,    3.29,   -7.86,   -9.03,   -6.23,  -13.06
  2016,   10.37,    4.58,   20.47,   31.86,    2.92,   10.30,   22.22,   26.36,   33.80,   -1.69,    8.94,    8.36,   12.32,   21.51,   22.85,   25.52,   26.76,   30.72,   37.26
  2017,    3.25,   22.83,   15.70,   14.96,   24.76,   15.00,   19.09,   14.91,   14.02,   25.75,   23.72,   18.38,   11.81,   20.67,   17.55,   12.82,   16.56,   18.75,    7.27
  2018,  -14.97,  -11.67,  -14.87,  -18.60,  -11.23,  -10.96,  -17.63,  -15.34,  -20.01,  -11.88,  -10.68,  -12.65,   -9.35,  -14.66,  -20.22,  -14.81,  -16.04,  -15.36,  -24.26
  2019,   20.75,   33.53,   21.77,   16.10,   35.36,   26.07,   23.51,   18.87,   13.62,   43.84,   26.68,   29.14,   23.45,   27.71,   20.63,   16.93,   20.53,   20.59,    7.28
  2020,   65.57,   48.95,   27.86,   28.63,   48.85,   41.71,   31.69,   15.04,   37.52,   53.01,   44.60,   49.05,   34.22,   29.99,   32.79,   15.74,   14.33,   20.57,   55.08
  2021,   15.19,    3.19,   20.69,   55.42,    1.65,   11.90,   22.31,   28.81,   65.45,    0.95,    2.46,    6.44,   18.24,   16.93,   28.11,   19.94,   37.24,   46.33,   88.62
  2022,  -38.36,  -32.20,  -23.55,  -16.11,  -33.24,  -28.60,  -24.38,  -19.79,  -13.52,  -34.92,  -31.30,  -29.75,  -27.41,  -25.02,  -23.70,  -16.91,  -22.79,  -14.14,  -12.21
  2023,  -11.33,   13.82,   14.98,    7.82,   14.63,   11.74,   13.30,   20.18,    4.50,   14.84,   14.26,   12.41,   10.96,   17.15,    9.67,   22.46,   17.98,    5.13,    4.84
  2024,   -8.15,   10.11,    6.25,   13.54,    9.69,    6.99,    6.17,    7.27,   16.45,    8.79,   10.65,   11.16,    3.34,    3.74,    8.30,    9.54,    5.15,   17.10,   16.35
  2025,  -13.68,    7.75,    9.94,    9.36,    4.96,   10.21,   13.98,    9.21,    8.38,    1.83,    8.43,   14.53,    6.04,   11.93,   15.71,    5.72,   12.45,   13.78,    4.72


  Number of Firms in Portfolios
,<= 0,Lo 30,Med 40,Hi 30,Lo 20,Qnt 2,Qnt 3,Qnt 4,Hi 20,Lo 10,2-Dec,3-Dec,4-Dec,5-Dec,6-Dec,7-Dec,8-Dec,9-Dec,Hi 10
192607,       3,     129,     171,     129,      86,      86,      85,      86,      86,      43,      43,      43,      43,      43,      42,      43,      43,      43,      43
192608,       3,     128,     171,     129,      85,      86,      85,      86,      86,      42,      43,      43,      43,      43,      42,      43,      43,      43,      43
192609,       3,     128,     171,     129,      85,      86,      85,      86,      86,      42,      43,      43,      43,      43,      42,      43,      43,      43,      43
192610,       3,     128,     170,     129,      85,      86,      84,      86,      86,      42,      43,      43,      43,      42,      42,      43,      43,      43,      43
192611,       3,     128,     170,     129,      85,      86,      84,      86,      86,      42,      43,      43,      43,      42,      42,      43,      43,      43,      43
192612,       3,     128,     170,     129,      85,      86,      84,      86,      86,      42,      43,      43,      43,      42,      42,      43,      43,      43,      43
192701,       3,     128,     169,     129,      85,      86,      83,      86,      86,      42,      43,      43,      43,      42,      41,      43,      43,      43,      43
192702,       3,     128,     169,     128,      85,      86,      83,      86,      85,      42,      43,      43,      43,      42,      41,      43,      43,      43,      42
192703,       3,     128,     169,     125,      85,      86,      83,      84,      84,      42,      43,      43,      43,      42,      41,      43,      41,      43,      41
192704,       3,     128,     169,     125,      85,      86,      83,      84,      84,      42,      43,      43,      43,      42,      41,      43,      41,      43,      41
192705,       3,     128,     168,     125,      85,      86,      82,      84,      84,      42,      43,      43,      43,      42,      40,      43,      41,      43,      41
192706,       3,     128,     168,     125,      85,      86,      82,      84,      84,      42,      43,      43,      43,      42,      40,      43,      41,      43,      41
192707,       1,     139,     186,     139,      93,      93,      92,      93,      93,      46,      47,      46,      47,      46,      46,      47,      46,      47,      46
192708,       1,     139,     186,     139,      93,      93,      92,      93,      93,      46,      47,      46,      47,      46,      46,      47,      46,      47,      46
192709,       1,     139,     186,     138,      93,      93,      92,      93,      92,      46,      47,      46,      47,      46,      46,      47,      46,      46,      46
192710,       1,     139,     186,     138,      93,      93,      92,      93,      92,      46,      47,      46,      47,      46,      46,      47,      46,      46,      46
192711,       1,     139,     186,     138,      93,      93,      92,      93,      92,      46,      47,      46,      47,      46,      46,      47,      46,      46,      46
192712,       1,     137,     185,     137,      91,      93,      91,      93,      91,      46,      45,      46,      47,      45,      46,      47,      46,      46,      45
192801,       1,     137,     185,     137,      91,      93,      91,      93,      91,      46,      45,      46,      47,      45,      46,      47,      46,      46,      45
192802,       1,     136,     185,     137,      90,      93,      91,      93,      91,      46,      44,      46,      47,      45,      46,      47,      46,      46,      45
192803,       1,     136,     185,     137,      90,      93,      91,      93,      91,      46,      44,      46,      47,      45,      46,      47,      46,      46,      45
192804,       1,     135,     184,     137,      89,      92,      91,      93,      91,      46,      43,      46,      46,      45,      46,      47,      46,      46,      45
192805,       1,     135,     184,     137,      89,      92,      91,      93,      91,      46,      43,      46,      46,      45,      46,      47,      46,      46,      45
192806,       1,     135,     183,     137,      89,      91,      91,      93,      91,      46,      43,      46,      45,      45,      46,      47,      46,      46,      45
192807,       1,     146,     194,     146,      97,      97,      98,      97,      97,      49,      48,      49,      48,      49,      49,      48,      49,      48,      49
192808,       1,     146,     194,     146,      97,      97,      98,      97,      97,      49,      48,      49,      48,      49,      49,      48,      49,      48,      49
192809,       1,     146,     194,     145,      97,      97,      98,      96,      97,      49,      48,      49,      48,      49,      49,      48,      48,      48,      49
192810,       1,     146,     194,     145,      97,      97,      98,      96,      97,      49,      48,      49,      48,      49,      49,      48,      48,      48,      49
192811,       1,     145,     194,     145,      96,      97,      98,      96,      97,      49,      47,      49,      48,      49,      49,      48,      48,      48,      49
192812,       1,     145,     194,     145,      96,      97,      98,      96,      97,      49,      47,      49,      48,      49,      49,      48,      48,      48,      49
192901,       1,     145,     194,     144,      96,      97,      98,      96,      96,      49,      47,      49,      48,      49,      49,      48,      48,      47,      49
192902,       1,     143,     193,     143,      94,      97,      97,      96,      95,      48,      46,      49,      48,      48,      49,      48,      48,      47,      48
192903,       1,     143,     193,     143,      94,      97,      97,      96,      95,      48,      46,      49,      48,      48,      49,      48,      48,      47,      48
192904,       1,     143,     192,     143,      94,      97,      96,      96,      95,      48,      46,      49,      48,      47,      49,      48,      48,      47,      48
192905,       1,     143,     192,     143,      94,      97,      96,      96,      95,      48,      46,      49,      48,      47,      49,      48,      48,      47,      48
192906,       1,     142,     191,     143,      93,      97,      96,      95,      95,      47,      46,      49,      48,      47,      49,      47,      48,      47,      48
192907,       5,     156,     207,     156,     104,     104,     103,     104,     104,      52,      52,      52,      52,      52,      51,      52,      52,      52,      52
192908,       5,     155,     207,     156,     103,     104,     103,     104,     104,      52,      51,      52,      52,      52,      51,      52,      52,      52,      52
192909,       5,     154,     207,     156,     102,     104,     103,     104,     104,      51,      51,      52,      52,      52,      51,      52,      52,      52,      52
192910,       5,     153,     207,     156,     102,     103,     103,     104,     104,      51,      51,      51,      52,      52,      51,      52,      52,      52,      52
192911,       5,     152,     206,     156,     101,     103,     103,     103,     104,      51,      50,      51,      52,      52,      51,      51,      52,      52,      52
192912,       5,     152,     206,     156,     101,     103,     103,     103,     104,      51,      50,      51,      52,      52,      51,      51,      52,      52,      52
193001,       5,     152,     205,     156,     101,     103,     102,     103,     104,      51,      50,      51,      52,      52,      50,      51,      52,      52,      52
193002,       5,     152,     204,     156,     101,     103,     101,     103,     104,      51,      50,      51,      52,      52,      49,      51,      52,      52,      52
193003,       5,     152,     204,     154,     101,     103,     101,     102,     103,      51,      50,      51,      52,      52,      49,      51,      51,      52,      51
193004,       5,     152,     202,     154,     101,     101,     101,     102,     103,      51,      50,      51,      50,      52,      49,      51,      51,      52,      51
193005,       5,     152,     199,     153,     101,     101,      98,     102,     102,      51,      50,      51,      50,      51,      47,      51,      51,      52,      50
193006,       5,     152,     199,     153,     101,     101,      98,     102,     102,      51,      50,      51,      50,      51,      47,      51,      51,      52,      50
193007,       3,     177,     235,     177,     118,     118,     117,     118,     118,      59,      59,      59,      59,      59,      58,      59,      59,      59,      59
193008,       3,     177,     235,     176,     118,     118,     117,     118,     117,      59,      59,      59,      59,      59,      58,      59,      59,      59,      58
193009,       3,     177,     234,     176,     118,     117,     117,     118,     117,      59,      59,      59,      58,      59,      58,      59,      59,      59,      58
193010,       3,     177,     234,     176,     118,     117,     117,     118,     117,      59,      59,      59,      58,      59,      58,      59,      59,      59,      58
193011,       3,     177,     233,     176,     118,     117,     117,     117,     117,      59,      59,      59,      58,      59,      58,      58,      59,      59,      58
193012,       3,     177,     232,     176,     118,     117,     117,     116,     117,      59,      59,      59,      58,      59,      58,      57,      59,      59,      58
193101,       3,     177,     232,     176,     118,     117,     117,     116,     117,      59,      59,      59,      58,      59,      58,      57,      59,      59,      58
193102,       3,     176,     232,     175,     117,     117,     117,     116,     116,      59,      58,      59,      58,      59,      58,      57,      59,      59,      57
193103,       3,     176,     232,     173,     117,     117,     117,     116,     114,      59,      58,      59,      58,      59,      58,      57,      59,      59,      55
193104,       3,     176,     231,     172,     117,     117,     117,     115,     113,      59,      58,      59,      58,      59,      58,      56,      59,      59,      54
193105,       3,     176,     231,     171,     117,     117,     117,     115,     112,      59,      58,      59,      58,      59,      58,      56,      59,      58,      54
193106,       3,     176,     230,     171,     117,     117,     116,     115,     112,      59,      58,      59,      58,      58,      58,      56,      59,      58,      54
193107,       5,     186,     247,     186,     124,     124,     123,     124,     124,      62,      62,      62,      62,      62,      61,      62,      62,      62,      62
193108,       5,     186,     246,     186,     124,     124,     123,     123,     124,      62,      62,      62,      62,      62,      61,      61,      62,      62,      62
193109,       5,     186,     246,     185,     124,     124,     123,     123,     123,      62,      62,      62,      62,      62,      61,      61,      62,      62,      61
193110,       5,     185,     246,     185,     123,     124,     123,     123,     123,      61,      62,      62,      62,      62,      61,      61,      62,      62,      61
193111,       5,     185,     244,     184,     123,     123,     123,     122,     122,      61,      62,      62,      61,      62,      61,      60,      62,      62,      60
193112,       5,     185,     244,     184,     123,     123,     123,     122,     122,      61,      62,      62,      61,      62,      61,      60,      62,      62,      60
193201,       5,     185,     243,     184,     123,     123,     122,     122,     122,      61,      62,      62,      61,      62,      60,      60,      62,      62,      60
193202,       5,     185,     243,     184,     123,     123,     122,     122,     122,      61,      62,      62,      61,      62,      60,      60,      62,      62,      60
193203,       5,     185,     243,     184,     123,     123,     122,     122,     122,      61,      62,      62,      61,      62,      60,      60,      62,      62,      60
193204,       5,     183,     243,     184,     122,     122,     122,     122,     122,      61,      61,      61,      61,      62,      60,      60,      62,      62,      60
193205,       5,     183,     242,     181,     122,     122,     121,     122,     119,      61,      61,      61,      61,      61,      60,      60,      62,      60,      59
193206,       5,     183,     242,     181,     122,     122,     121,     122,     119,      61,      61,      61,      61,      61,      60,      60,      62,      60,      59
193207,       8,     178,     238,     178,     119,     119,     118,     119,     119,      59,      60,      59,      60,      59,      59,      60,      59,      60,      59
193208,       8,     178,     238,     178,     119,     119,     118,     119,     119,      59,      60,      59,      60,      59,      59,      60,      59,      60,      59
193209,       8,     178,     238,     176,     119,     119,     118,     119,     117,      59,      60,      59,      60,      59,      59,      60,      59,      59,      58
193210,       8,     178,     238,     174,     119,     119,     118,     118,     116,      59,      60,      59,      60,      59,      59,      60,      58,      59,      57
193211,       8,     178,     238,     174,     119,     119,     118,     118,     116,      59,      60,      59,      60,      59,      59,      60,      58,      59,      57
193212,       8,     178,     238,     173,     119,     119,     118,     118,     115,      59,      60,      59,      60,      59,      59,      60,      58,      59,      56
193301,       8,     178,     237,     170,     119,     119,     117,     117,     113,      59,      60,      59,      60,      58,      59,      60,      57,      59,      54
193302,       8,     178,     237,     170,     119,     119,     117,     117,     113,      59,      60,      59,      60,      58,      59,      60,      57,      59,      54
193303,       8,     178,     236,     170,     119,     118,     117,     117,     113,      59,      60,      59,      59,      58,      59,      60,      57,      59,      54
193304,       8,     178,     235,     169,     119,     118,     116,     117,     112,      59,      60,      59,      59,      57,      59,      60,      57,      58,      54
193305,       8,     178,     235,     169,     119,     118,     116,     117,     112,      59,      60,      59,      59,      57,      59,      60,      57,      58,      54
193306,       8,     178,     235,     167,     119,     118,     116,     117,     110,      59,      60,      59,      59,      57,      59,      60,      57,      57,      53
193307,       8,     181,     242,     181,     121,     121,     120,     121,     121,      60,      61,      60,      61,      60,      60,      61,      60,      61,      60
193308,       8,     181,     242,     181,     121,     121,     120,     121,     121,      60,      61,      60,      61,      60,      60,      61,      60,      61,      60
193309,       8,     181,     242,     181,     121,     121,     120,     121,     121,      60,      61,      60,      61,      60,      60,      61,      60,      61,      60
193310,       8,     181,     242,     180,     121,     121,     120,     121,     120,      60,      61,      60,      61,      60,      60,      61,      60,      61,      59
193311,       8,     181,     242,     180,     121,     121,     120,     121,     120,      60,      61,      60,      61,      60,      60,      61,      60,      61,      59
193312,       8,     181,     242,     180,     121,     121,     120,     121,     120,      60,      61,      60,      61,      60,      60,      61,      60,      61,      59
193401,       8,     181,     241,     180,     121,     121,     120,     120,     120,      60,      61,      60,      61,      60,      60,      60,      60,      61,      59
193402,       8,     181,     240,     180,     121,     121,     119,     120,     120,      60,      61,      60,      61,      60,      59,      60,      60,      61,      59
193403,       8,     181,     240,     180,     121,     121,     119,     120,     120,      60,      61,      60,      61,      60,      59,      60,      60,      61,      59
193404,       8,     181,     240,     180,     121,     121,     119,     120,     120,      60,      61,      60,      61,      60,      59,      60,      60,      61,      59
193405,       8,     181,     240,     180,     121,     121,     119,     120,     120,      60,      61,      60,      61,      60,      59,      60,      60,      61,      59
193406,       8,     181,     239,     179,     121,     120,     119,     120,     119,      60,      61,      60,      60,      60,      59,      60,      60,      61,      58
193407,       9,     183,     244,     183,     122,     122,     122,     122,     122,      61,      61,      61,      61,      61,      61,      61,      61,      61,      61
193408,       9,     183,     244,     182,     122,     122,     122,     122,     121,      61,      61,      61,      61,      61,      61,      61,      61,      61,      60
193409,       9,     183,     244,     182,     122,     122,     122,     122,     121,      61,      61,      61,      61,      61,      61,      61,      61,      61,      60
193410,       9,     183,     244,     182,     122,     122,     122,     122,     121,      61,      61,      61,      61,      61,      61,      61,      61,      61,      60
193411,       9,     183,     241,     182,     122,     122,     121,     120,     121,      61,      61,      61,      61,      61,      60,      59,      61,      61,      60
193412,       9,     183,     241,     181,     122,     122,     121,     120,     120,      61,      61,      61,      61,      61,      60,      59,      61,      60,      60
193501,       9,     183,     241,     181,     122,     122,     121,     120,     120,      61,      61,      61,      61,      61,      60,      59,      61,      60,      60
193502,       9,     183,     240,     181,     122,     122,     120,     120,     120,      61,      61,      61,      61,      61,      59,      59,      61,      60,      60
193503,       9,     182,     240,     180,     121,     122,     120,     120,     119,      61,      60,      61,      61,      61,      59,      59,      61,      59,      60
193504,       9,     182,     240,     180,     121,     122,     120,     120,     119,      61,      60,      61,      61,      61,      59,      59,      61,      59,      60
193505,       9,     182,     240,     179,     121,     122,     120,     119,     119,      61,      60,      61,      61,      61,      59,      59,      60,      59,      60
193506,       9,     181,     240,     179,     120,     122,     120,     119,     119,      60,      60,      61,      61,      61,      59,      59,      60,      59,      60
193507,      11,     185,     246,     184,     123,     123,     123,     123,     123,      62,      61,      62,      61,      62,      61,      62,      61,      62,      61
193508,      11,     183,     244,     182,     122,     122,     122,     122,     121,      62,      60,      61,      61,      62,      60,      61,      61,      61,      60
193509,      11,     183,     244,     181,     122,     122,     122,     121,     121,      62,      60,      61,      61,      62,      60,      61,      60,      61,      60
193510,      11,     183,     243,     181,     122,     122,     121,     121,     121,      62,      60,      61,      61,      61,      60,      61,      60,      61,      60
193511,      11,     183,     243,     181,     122,     122,     121,     121,     121,      62,      60,      61,      61,      61,      60,      61,      60,      61,      60
193512,      11,     183,     243,     181,     122,     122,     121,     121,     121,      62,      60,      61,      61,      61,      60,      61,      60,      61,      60
193601,      11,     183,     243,     180,     122,     122,     121,     121,     120,      62,      60,      61,      61,      61,      60,      61,      60,      60,      60
193602,      11,     183,     243,     180,     122,     122,     121,     121,     120,      62,      60,      61,      61,      61,      60,      61,      60,      60,      60
193603,      11,     183,     243,     179,     122,     122,     121,     121,     119,      62,      60,      61,      61,      61,      60,      61,      60,      60,      59
193604,      11,     183,     243,     178,     122,     122,     121,     121,     118,      62,      60,      61,      61,      61,      60,      61,      60,      60,      58
193605,      11,     182,     243,     178,     122,     121,     121,     121,     118,      62,      60,      60,      61,      61,      60,      61,      60,      60,      58
193606,      11,     182,     243,     178,     122,     121,     121,     121,     118,      62,      60,      60,      61,      61,      60,      61,      60,      60,      58
193607,      10,     188,     250,     188,     125,     125,     126,     125,     125,      63,      62,      63,      62,      63,      63,      62,      63,      62,      63
193608,      10,     188,     250,     188,     125,     125,     126,     125,     125,      63,      62,      63,      62,      63,      63,      62,      63,      62,      63
193609,      10,     188,     250,     186,     125,     125,     126,     125,     123,      63,      62,      63,      62,      63,      63,      62,      63,      61,      62
193610,      10,     188,     250,     186,     125,     125,     126,     125,     123,      63,      62,      63,      62,      63,      63,      62,      63,      61,      62
193611,       9,     187,     250,     186,     125,     124,     126,     125,     123,      63,      62,      62,      62,      63,      63,      62,      63,      61,      62
193612,       9,     187,     250,     186,     125,     124,     126,     125,     123,      63,      62,      62,      62,      63,      63,      62,      63,      61,      62
193701,       9,     187,     249,     186,     125,     124,     125,     125,     123,      63,      62,      62,      62,      62,      63,      62,      63,      61,      62
193702,       9,     187,     248,     186,     125,     124,     124,     125,     123,      63,      62,      62,      62,      62,      62,      62,      63,      61,      62
193703,       9,     187,     248,     186,     125,     124,     124,     125,     123,      63,      62,      62,      62,      62,      62,      62,      63,      61,      62
193704,       9,     187,     248,     185,     125,     124,     124,     125,     122,      63,      62,      62,      62,      62,      62,      62,      63,      60,      62
193705,       9,     187,     247,     184,     125,     124,     124,     124,     121,      63,      62,      62,      62,      62,      62,      61,      63,      59,      62
193706,       9,     187,     247,     184,     125,     124,     124,     124,     121,      63,      62,      62,      62,      62,      62,      61,      63,      59,      62
193707,       9,     198,     263,     198,     132,     132,     131,     132,     132,      66,      66,      66,      66,      66,      65,      66,      66,      66,      66
193708,       9,     198,     263,     198,     132,     132,     131,     132,     132,      66,      66,      66,      66,      66,      65,      66,      66,      66,      66
193709,       9,     198,     263,     198,     132,     132,     131,     132,     132,      66,      66,      66,      66,      66,      65,      66,      66,      66,      66
193710,       9,     198,     263,     198,     132,     132,     131,     132,     132,      66,      66,      66,      66,      66,      65,      66,      66,      66,      66
193711,       9,     198,     263,     198,     132,     132,     131,     132,     132,      66,      66,      66,      66,      66,      65,      66,      66,      66,      66
193712,       9,     198,     263,     198,     132,     132,     131,     132,     132,      66,      66,      66,      66,      66,      65,      66,      66,      66,      66
193801,       9,     198,     263,     198,     132,     132,     131,     132,     132,      66,      66,      66,      66,      66,      65,      66,      66,      66,      66
193802,       9,     198,     263,     198,     132,     132,     131,     132,     132,      66,      66,      66,      66,      66,      65,      66,      66,      66,      66
193803,       9,     198,     263,     198,     132,     132,     131,     132,     132,      66,      66,      66,      66,      66,      65,      66,      66,      66,      66
193804,       9,     198,     263,     198,     132,     132,     131,     132,     132,      66,      66,      66,      66,      66,      65,      66,      66,      66,      66
193805,       9,     197,     263,     198,     131,     132,     131,     132,     132,      65,      66,      66,      66,      66,      65,      66,      66,      66,      66
193806,       7,     197,     263,     198,     131,     132,     131,     132,     132,      65,      66,      66,      66,      66,      65,      66,      66,      66,      66
193807,       9,     210,     280,     210,     140,     140,     140,     140,     140,      70,      70,      70,      70,      70,      70,      70,      70,      70,      70
193808,       9,     209,     279,     210,     140,     139,     139,     140,     140,      70,      70,      69,      70,      70,      69,      70,      70,      70,      70
193809,       8,     208,     278,     209,     139,     139,     138,     140,     139,      69,      70,      69,      70,      69,      69,      70,      70,      70,      69
193810,       8,     208,     278,     209,     139,     139,     138,     140,     139,      69,      70,      69,      70,      69,      69,      70,      70,      70,      69
193811,       8,     207,     278,     209,     138,     139,     138,     140,     139,      69,      69,      69,      70,      69,      69,      70,      70,      70,      69
193812,       8,     207,     278,     209,     138,     139,     138,     140,     139,      69,      69,      69,      70,      69,      69,      70,      70,      70,      69
193901,       7,     207,     277,     206,     138,     139,     138,     139,     136,      69,      69,      69,      70,      69,      69,      69,      70,      69,      67
193902,       7,     207,     277,     206,     138,     139,     138,     139,     136,      69,      69,      69,      70,      69,      69,      69,      70,      69,      67
193903,       7,     207,     277,     206,     138,     139,     138,     139,     136,      69,      69,      69,      70,      69,      69,      69,      70,      69,      67
193904,       7,     207,     277,     206,     138,     139,     138,     139,     136,      69,      69,      69,      70,      69,      69,      69,      70,      69,      67
193905,       7,     207,     277,     206,     138,     139,     138,     139,     136,      69,      69,      69,      70,      69,      69,      69,      70,      69,      67
193906,       7,     207,     277,     206,     138,     139,     138,     139,     136,      69,      69,      69,      70,      69,      69,      69,      70,      69,      67
193907,       7,     209,     279,     209,     139,     140,     139,     140,     139,      70,      69,      70,      70,      70,      69,      70,      70,      69,      70
193908,       7,     209,     279,     208,     139,     140,     139,     139,     139,      70,      69,      70,      70,      70,      69,      70,      69,      69,      70
193909,       7,     209,     279,     208,     139,     140,     139,     139,     139,      70,      69,      70,      70,      70,      69,      70,      69,      69,      70
193910,       6,     209,     279,     206,     139,     140,     139,     139,     137,      70,      69,      70,      70,      70,      69,      70,      69,      69,      68
193911,       6,     209,     279,     205,     139,     140,     139,     139,     136,      70,      69,      70,      70,      70,      69,      70,      69,      69,      67
193912,       6,     209,     279,     204,     139,     140,     139,     139,     135,      70,      69,      70,      70,      70,      69,      70,      69,      69,      66
194001,       6,     209,     279,     204,     139,     140,     139,     139,     135,      70,      69,      70,      70,      70,      69,      70,      69,      69,      66
194002,       6,     209,     279,     203,     139,     140,     139,     139,     134,      70,      69,      70,      70,      70,      69,      70,      69,      69,      65
194003,       6,     209,     279,     203,     139,     140,     139,     139,     134,      70,      69,      70,      70,      70,      69,      70,      69,      69,      65
194004,       6,     209,     279,     203,     139,     140,     139,     139,     134,      70,      69,      70,      70,      70,      69,      70,      69,      69,      65
194005,       6,     209,     279,     203,     139,     140,     139,     139,     134,      70,      69,      70,      70,      70,      69,      70,      69,      69,      65
194006,       5,     209,     278,     203,     139,     140,     138,     139,     134,      70,      69,      70,      70,      70,      68,      70,      69,      69,      65
194007,      10,     209,     280,     209,     140,     139,     140,     139,     140,      70,      70,      69,      70,      70,      70,      70,      69,      70,      70
194008,      10,     209,     280,     209,     140,     139,     140,     139,     140,      70,      70,      69,      70,      70,      70,      70,      69,      70,      70
194009,      10,     209,     280,     207,     140,     139,     140,     139,     138,      70,      70,      69,      70,      70,      70,      70,      69,      68,      70
194010,      10,     209,     280,     206,     140,     139,     140,     139,     137,      70,      70,      69,      70,      70,      70,      70,      69,      68,      69
194011,       9,     209,     280,     206,     140,     139,     140,     139,     137,      70,      70,      69,      70,      70,      70,      70,      69,      68,      69
194012,       9,     209,     280,     206,     140,     139,     140,     139,     137,      70,      70,      69,      70,      70,      70,      70,      69,      68,      69
194101,       9,     209,     280,     203,     140,     139,     140,     138,     135,      70,      70,      69,      70,      70,      70,      70,      68,      68,      67
194102,       9,     209,     280,     203,     140,     139,     140,     138,     135,      70,      70,      69,      70,      70,      70,      70,      68,      68,      67
194103,       8,     209,     280,     203,     140,     139,     140,     138,     135,      70,      70,      69,      70,      70,      70,      70,      68,      68,      67
194104,       8,     209,     280,     203,     140,     139,     140,     138,     135,      70,      70,      69,      70,      70,      70,      70,      68,      68,      67
194105,       8,     209,     280,     203,     140,     139,     140,     138,     135,      70,      70,      69,      70,      70,      70,      70,      68,      68,      67
194106,       8,     209,     280,     203,     140,     139,     140,     138,     135,      70,      70,      69,      70,      70,      70,      70,      68,      68,      67
194107,       7,     216,     289,     216,     144,     144,     145,     144,     144,      72,      72,      72,      72,      73,      72,      72,      72,      72,      72
194108,       7,     216,     289,     216,     144,     144,     145,     144,     144,      72,      72,      72,      72,      73,      72,      72,      72,      72,      72
194109,       7,     216,     289,     216,     144,     144,     145,     144,     144,      72,      72,      72,      72,      73,      72,      72,      72,      72,      72
194110,       7,     216,     289,     216,     144,     144,     145,     144,     144,      72,      72,      72,      72,      73,      72,      72,      72,      72,      72
194111,       7,     216,     289,     216,     144,     144,     145,     144,     144,      72,      72,      72,      72,      73,      72,      72,      72,      72,      72
194112,       7,     215,     289,     216,     143,     144,     145,     144,     144,      71,      72,      72,      72,      73,      72,      72,      72,      72,      72
194201,       7,     215,     289,     216,     143,     144,     145,     144,     144,      71,      72,      72,      72,      73,      72,      72,      72,      72,      72
194202,       7,     215,     289,     216,     143,     144,     145,     144,     144,      71,      72,      72,      72,      73,      72,      72,      72,      72,      72
194203,       7,     215,     289,     216,     143,     144,     145,     144,     144,      71,      72,      72,      72,      73,      72,      72,      72,      72,      72
194204,       6,     215,     289,     216,     143,     144,     145,     144,     144,      71,      72,      72,      72,      73,      72,      72,      72,      72,      72
194205,       6,     215,     289,     216,     143,     144,     145,     144,     144,      71,      72,      72,      72,      73,      72,      72,      72,      72,      72
194206,       6,     215,     289,     216,     143,     144,     145,     144,     144,      71,      72,      72,      72,      73,      72,      72,      72,      72,      72
194207,       4,     218,     291,     218,     145,     146,     145,     146,     145,      73,      72,      73,      73,      73,      72,      73,      73,      72,      73
194208,       4,     218,     290,     217,     145,     146,     145,     144,     145,      73,      72,      73,      73,      73,      72,      72,      72,      72,      73
194209,       4,     218,     290,     217,     145,     146,     145,     144,     145,      73,      72,      73,      73,      73,      72,      72,      72,      72,      73
194210,       4,     218,     290,     217,     145,     146,     145,     144,     145,      73,      72,      73,      73,      73,      72,      72,      72,      72,      73
194211,       4,     218,     289,     217,     145,     145,     145,     144,     145,      73,      72,      73,      72,      73,      72,      72,      72,      72,      73
194212,       4,     218,     289,     217,     145,     145,     145,     144,     145,      73,      72,      73,      72,      73,      72,      72,      72,      72,      73
194301,       4,     218,     289,     216,     145,     145,     145,     144,     144,      73,      72,      73,      72,      73,      72,      72,      72,      72,      72
194302,       4,     218,     289,     216,     145,     145,     145,     144,     144,      73,      72,      73,      72,      73,      72,      72,      72,      72,      72
194303,       4,     218,     288,     216,     145,     144,     145,     144,     144,      73,      72,      73,      71,      73,      72,      72,      72,      72,      72
194304,       4,     218,     288,     216,     145,     144,     145,     144,     144,      73,      72,      73,      71,      73,      72,      72,      72,      72,      72
194305,       4,     217,     288,     216,     144,     144,     145,     144,     144,      73,      71,      73,      71,      73,      72,      72,      72,      72,      72
194306,       4,     217,     288,     216,     144,     144,     145,     144,     144,      73,      71,      73,      71,      73,      72,      72,      72,      72,      72
194307,       3,     218,     291,     218,     145,     146,     145,     146,     145,      73,      72,      73,      73,      73,      72,      73,      73,      72,      73
194308,       3,     218,     290,     218,     145,     146,     144,     146,     145,      73,      72,      73,      73,      72,      72,      73,      73,      72,      73
194309,       3,     218,     290,     218,     145,     146,     144,     146,     145,      73,      72,      73,      73,      72,      72,      73,      73,      72,      73
194310,       3,     218,     290,     218,     145,     146,     144,     146,     145,      73,      72,      73,      73,      72,      72,      73,      73,      72,      73
194311,       3,     218,     290,     217,     145,     146,     144,     145,     145,      73,      72,      73,      73,      72,      72,      73,      72,      72,      73
194312,       3,     217,     290,     217,     145,     145,     144,     145,     145,      73,      72,      72,      73,      72,      72,      73,      72,      72,      73
194401,       2,     217,     290,     216,     145,     145,     144,     145,     144,      73,      72,      72,      73,      72,      72,      73,      72,      72,      72
194402,       2,     215,     289,     216,     144,     144,     144,     144,     144,      73,      71,      71,      73,      72,      72,      72,      72,      72,      72
194403,       2,     215,     289,     215,     144,     144,     144,     144,     143,      73,      71,      71,      73,      72,      72,      72,      72,      72,      71
194404,       2,     215,     289,     215,     144,     144,     144,     144,     143,      73,      71,      71,      73,      72,      72,      72,      72,      72,      71
194405,       2,     215,     289,     215,     144,     144,     144,     144,     143,      73,      71,      71,      73,      72,      72,      72,      72,      72,      71
194406,       2,     215,     289,     214,     144,     144,     144,     144,     142,      73,      71,      71,      73,      72,      72,      72,      72,      72,      70
194407,       1,     219,     293,     219,     146,     146,     147,     146,     146,      73,      73,      73,      73,      74,      73,      73,      73,      73,      73
194408,       1,     219,     293,     218,     146,     146,     147,     146,     145,      73,      73,      73,      73,      74,      73,      73,      73,      73,      72
194409,       1,     219,     293,     218,     146,     146,     147,     146,     145,      73,      73,      73,      73,      74,      73,      73,      73,      73,      72
194410,       1,     219,     293,     217,     146,     146,     147,     146,     144,      73,      73,      73,      73,      74,      73,      73,      73,      73,      71
194411,       0,     219,     293,     217,     146,     146,     147,     146,     144,      73,      73,      73,      73,      74,      73,      73,      73,      73,      71
194412,       0,     219,     293,     217,     146,     146,     147,     146,     144,      73,      73,      73,      73,      74,      73,      73,      73,      73,      71
194501,       0,     219,     293,     217,     146,     146,     147,     146,     144,      73,      73,      73,      73,      74,      73,      73,      73,      73,      71
194502,       0,     218,     293,     217,     145,     146,     147,     146,     144,      73,      72,      73,      73,      74,      73,      73,      73,      73,      71
194503,       0,     218,     293,     217,     145,     146,     147,     146,     144,      73,      72,      73,      73,      74,      73,      73,      73,      73,      71
194504,       0,     218,     293,     217,     145,     146,     147,     146,     144,      73,      72,      73,      73,      74,      73,      73,      73,      73,      71
194505,       0,     218,     293,     217,     145,     146,     147,     146,     144,      73,      72,      73,      73,      74,      73,      73,      73,      73,      71
194506,       0,     218,     293,     217,     145,     146,     147,     146,     144,      73,      72,      73,      73,      74,      73,      73,      73,      73,      71
194507,       0,     229,     306,     229,     153,     153,     152,     153,     153,      76,      77,      76,      77,      76,      76,      77,      76,      77,      76
194508,       0,     229,     306,     229,     153,     153,     152,     153,     153,      76,      77,      76,      77,      76,      76,      77,      76,      77,      76
194509,       0,     229,     306,     229,     153,     153,     152,     153,     153,      76,      77,      76,      77,      76,      76,      77,      76,      77,      76
194510,       0,     229,     306,     229,     153,     153,     152,     153,     153,      76,      77,      76,      77,      76,      76,      77,      76,      77,      76
194511,       0,     229,     306,     229,     153,     153,     152,     153,     153,      76,      77,      76,      77,      76,      76,      77,      76,      77,      76
194512,       0,     229,     306,     227,     153,     153,     152,     153,     151,      76,      77,      76,      77,      76,      76,      77,      76,      76,      75
194601,       0,     229,     306,     227,     153,     153,     152,     153,     151,      76,      77,      76,      77,      76,      76,      77,      76,      76,      75
194602,       0,     228,     306,     227,     152,     153,     152,     153,     151,      76,      76,      76,      77,      76,      76,      77,      76,      76,      75
194603,       0,     228,     305,     227,     152,     152,     152,     153,     151,      76,      76,      76,      76,      76,      76,      77,      76,      76,      75
194604,       0,     228,     305,     227,     152,     152,     152,     153,     151,      76,      76,      76,      76,      76,      76,      77,      76,      76,      75
194605,       0,     228,     305,     227,     152,     152,     152,     153,     151,      76,      76,      76,      76,      76,      76,      77,      76,      76,      75
194606,       0,     228,     305,     227,     152,     152,     152,     153,     151,      76,      76,      76,      76,      76,      76,      77,      76,      76,      75
194607,       1,     231,     309,     231,     154,     154,     155,     154,     154,      77,      77,      77,      77,      78,      77,      77,      77,      77,      77
194608,       1,     231,     309,     231,     154,     154,     155,     154,     154,      77,      77,      77,      77,      78,      77,      77,      77,      77,      77
194609,       1,     231,     308,     231,     154,     154,     154,     154,     154,      77,      77,      77,      77,      78,      76,      77,      77,      77,      77
194610,       1,     231,     308,     231,     154,     154,     154,     154,     154,      77,      77,      77,      77,      78,      76,      77,      77,      77,      77
194611,       1,     231,     307,     231,     154,     154,     153,     154,     154,      77,      77,      77,      77,      78,      75,      77,      77,      77,      77
194612,       1,     231,     307,     231,     154,     154,     153,     154,     154,      77,      77,      77,      77,      78,      75,      77,      77,      77,      77
194701,       1,     231,     307,     231,     154,     154,     153,     154,     154,      77,      77,      77,      77,      78,      75,      77,      77,      77,      77
194702,       1,     231,     307,     231,     154,     154,     153,     154,     154,      77,      77,      77,      77,      78,      75,      77,      77,      77,      77
194703,       1,     231,     307,     231,     154,     154,     153,     154,     154,      77,      77,      77,      77,      78,      75,      77,      77,      77,      77
194704,       1,     231,     307,     231,     154,     154,     153,     154,     154,      77,      77,      77,      77,      78,      75,      77,      77,      77,      77
194705,       1,     231,     307,     231,     154,     154,     153,     154,     154,      77,      77,      77,      77,      78,      75,      77,      77,      77,      77
194706,       1,     231,     307,     231,     154,     154,     153,     154,     154,      77,      77,      77,      77,      78,      75,      77,      77,      77,      77
194707,       1,     251,     334,     250,     167,     167,     167,     167,     167,      84,      83,      84,      83,      84,      83,      84,      83,      84,      83
194708,       1,     251,     333,     250,     167,     167,     166,     167,     167,      84,      83,      84,      83,      84,      82,      84,      83,      84,      83
194709,       1,     251,     333,     250,     167,     167,     166,     167,     167,      84,      83,      84,      83,      84,      82,      84,      83,      84,      83
194710,       1,     251,     333,     250,     167,     167,     166,     167,     167,      84,      83,      84,      83,      84,      82,      84,      83,      84,      83
194711,       1,     251,     332,     250,     167,     167,     165,     167,     167,      84,      83,      84,      83,      84,      81,      84,      83,      84,      83
194712,       1,     251,     332,     250,     167,     167,     165,     167,     167,      84,      83,      84,      83,      84,      81,      84,      83,      84,      83
194801,       1,     251,     332,     250,     167,     167,     165,     167,     167,      84,      83,      84,      83,      84,      81,      84,      83,      84,      83
194802,       1,     251,     332,     250,     167,     167,     165,     167,     167,      84,      83,      84,      83,      84,      81,      84,      83,      84,      83
194803,       1,     251,     332,     250,     167,     167,     165,     167,     167,      84,      83,      84,      83,      84,      81,      84,      83,      84,      83
194804,       1,     251,     332,     250,     167,     167,     165,     167,     167,      84,      83,      84,      83,      84,      81,      84,      83,      84,      83
194805,       1,     251,     332,     250,     167,     167,     165,     167,     167,      84,      83,      84,      83,      84,      81,      84,      83,      84,      83
194806,       1,     251,     332,     250,     167,     167,     165,     167,     167,      84,      83,      84,      83,      84,      81,      84,      83,      84,      83
194807,       2,     263,     351,     263,     175,     176,     175,     176,     175,      88,      87,      88,      88,      88,      87,      88,      88,      87,      88
194808,       2,     263,     351,     263,     175,     176,     175,     176,     175,      88,      87,      88,      88,      88,      87,      88,      88,      87,      88
194809,       2,     263,     351,     263,     175,     176,     175,     176,     175,      88,      87,      88,      88,      88,      87,      88,      88,      87,      88
194810,       2,     262,     351,     263,     174,     176,     175,     176,     175,      87,      87,      88,      88,      88,      87,      88,      88,      87,      88
194811,       2,     262,     351,     263,     174,     176,     175,     176,     175,      87,      87,      88,      88,      88,      87,      88,      88,      87,      88
194812,       2,     262,     351,     263,     174,     176,     175,     176,     175,      87,      87,      88,      88,      88,      87,      88,      88,      87,      88
194901,       2,     262,     351,     263,     174,     176,     175,     176,     175,      87,      87,      88,      88,      88,      87,      88,      88,      87,      88
194902,       2,     262,     351,     263,     174,     176,     175,     176,     175,      87,      87,      88,      88,      88,      87,      88,      88,      87,      88
194903,       2,     262,     351,     263,     174,     176,     175,     176,     175,      87,      87,      88,      88,      88,      87,      88,      88,      87,      88
194904,       2,     262,     351,     263,     174,     176,     175,     176,     175,      87,      87,      88,      88,      88,      87,      88,      88,      87,      88
194905,       2,     262,     351,     263,     174,     176,     175,     176,     175,      87,      87,      88,      88,      88,      87,      88,      88,      87,      88
194906,       2,     262,     351,     263,     174,     176,     175,     176,     175,      87,      87,      88,      88,      88,      87,      88,      88,      87,      88
194907,       1,     271,     361,     271,     181,     180,     181,     180,     181,      90,      91,      90,      90,      91,      90,      90,      90,      91,      90
194908,       1,     271,     361,     271,     181,     180,     181,     180,     181,      90,      91,      90,      90,      91,      90,      90,      90,      91,      90
194909,       1,     271,     361,     271,     181,     180,     181,     180,     181,      90,      91,      90,      90,      91,      90,      90,      90,      91,      90
194910,       1,     271,     361,     271,     181,     180,     181,     180,     181,      90,      91,      90,      90,      91,      90,      90,      90,      91,      90
194911,       1,     271,     361,     271,     181,     180,     181,     180,     181,      90,      91,      90,      90,      91,      90,      90,      90,      91,      90
194912,       1,     271,     361,     271,     181,     180,     181,     180,     181,      90,      91,      90,      90,      91,      90,      90,      90,      91,      90
195001,       1,     271,     361,     270,     181,     180,     181,     179,     181,      90,      91,      90,      90,      91,      90,      90,      89,      91,      90
195002,       1,     271,     359,     270,     181,     180,     179,     179,     181,      90,      91,      90,      90,      90,      89,      90,      89,      91,      90
195003,       1,     271,     359,     270,     181,     180,     179,     179,     181,      90,      91,      90,      90,      90,      89,      90,      89,      91,      90
195004,       1,     271,     359,     270,     181,     180,     179,     179,     181,      90,      91,      90,      90,      90,      89,      90,      89,      91,      90
195005,       1,     271,     359,     270,     181,     180,     179,     179,     181,      90,      91,      90,      90,      90,      89,      90,      89,      91,      90
195006,       1,     271,     359,     270,     181,     180,     179,     179,     181,      90,      91,      90,      90,      90,      89,      90,      89,      91,      90
195007,       1,     275,     367,     275,     183,     184,     183,     184,     183,      92,      91,      92,      92,      92,      91,      92,      92,      91,      92
195008,       1,     275,     367,     274,     183,     184,     183,     183,     183,      92,      91,      92,      92,      92,      91,      92,      91,      91,      92
195009,       1,     275,     367,     274,     183,     184,     183,     183,     183,      92,      91,      92,      92,      92,      91,      92,      91,      91,      92
195010,       1,     275,     367,     274,     183,     184,     183,     183,     183,      92,      91,      92,      92,      92,      91,      92,      91,      91,      92
195011,       1,     275,     367,     274,     183,     184,     183,     183,     183,      92,      91,      92,      92,      92,      91,      92,      91,      91,      92
195012,       1,     275,     367,     274,     183,     184,     183,     183,     183,      92,      91,      92,      92,      92,      91,      92,      91,      91,      92
195101,       1,     275,     366,     273,     183,     184,     183,     182,     182,      92,      91,      92,      92,      92,      91,      91,      91,      90,      92
195102,       1,     274,     366,     273,     183,     183,     183,     182,     182,      92,      91,      91,      92,      92,      91,      91,      91,      90,      92
195103,       1,     274,     366,     273,     183,     183,     183,     182,     182,      92,      91,      91,      92,      92,      91,      91,      91,      90,      92
195104,       1,     274,     366,     273,     183,     183,     183,     182,     182,      92,      91,      91,      92,      92,      91,      91,      91,      90,      92
195105,       1,     274,     366,     273,     183,     183,     183,     182,     182,      92,      91,      91,      92,      92,      91,      91,      91,      90,      92
195106,       1,     274,     366,     273,     183,     183,     183,     182,     182,      92,      91,      91,      92,      92,      91,      91,      91,      90,      92
195107,       1,     286,     382,     286,     191,     191,     190,     191,     191,      95,      96,      95,      96,      95,      95,      96,      95,      96,      95
195108,       1,     286,     382,     286,     191,     191,     190,     191,     191,      95,      96,      95,      96,      95,      95,      96,      95,      96,      95
195109,       1,     286,     382,     285,     191,     191,     190,     190,     191,      95,      96,      95,      96,      95,      95,      96,      94,      96,      95
195110,       1,     285,     382,     285,     191,     190,     190,     190,     191,      95,      96,      94,      96,      95,      95,      96,      94,      96,      95
195111,       1,     285,     382,     285,     191,     190,     190,     190,     191,      95,      96,      94,      96,      95,      95,      96,      94,      96,      95
195112,       1,     285,     380,     285,     191,     189,     189,     190,     191,      95,      96,      94,      95,      94,      95,      96,      94,      96,      95
195201,       1,     285,     380,     285,     191,     189,     189,     190,     191,      95,      96,      94,      95,      94,      95,      96,      94,      96,      95
195202,       1,     285,     380,     285,     191,     189,     189,     190,     191,      95,      96,      94,      95,      94,      95,      96,      94,      96,      95
195203,       1,     285,     380,     285,     191,     189,     189,     190,     191,      95,      96,      94,      95,      94,      95,      96,      94,      96,      95
195204,       1,     285,     380,     284,     191,     189,     189,     190,     190,      95,      96,      94,      95,      94,      95,      96,      94,      95,      95
195205,       1,     285,     379,     284,     191,     189,     188,     190,     190,      95,      96,      94,      95,      93,      95,      96,      94,      95,      95
195206,       1,     285,     379,     284,     191,     189,     188,     190,     190,      95,      96,      94,      95,      93,      95,      96,      94,      95,      95
195207,       2,     289,     384,     289,     192,     193,     192,     193,     192,      96,      96,      97,      96,      96,      96,      96,      97,      96,      96
195208,       2,     289,     384,     289,     192,     193,     192,     193,     192,      96,      96,      97,      96,      96,      96,      96,      97,      96,      96
195209,       2,     289,     384,     289,     192,     193,     192,     193,     192,      96,      96,      97,      96,      96,      96,      96,      97,      96,      96
195210,       2,     289,     384,     289,     192,     193,     192,     193,     192,      96,      96,      97,      96,      96,      96,      96,      97,      96,      96
195211,       2,     289,     384,     289,     192,     193,     192,     193,     192,      96,      96,      97,      96,      96,      96,      96,      97,      96,      96
195212,       2,     289,     384,     289,     192,     193,     192,     193,     192,      96,      96,      97,      96,      96,      96,      96,      97,      96,      96
195301,       2,     289,     384,     289,     192,     193,     192,     193,     192,      96,      96,      97,      96,      96,      96,      96,      97,      96,      96
195302,       2,     289,     384,     289,     192,     193,     192,     193,     192,      96,      96,      97,      96,      96,      96,      96,      97,      96,      96
195303,       2,     289,     383,     288,     192,     193,     191,     193,     191,      96,      96,      97,      96,      96,      95,      96,      97,      96,      95
195304,       2,     289,     383,     288,     192,     193,     191,     193,     191,      96,      96,      97,      96,      96,      95,      96,      97,      96,      95
195305,       2,     289,     383,     288,     192,     193,     191,     193,     191,      96,      96,      97,      96,      96,      95,      96,      97,      96,      95
195306,       2,     289,     382,     287,     192,     193,     190,     193,     190,      96,      96,      97,      96,      96,      94,      96,      97,      95,      95
195307,       2,     293,     392,     293,     196,     195,     196,     195,     196,      98,      98,      97,      98,      98,      98,      98,      97,      98,      98
195308,       2,     291,     392,     293,     194,     195,     196,     195,     196,      96,      98,      97,      98,      98,      98,      98,      97,      98,      98
195309,       2,     291,     391,     293,     194,     195,     196,     194,     196,      96,      98,      97,      98,      98,      98,      97,      97,      98,      98
195310,       2,     291,     391,     292,     194,     195,     196,     194,     195,      96,      98,      97,      98,      98,      98,      97,      97,      98,      97
195311,       2,     290,     391,     292,     194,     194,     196,     194,     195,      96,      98,      96,      98,      98,      98,      97,      97,      98,      97
195312,       2,     290,     390,     292,     194,     194,     195,     194,     195,      96,      98,      96,      98,      98,      97,      97,      97,      98,      97
195401,       2,     290,     390,     292,     194,     194,     195,     194,     195,      96,      98,      96,      98,      98,      97,      97,      97,      98,      97
195402,       2,     290,     390,     292,     194,     194,     195,     194,     195,      96,      98,      96,      98,      98,      97,      97,      97,      98,      97
195403,       2,     290,     390,     292,     194,     194,     195,     194,     195,      96,      98,      96,      98,      98,      97,      97,      97,      98,      97
195404,       2,     290,     390,     292,     194,     194,     195,     194,     195,      96,      98,      96,      98,      98,      97,      97,      97,      98,      97
195405,       2,     290,     390,     291,     194,     194,     195,     194,     194,      96,      98,      96,      98,      98,      97,      97,      97,      97,      97
195406,       2,     290,     388,     290,     194,     193,     194,     194,     193,      96,      98,      96,      97,      97,      97,      97,      97,      96,      97
195407,       3,     292,     389,     292,     195,     194,     195,     194,     195,      97,      98,      97,      97,      98,      97,      97,      97,      98,      97
195408,       3,     292,     389,     292,     195,     194,     195,     194,     195,      97,      98,      97,      97,      98,      97,      97,      97,      98,      97
195409,       3,     291,     389,     292,     195,     193,     195,     194,     195,      97,      98,      96,      97,      98,      97,      97,      97,      98,      97
195410,       3,     291,     389,     292,     195,     193,     195,     194,     195,      97,      98,      96,      97,      98,      97,      97,      97,      98,      97
195411,       2,     290,     388,     291,     194,     193,     194,     194,     194,      97,      97,      96,      97,      97,      97,      97,      97,      97,      97
195412,       2,     290,     387,     291,     194,     193,     193,     194,     194,      97,      97,      96,      97,      97,      96,      97,      97,      97,      97
195501,       2,     290,     387,     291,     194,     193,     193,     194,     194,      97,      97,      96,      97,      97,      96,      97,      97,      97,      97
195502,       2,     289,     387,     291,     194,     192,     193,     194,     194,      97,      97,      95,      97,      97,      96,      97,      97,      97,      97
195503,       2,     289,     386,     289,     194,     192,     193,     193,     192,      97,      97,      95,      97,      97,      96,      96,      97,      96,      96
195504,       2,     289,     385,     288,     194,     191,     193,     192,     192,      97,      97,      95,      96,      97,      96,      96,      96,      96,      96
195505,       2,     287,     385,     288,     193,     190,     193,     192,     192,      97,      96,      94,      96,      97,      96,      96,      96,      96,      96
195506,       2,     287,     382,     288,     193,     190,     190,     192,     192,      97,      96,      94,      96,      95,      95,      96,      96,      96,      96
195507,       2,     292,     388,     292,     194,     195,     194,     195,     194,      97,      97,      98,      97,      97,      97,      97,      98,      97,      97
195508,       2,     291,     387,     292,     193,     195,     193,     195,     194,      97,      96,      98,      97,      96,      97,      97,      98,      97,      97
195509,       1,     290,     387,     292,     192,     195,     193,     195,     194,      97,      95,      98,      97,      96,      97,      97,      98,      97,      97
195510,       1,     290,     384,     292,     192,     194,     191,     195,     194,      97,      95,      98,      96,      95,      96,      97,      98,      97,      97
195511,       1,     290,     382,     292,     192,     193,     191,     194,     194,      97,      95,      98,      95,      95,      96,      96,      98,      97,      97
195512,       1,     290,     382,     292,     192,     193,     191,     194,     194,      97,      95,      98,      95,      95,      96,      96,      98,      97,      97
195601,       1,     289,     380,     292,     191,     193,     190,     193,     194,      97,      94,      98,      95,      95,      95,      95,      98,      97,      97
195602,       1,     289,     379,     291,     191,     193,     189,     193,     193,      97,      94,      98,      95,      94,      95,      95,      98,      97,      96
195603,       1,     288,     379,     291,     190,     193,     189,     193,     193,      96,      94,      98,      95,      94,      95,      95,      98,      97,      96
195604,       1,     288,     379,     291,     190,     193,     189,     193,     193,      96,      94,      98,      95,      94,      95,      95,      98,      97,      96
195605,       1,     288,     379,     291,     190,     193,     189,     193,     193,      96,      94,      98,      95,      94,      95,      95,      98,      97,      96
195606,       1,     288,     378,     291,     190,     193,     188,     193,     193,      96,      94,      98,      95,      93,      95,      95,      98,      97,      96
195607,       2,     292,     388,     292,     194,     195,     194,     195,     194,      97,      97,      98,      97,      97,      97,      97,      98,      97,      97
195608,       2,     291,     387,     291,     193,     194,     194,     194,     194,      96,      97,      98,      96,      97,      97,      97,      97,      97,      97
195609,       2,     289,     386,     291,     192,     193,     193,     194,     194,      95,      97,      97,      96,      96,      97,      97,      97,      97,      97
195610,       2,     289,     385,     291,     192,     193,     192,     194,     194,      95,      97,      97,      96,      95,      97,      97,      97,      97,      97
195611,       2,     288,     383,     291,     192,     191,     191,     194,     194,      95,      97,      96,      95,      94,      97,      97,      97,      97,      97
195612,       2,     288,     383,     290,     192,     191,     191,     193,     194,      95,      97,      96,      95,      94,      97,      97,      96,      97,      97
195701,       2,     288,     383,     290,     192,     191,     191,     193,     194,      95,      97,      96,      95,      94,      97,      97,      96,      97,      97
195702,       2,     286,     382,     289,     190,     191,     190,     192,     194,      94,      96,      96,      95,      94,      96,      97,      95,      97,      97
195703,       2,     286,     382,     289,     190,     191,     190,     192,     194,      94,      96,      96,      95,      94,      96,      97,      95,      97,      97
195704,       2,     286,     382,     289,     190,     191,     190,     192,     194,      94,      96,      96,      95,      94,      96,      97,      95,      97,      97
195705,       2,     286,     381,     289,     190,     191,     189,     192,     194,      94,      96,      96,      95,      94,      95,      97,      95,      97,      97
195706,       2,     285,     380,     288,     190,     190,     188,     192,     193,      94,      96,      95,      95,      93,      95,      97,      95,      97,      96
195707,       4,     290,     387,     290,     193,     194,     193,     194,     193,      97,      96,      97,      97,      97,      96,      97,      97,      96,      97
195708,       4,     290,     387,     290,     193,     194,     193,     194,     193,      97,      96,      97,      97,      97,      96,      97,      97,      96,      97
195709,       4,     289,     387,     289,     193,     193,     193,     194,     192,      97,      96,      96,      97,      97,      96,      97,      97,      96,      96
195710,       4,     289,     387,     288,     193,     193,     193,     194,     191,      97,      96,      96,      97,      97,      96,      97,      97,      95,      96
195711,       4,     288,     386,     288,     192,     193,     192,     194,     191,      97,      95,      96,      97,      96,      96,      97,      97,      95,      96
195712,       4,     288,     386,     288,     192,     193,     192,     194,     191,      97,      95,      96,      97,      96,      96,      97,      97,      95,      96
195801,       4,     288,     386,     287,     192,     193,     192,     194,     190,      97,      95,      96,      97,      96,      96,      97,      97,      94,      96
195802,       4,     288,     386,     287,     192,     193,     192,     194,     190,      97,      95,      96,      97,      96,      96,      97,      97,      94,      96
195803,       4,     288,     386,     287,     192,     193,     192,     194,     190,      97,      95,      96,      97,      96,      96,      97,      97,      94,      96
195804,       3,     288,     384,     286,     192,     193,     192,     191,     190,      97,      95,      96,      97,      96,      96,      95,      96,      94,      96
195805,       3,     288,     384,     286,     192,     193,     192,     191,     190,      97,      95,      96,      97,      96,      96,      95,      96,      94,      96
195806,       3,     288,     383,     285,     192,     192,     192,     191,     189,      97,      95,      96,      96,      96,      96,      95,      96,      94,      95
195807,       2,     298,     398,     298,     199,     199,     198,     199,     199,      99,     100,      99,     100,      99,      99,     100,      99,     100,      99
195808,       2,     297,     397,     298,     198,     199,     197,     199,     199,      99,      99,      99,     100,      99,      98,     100,      99,     100,      99
195809,       2,     297,     396,     298,     198,     199,     196,     199,     199,      99,      99,      99,     100,      99,      97,     100,      99,     100,      99
195810,       2,     296,     396,     296,     198,     198,     196,     199,     197,      99,      99,      98,     100,      99,      97,     100,      99,      99,      98
195811,       2,     294,     395,     296,     198,     196,     196,     198,     197,      99,      99,      96,     100,      99,      97,      99,      99,      99,      98
195812,       2,     294,     395,     296,     198,     196,     196,     198,     197,      99,      99,      96,     100,      99,      97,      99,      99,      99,      98
195901,       2,     294,     394,     296,     198,     196,     196,     197,     197,      99,      99,      96,     100,      99,      97,      98,      99,      99,      98
195902,       2,     294,     394,     296,     198,     196,     196,     197,     197,      99,      99,      96,     100,      99,      97,      98,      99,      99,      98
195903,       2,     294,     394,     294,     198,     196,     196,     196,     196,      99,      99,      96,     100,      99,      97,      98,      98,      98,      98
195904,       2,     294,     391,     293,     198,     195,     194,     196,     195,      99,      99,      96,      99,      99,      95,      98,      98,      98,      97
195905,       2,     294,     389,     292,     198,     195,     192,     196,     194,      99,      99,      96,      99,      99,      93,      98,      98,      98,      96
195906,       2,     294,     389,     292,     198,     195,     192,     196,     194,      99,      99,      96,      99,      99,      93,      98,      98,      98,      96
195907,       1,     298,     397,     298,     199,     198,     199,     198,     199,      99,     100,      99,      99,     100,      99,      99,      99,     100,      99
195908,       1,     298,     397,     297,     199,     198,     199,     197,     199,      99,     100,      99,      99,     100,      99,      99,      98,     100,      99
195909,       1,     297,     397,     297,     199,     197,     199,     197,     199,      99,     100,      98,      99,     100,      99,      99,      98,     100,      99
195910,       1,     297,     397,     297,     199,     197,     199,     197,     199,      99,     100,      98,      99,     100,      99,      99,      98,     100,      99
195911,       1,     297,     396,     296,     199,     197,     198,     197,     198,      99,     100,      98,      99,      99,      99,      99,      98,     100,      98
195912,       1,     296,     396,     296,     199,     196,     198,     197,     198,      99,     100,      97,      99,      99,      99,      99,      98,     100,      98
196001,       1,     296,     394,     296,     199,     196,     197,     196,     198,      99,     100,      97,      99,      98,      99,      98,      98,     100,      98
196002,       1,     295,     394,     296,     198,     196,     197,     196,     198,      98,     100,      97,      99,      98,      99,      98,      98,     100,      98
196003,       1,     295,     394,     295,     198,     196,     197,     195,     198,      98,     100,      97,      99,      98,      99,      98,      97,     100,      98
196004,       1,     295,     393,     295,     198,     196,     197,     194,     198,      98,     100,      97,      99,      98,      99,      97,      97,     100,      98
196005,       1,     295,     391,     294,     198,     195,     196,     194,     197,      98,     100,      97,      98,      98,      98,      97,      97,      99,      98
196006,       1,     295,     388,     294,     198,     195,     196,     191,     197,      98,     100,      97,      98,      98,      98,      94,      97,      99,      98
196007,       1,     304,     405,     304,     203,     202,     203,     202,     203,     101,     102,     101,     101,     102,     101,     101,     101,     102,     101
196008,       1,     304,     405,     301,     203,     202,     203,     201,     201,     101,     102,     101,     101,     102,     101,     101,     100,     100,     101
196009,       1,     304,     405,     300,     203,     202,     203,     201,     200,     101,     102,     101,     101,     102,     101,     101,     100,     100,     100
196010,       1,     304,     404,     300,     203,     202,     202,     201,     200,     101,     102,     101,     101,     101,     101,     101,     100,     100,     100
196011,       1,     304,     404,     297,     203,     202,     202,     201,     197,     101,     102,     101,     101,     101,     101,     101,     100,      98,      99
196012,       1,     304,     403,     296,     203,     202,     202,     199,     197,     101,     102,     101,     101,     101,     101,     100,      99,      98,      99
196101,       1,     304,     403,     295,     203,     202,     202,     199,     196,     101,     102,     101,     101,     101,     101,     100,      99,      98,      98
196102,       1,     302,     403,     293,     202,     201,     202,     197,     196,     100,     102,     100,     101,     101,     101,     100,      97,      98,      98
196103,       1,     302,     403,     289,     202,     201,     202,     196,     193,     100,     102,     100,     101,     101,     101,     100,      96,      98,      95
196104,       1,     302,     403,     288,     202,     201,     202,     195,     193,     100,     102,     100,     101,     101,     101,     100,      95,      98,      95
196105,       1,     302,     402,     287,     202,     201,     202,     194,     192,     100,     102,     100,     101,     101,     101,      99,      95,      98,      94
196106,       1,     302,     402,     287,     202,     201,     202,     194,     192,     100,     102,     100,     101,     101,     101,      99,      95,      98,      94
196107,       1,     310,     414,     310,     207,     207,     206,     207,     207,     103,     104,     103,     104,     103,     103,     104,     103,     104,     103
196108,       0,     310,     413,     308,     207,     207,     206,     206,     205,     103,     104,     103,     104,     103,     103,     103,     103,     103,     102
196109,       0,     309,     411,     307,     206,     207,     205,     205,     204,     102,     104,     103,     104,     102,     103,     102,     103,     103,     101
196110,       0,     309,     410,     307,     206,     207,     204,     205,     204,     102,     104,     103,     104,     102,     102,     102,     103,     103,     101
196111,       0,     309,     409,     306,     206,     206,     204,     205,     203,     102,     104,     103,     103,     102,     102,     102,     103,     103,     100
196112,       0,     309,     407,     306,     206,     206,     203,     204,     203,     102,     104,     103,     103,     101,     102,     101,     103,     103,     100
196201,       0,     308,     407,     304,     205,     206,     203,     203,     202,     102,     103,     103,     103,     101,     102,     101,     102,     103,      99
196202,       0,     308,     407,     304,     205,     206,     203,     203,     202,     102,     103,     103,     103,     101,     102,     101,     102,     103,      99
196203,       0,     307,     406,     303,     205,     205,     202,     203,     201,     102,     103,     102,     103,     101,     101,     101,     102,     103,      98
196204,       0,     307,     406,     303,     205,     205,     202,     203,     201,     102,     103,     102,     103,     101,     101,     101,     102,     103,      98
196205,       0,     304,     406,     302,     202,     205,     202,     202,     201,     101,     101,     102,     103,     101,     101,     101,     101,     103,      98
196206,       0,     304,     405,     301,     202,     204,     202,     201,     201,     101,     101,     102,     102,     101,     101,     101,     100,     103,      98
196207,       0,     318,     423,     318,     212,     212,     211,     212,     212,     106,     106,     106,     106,     106,     105,     106,     106,     106,     106
196208,       0,     318,     423,     317,     212,     212,     211,     212,     211,     106,     106,     106,     106,     106,     105,     106,     106,     106,     105
196209,       0,     318,     423,     317,     212,     212,     211,     212,     211,     106,     106,     106,     106,     106,     105,     106,     106,     106,     105
196210,       0,     318,     422,     317,     212,     212,     211,     211,     211,     106,     106,     106,     106,     106,     105,     105,     106,     106,     105
196211,       0,     317,     422,     317,     211,     212,     211,     211,     211,     105,     106,     106,     106,     106,     105,     105,     106,     106,     105
196212,       0,     317,     420,     317,     211,     211,     211,     210,     211,     105,     106,     106,     105,     106,     105,     104,     106,     106,     105
196301,       0,     317,     419,     317,     211,     211,     210,     210,     211,     105,     106,     106,     105,     105,     105,     104,     106,     106,     105
196302,       0,     317,     419,     317,     211,     211,     210,     210,     211,     105,     106,     106,     105,     105,     105,     104,     106,     106,     105
196303,       0,     317,     419,     316,     211,     211,     210,     210,     210,     105,     106,     106,     105,     105,     105,     104,     106,     106,     104
196304,       0,     317,     419,     315,     211,     211,     210,     210,     209,     105,     106,     106,     105,     105,     105,     104,     106,     105,     104
196305,       0,     317,     418,     314,     211,     211,     209,     210,     208,     105,     106,     106,     105,     105,     104,     104,     106,     105,     103
196306,       0,     317,     415,     311,     211,     211,     207,     208,     206,     105,     106,     106,     105,     104,     103,     103,     105,     104,     102
196307,       6,     473,     580,     440,     329,     287,     291,     294,     292,     177,     152,     144,     143,     140,     151,     146,     148,     142,     150
196308,       6,     473,     578,     437,     329,     287,     290,     293,     289,     177,     152,     144,     143,     140,     150,     145,     148,     141,     148
196309,       6,     473,     578,     436,     329,     287,     290,     293,     288,     177,     152,     144,     143,     140,     150,     145,     148,     141,     147
196310,       6,     473,     577,     434,     329,     287,     289,     292,     287,     177,     152,     144,     143,     140,     149,     145,     147,     140,     147
196311,       6,     472,     575,     432,     329,     286,     289,     288,     287,     177,     152,     143,     143,     140,     149,     143,     145,     140,     147
196312,       6,     472,     575,     431,     329,     286,     289,     287,     287,     177,     152,     143,     143,     140,     149,     143,     144,     140,     147
196401,       6,     472,     574,     430,     329,     286,     288,     286,     287,     177,     152,     143,     143,     139,     149,     143,     143,     140,     147
196402,       6,     471,     572,     428,     328,     285,     287,     286,     285,     177,     151,     143,     142,     139,     148,     143,     143,     139,     146
196403,       6,     471,     572,     428,     328,     285,     287,     286,     285,     177,     151,     143,     142,     139,     148,     143,     143,     139,     146
196404,       6,     471,     569,     428,     328,     285,     284,     286,     285,     177,     151,     143,     142,     136,     148,     143,     143,     139,     146
196405,       6,     471,     569,     427,     328,     285,     284,     286,     284,     177,     151,     143,     142,     136,     148,     143,     143,     139,     145
196406,       6,     470,     568,     426,     327,     285,     283,     286,     283,     176,     151,     143,     142,     136,     147,     143,     143,     139,     144
196407,      10,     460,     568,     475,     320,     286,     275,     303,     319,     182,     138,     140,     146,     135,     140,     147,     156,     157,     162
196408,      10,     459,     566,     474,     320,     285,     274,     301,     319,     182,     138,     139,     146,     134,     140,     146,     155,     157,     162
196409,      10,     457,     566,     473,     319,     284,     274,     301,     318,     181,     138,     138,     146,     134,     140,     146,     155,     157,     161
196410,      10,     457,     566,     470,     319,     284,     274,     301,     315,     181,     138,     138,     146,     134,     140,     146,     155,     157,     158
196411,      10,     457,     563,     468,     319,     283,     273,     299,     314,     181,     138,     138,     145,     133,     140,     145,     154,     157,     157
196412,      10,     457,     562,     468,     319,     283,     273,     298,     314,     181,     138,     138,     145,     133,     140,     144,     154,     157,     157
196501,      10,     457,     562,     467,     319,     283,     273,     298,     313,     181,     138,     138,     145,     133,     140,     144,     154,     156,     157
196502,      10,     457,     561,     465,     319,     283,     272,     297,     312,     181,     138,     138,     145,     132,     140,     144,     153,     155,     157
196503,      10,     456,     561,     462,     318,     283,     272,     297,     309,     180,     138,     138,     145,     132,     140,     144,     153,     154,     155
196504,      10,     456,     560,     460,     318,     283,     271,     296,     308,     180,     138,     138,     145,     131,     140,     144,     152,     154,     154
196505,      10,     456,     559,     458,     318,     283,     270,     296,     306,     180,     138,     138,     145,     130,     140,     144,     152,     153,     153
196506,      10,     456,     559,     458,     318,     283,     270,     296,     306,     180,     138,     138,     145,     130,     140,     144,     152,     153,     153
196507,      12,     467,     605,     497,     321,     298,     288,     318,     344,     185,     136,     146,     152,     148,     140,     165,     153,     162,     182
196508,      12,     467,     604,     495,     321,     298,     288,     317,     342,     185,     136,     146,     152,     148,     140,     164,     153,     162,     180
196509,      12,     466,     604,     495,     320,     298,     288,     317,     342,     184,     136,     146,     152,     148,     140,     164,     153,     162,     180
196510,      12,     466,     604,     491,     320,     298,     288,     316,     339,     184,     136,     146,     152,     148,     140,     164,     152,     162,     177
196511,      12,     466,     602,     490,     320,     297,     287,     316,     338,     184,     136,     146,     151,     148,     139,     164,     152,     162,     176
196512,      12,     466,     600,     490,     320,     297,     286,     315,     338,     184,     136,     146,     151,     147,     139,     163,     152,     162,     176
196601,      12,     466,     600,     487,     320,     297,     286,     313,     337,     184,     136,     146,     151,     147,     139,     163,     150,     162,     175
196602,      11,     465,     598,     485,     319,     296,     285,     312,     336,     183,     136,     146,     150,     146,     139,     163,     149,     161,     175
196603,      11,     465,     598,     483,     319,     296,     285,     312,     334,     183,     136,     146,     150,     146,     139,     163,     149,     159,     175
196604,      11,     465,     598,     483,     319,     296,     285,     312,     334,     183,     136,     146,     150,     146,     139,     163,     149,     159,     175
196605,      11,     464,     597,     482,     318,     296,     284,     312,     333,     182,     136,     146,     150,     145,     139,     163,     149,     158,     175
196606,      11,     463,     594,     481,     318,     295,     282,     311,     332,     182,     136,     145,     150,     144,     138,     162,     149,     157,     175
196607,      13,     522,     624,     479,     371,     298,     312,     318,     326,     199,     172,     151,     147,     157,     155,     165,     153,     152,     174
196608,      13,     520,     624,     477,     370,     297,     312,     316,     326,     199,     171,     150,     147,     157,     155,     165,     151,     152,     174
196609,      13,     520,     623,     477,     370,     297,     312,     315,     326,     199,     171,     150,     147,     157,     155,     164,     151,     152,     174
196610,      13,     519,     622,     477,     370,     296,     311,     315,     326,     199,     171,     149,     147,     157,     154,     164,     151,     152,     174
196611,      13,     519,     621,     475,     370,     296,     310,     314,     325,     199,     171,     149,     147,     157,     153,     164,     150,     151,     174
196612,      13,     517,     620,     473,     369,     295,     310,     311,     325,     199,     170,     148,     147,     157,     153,     163,     148,     151,     174
196701,      12,     517,     618,     471,     369,     295,     309,     310,     323,     199,     170,     148,     147,     156,     153,     162,     148,     150,     173
196702,      12,     517,     617,     470,     369,     294,     309,     310,     322,     199,     170,     148,     146,     156,     153,     162,     148,     149,     173
196703,      12,     517,     617,     470,     369,     294,     309,     310,     322,     199,     170,     148,     146,     156,     153,     162,     148,     149,     173
196704,      12,     517,     615,     470,     369,     294,     309,     308,     322,     199,     170,     148,     146,     156,     153,     160,     148,     149,     173
196705,      12,     517,     613,     470,     369,     294,     308,     307,     322,     199,     170,     148,     146,     156,     152,     159,     148,     149,     173
196706,      12,     512,     609,     469,     365,     292,     305,     307,     321,     199,     166,     147,     145,     154,     151,     159,     148,     148,     173
196707,      10,     523,     618,     532,     371,     314,     298,     342,     348,     204,     167,     152,     162,     148,     150,     158,     184,     177,     171
196708,      10,     522,     616,     527,     371,     313,     297,     340,     344,     204,     167,     151,     162,     147,     150,     157,     183,     176,     168
196709,      10,     520,     616,     526,     369,     313,     297,     340,     343,     202,     167,     151,     162,     147,     150,     157,     183,     175,     168
196710,      10,     519,     610,     524,     369,     310,     295,     337,     342,     202,     167,     150,     160,     146,     149,     155,     182,     174,     168
196711,      10,     517,     607,     522,     369,     308,     294,     335,     340,     202,     167,     148,     160,     146,     148,     153,     182,     172,     168
196712,      10,     517,     605,     521,     369,     308,     293,     333,     340,     202,     167,     148,     160,     145,     148,     152,     181,     172,     168
196801,      10,     517,     601,     521,     369,     307,     290,     333,     340,     202,     167,     148,     159,     144,     146,     152,     181,     172,     168
196802,      10,     516,     597,     511,     368,     307,     288,     327,     334,     201,     167,     148,     159,     143,     145,     150,     177,     170,     164
196803,      10,     514,     595,     509,     366,     307,     287,     325,     333,     200,     166,     148,     159,     143,     144,     149,     176,     170,     163
196804,      10,     513,     595,     509,     365,     307,     287,     325,     333,     200,     165,     148,     159,     143,     144,     149,     176,     170,     163
196805,      10,     511,     592,     506,     364,     305,     287,     323,     330,     200,     164,     147,     158,     143,     144,     147,     176,     170,     160
196806,       9,     511,     589,     503,     364,     304,     286,     321,     328,     200,     164,     147,     157,     143,     143,     146,     175,     168,     160
196807,      15,     651,     599,     450,     472,     336,     304,     281,     307,     260,     212,     179,     157,     145,     159,     138,     143,     150,     157
196808,      15,     648,     593,     448,     471,     334,     298,     280,     306,     260,     211,     177,     157,     145,     153,     138,     142,     149,     157
196809,      15,     648,     591,     447,     471,     334,     297,     279,     305,     260,     211,     177,     157,     145,     152,     137,     142,     148,     157
196810,      15,     647,     588,     444,     471,     331,     297,     277,     303,     260,     211,     176,     155,     145,     152,     136,     141,     146,     157
196811,      15,     644,     585,     442,     471,     327,     296,     275,     302,     260,     211,     173,     154,     144,     152,     135,     140,     145,     157
196812,      15,     644,     582,     442,     471,     326,     294,     275,     302,     260,     211,     173,     153,     144,     150,     135,     140,     145,     157
196901,      15,     644,     580,     438,     471,     325,     294,     274,     298,     260,     211,     173,     152,     144,     150,     134,     140,     142,     156
196902,      15,     644,     575,     437,     471,     324,     291,     273,     297,     260,     211,     173,     151,     144,     147,     133,     140,     142,     155
196903,      15,     644,     572,     436,     471,     324,     290,     271,     296,     260,     211,     173,     151,     144,     146,     131,     140,     142,     154
196904,      15,     644,     571,     433,     471,     324,     289,     271,     293,     260,     211,     173,     151,     144,     145,     131,     140,     142,     151
196905,      15,     644,     569,     433,     471,     322,     289,     271,     293,     260,     211,     173,     149,     144,     145,     131,     140,     142,     151
196906,      15,     644,     569,     431,     471,     322,     289,     271,     291,     260,     211,     173,     149,     144,     145,     131,     140,     142,     149
196907,      12,     701,     652,     445,     521,     370,     319,     285,     303,     300,     221,     180,     190,     162,     157,     143,     142,     150,     153
196908,      12,     700,     651,     445,     520,     369,     319,     285,     303,     300,     220,     180,     189,     162,     157,     143,     142,     150,     153
196909,      12,     700,     647,     445,     520,     368,     317,     284,     303,     300,     220,     180,     188,     162,     155,     142,     142,     150,     153
196910,      12,     700,     645,     444,     520,     368,     315,     284,     302,     300,     220,     180,     188,     161,     154,     142,     142,     149,     153
196911,      12,     700,     644,     444,     520,     368,     314,     284,     302,     300,     220,     180,     188,     160,     154,     142,     142,     149,     153
196912,      12,     700,     644,     443,     520,     368,     314,     284,     301,     300,     220,     180,     188,     160,     154,     142,     142,     149,     152
197001,      12,     700,     642,     441,     520,     368,     312,     283,     300,     300,     220,     180,     188,     160,     152,     142,     141,     148,     152
197002,      12,     699,     642,     440,     519,     368,     312,     282,     300,     300,     219,     180,     188,     160,     152,     142,     140,     148,     152
197003,      12,     699,     641,     440,     519,     368,     311,     282,     300,     300,     219,     180,     188,     159,     152,     142,     140,     148,     152
197004,      12,     698,     641,     438,     518,     368,     311,     282,     298,     299,     219,     180,     188,     159,     152,     142,     140,     148,     150
197005,      12,     698,     639,     437,     518,     367,     310,     282,     297,     299,     219,     180,     187,     158,     152,     142,     140,     147,     150
197006,      12,     697,     637,     437,     517,     366,     310,     281,     297,     299,     218,     180,     186,     158,     152,     141,     140,     147,     150
197007,      14,     668,     719,     561,     463,     396,     352,     362,     375,     231,     232,     205,     191,     177,     175,     176,     186,     188,     187
197008,      14,     668,     716,     560,     463,     394,     352,     361,     374,     231,     232,     205,     189,     177,     175,     175,     186,     188,     186
197009,      14,     666,     715,     558,     462,     392,     352,     361,     372,     230,     232,     204,     188,     177,     175,     175,     186,     187,     185
197010,      14,     666,     715,     558,     462,     392,     352,     361,     372,     230,     232,     204,     188,     177,     175,     175,     186,     187,     185
197011,      14,     666,     713,     557,     462,     392,     350,     361,     371,     230,     232,     204,     188,     177,     173,     175,     186,     187,     184
197012,      13,     665,     712,     556,     462,     391,     349,     361,     370,     230,     232,     203,     188,     176,     173,     175,     186,     186,     184
197101,      13,     662,     711,     553,     459,     391,     348,     360,     368,     228,     231,     203,     188,     176,     172,     175,     185,     185,     183
197102,      13,     660,     709,     552,     458,     390,     346,     360,     367,     227,     231,     202,     188,     174,     172,     175,     185,     184,     183
197103,      13,     657,     708,     551,     456,     389,     345,     360,     366,     225,     231,     201,     188,     174,     171,     175,     185,     184,     182
197104,      13,     657,     707,     551,     456,     388,     345,     360,     366,     225,     231,     201,     187,     174,     171,     175,     185,     184,     182
197105,      13,     655,     707,     551,     456,     386,     345,     360,     366,     225,     231,     199,     187,     174,     171,     175,     185,     184,     182
197106,      13,     651,     705,     551,     453,     383,     345,     360,     366,     224,     229,     198,     185,     174,     171,     175,     185,     184,     182
197107,      21,     600,     761,     673,     407,     389,     368,     390,     480,     203,     204,     193,     196,     190,     178,     197,     193,     231,     249
197108,      21,     599,     760,     672,     406,     389,     367,     390,     479,     203,     203,     193,     196,     190,     177,     197,     193,     230,     249
197109,      21,     599,     759,     670,     406,     389,     367,     388,     478,     203,     203,     193,     196,     190,     177,     196,     192,     230,     248
197110,      21,     599,     759,     668,     406,     389,     367,     386,     478,     203,     203,     193,     196,     190,     177,     196,     190,     230,     248
197111,      21,     599,     759,     668,     406,     389,     367,     386,     478,     203,     203,     193,     196,     190,     177,     196,     190,     230,     248
197112,      21,     598,     758,     667,     405,     389,     366,     386,     477,     203,     202,     193,     196,     190,     176,     196,     190,     229,     248
197201,      21,     597,     757,     665,     404,     389,     365,     385,     476,     203,     201,     193,     196,     189,     176,     196,     189,     228,     248
197202,      21,     597,     755,     663,     404,     388,     364,     385,     474,     203,     201,     193,     195,     189,     175,     196,     189,     227,     247
197203,      21,     597,     755,     662,     404,     388,     364,     385,     473,     203,     201,     193,     195,     189,     175,     196,     189,     227,     246
197204,      21,     596,     755,     661,     403,     388,     364,     384,     473,     203,     200,     193,     195,     189,     175,     196,     188,     227,     246
197205,      21,     593,     755,     660,     401,     387,     364,     384,     472,     202,     199,     192,     195,     189,     175,     196,     188,     227,     245
197206,      21,     593,     755,     659,     401,     387,     364,     383,     472,     202,     199,     192,     195,     189,     175,     196,     187,     227,     245
197207,      26,     639,     808,     695,     413,     443,     408,     386,     492,     216,     197,     226,     217,     213,     195,     183,     203,     245,     247
197208,      26,     638,     808,     693,     412,     443,     408,     386,     490,     216,     196,     226,     217,     213,     195,     183,     203,     244,     246
197209,      25,     637,     807,     689,     412,     442,     407,     386,     486,     216,     196,     225,     217,     213,     194,     183,     203,     242,     244
197210,      25,     637,     807,     688,     412,     442,     407,     386,     485,     216,     196,     225,     217,     213,     194,     183,     203,     242,     243
197211,      25,     636,     806,     688,     411,     441,     407,     386,     485,     216,     195,     225,     216,     213,     194,     183,     203,     242,     243
197212,      25,     634,     806,     686,     411,     439,     407,     386,     483,     216,     195,     223,     216,     213,     194,     183,     203,     240,     243
197301,      25,     633,     806,     686,     411,     438,     407,     386,     483,     216,     195,     222,     216,     213,     194,     183,     203,     240,     243
197302,      25,     632,     805,     683,     411,     437,     406,     385,     481,     216,     195,     221,     216,     212,     194,     183,     202,     238,     243
197303,      25,     630,     802,     682,     409,     436,     404,     385,     480,     216,     193,     221,     215,     212,     192,     183,     202,     238,     242
197304,      25,     630,     800,     681,     409,     435,     404,     384,     479,     216,     193,     221,     214,     212,     192,     182,     202,     237,     242
197305,      25,     630,     799,     681,     409,     435,     404,     383,     479,     216,     193,     221,     214,     212,     192,     181,     202,     237,     242
197306,      25,     628,     797,     675,     407,     434,     403,     383,     473,     214,     193,     221,     213,     211,     192,     181,     202,     236,     237
197307,      35,    1184,    1219,    1098,     828,     709,     573,     619,     772,     433,     395,     356,     353,     321,     252,     293,     326,     365,     407
197308,      34,    1183,    1218,    1095,     827,     709,     573,     616,     771,     432,     395,     356,     353,     321,     252,     292,     324,     365,     406
197309,      34,    1179,    1215,    1094,     823,     708,     571,     616,     770,     430,     393,     356,     352,     319,     252,     292,     324,     365,     405
197310,      33,    1178,    1214,    1090,     822,     707,     571,     615,     767,     429,     393,     356,     351,     319,     252,     292,     323,     365,     402
197311,      33,    1177,    1213,    1089,     821,     707,     570,     615,     766,     429,     392,     356,     351,     318,     252,     292,     323,     365,     401
197312,      33,    1173,    1212,    1081,     819,     705,     570,     612,     760,     427,     392,     354,     351,     318,     252,     291,     321,     362,     398
197401,      33,    1173,    1209,    1078,     819,     704,     568,     612,     757,     427,     392,     354,     350,     316,     252,     291,     321,     360,     397
197402,      33,    1171,    1206,    1071,     818,     702,     567,     608,     753,     426,     392,     353,     349,     315,     252,     290,     318,     358,     395
197403,      33,    1166,    1205,    1069,     817,     697,     567,     607,     752,     426,     391,     349,     348,     315,     252,     290,     317,     358,     394
197404,      33,    1164,    1203,    1064,     816,     696,     566,     606,     747,     425,     391,     348,     348,     315,     251,     289,     317,     356,     391
197405,      33,    1161,    1201,    1062,     815,     694,     566,     603,     746,     425,     390,     346,     348,     315,     251,     287,     316,     355,     391
197406,      33,    1159,    1196,    1058,     814,     692,     563,     602,     742,     425,     389,     345,     347,     315,     248,     286,     316,     354,     388
197407,      27,    1067,    1230,    1203,     731,     651,     588,     666,     864,     368,     363,     336,     315,     283,     305,     327,     339,     409,     455
197408,      27,    1066,    1226,    1201,     730,     650,     585,     666,     862,     367,     363,     336,     314,     282,     303,     327,     339,     409,     453
197409,      27,    1064,    1222,    1196,     728,     649,     583,     664,     858,     367,     361,     336,     313,     281,     302,     326,     338,     406,     452
197410,      26,    1061,    1219,    1193,     725,     647,     582,     664,     855,     365,     360,     336,     311,     280,     302,     326,     338,     404,     451
197411,      25,    1058,    1215,    1190,     724,     645,     580,     661,     853,     365,     359,     334,     311,     279,     301,     324,     337,     404,     449
197412,      24,    1057,    1214,    1186,     724,     643,     580,     661,     849,     365,     359,     333,     310,     279,     301,     324,     337,     402,     447
197501,      24,    1057,    1208,    1185,     724,     640,     578,     660,     848,     365,     359,     333,     307,     279,     299,     323,     337,     402,     446
197502,      24,    1057,    1208,    1179,     724,     640,     578,     660,     842,     365,     359,     333,     307,     279,     299,     323,     337,     400,     442
197503,      24,    1054,    1208,    1177,     722,     639,     578,     659,     841,     364,     358,     332,     307,     279,     299,     323,     336,     400,     441
197504,      24,    1054,    1206,    1176,     722,     639,     576,     659,     840,     364,     358,     332,     307,     279,     297,     323,     336,     399,     441
197505,      24,    1053,    1206,    1173,     722,     638,     576,     659,     837,     364,     358,     331,     307,     279,     297,     323,     336,     397,     440
197506,      24,    1053,    1204,    1172,     722,     637,     576,     658,     836,     364,     358,     331,     306,     279,     297,     322,     336,     397,     439
197507,      25,    1085,    1345,    1320,     717,     708,     645,     760,     920,     341,     376,     368,     340,     327,     318,     360,     400,     423,     497
197508,      24,    1085,    1342,    1317,     717,     707,     644,     757,     919,     341,     376,     368,     339,     326,     318,     359,     398,     422,     497
197509,      24,    1081,    1340,    1317,     714,     705,     643,     757,     919,     339,     375,     367,     338,     325,     318,     359,     398,     422,     497
197510,      24,    1079,    1340,    1315,     713,     704,     643,     757,     917,     338,     375,     366,     338,     325,     318,     359,     398,     421,     496
197511,      24,    1077,    1338,    1314,     712,     703,     641,     756,     917,     338,     374,     365,     338,     323,     318,     359,     397,     421,     496
197512,      24,    1074,    1338,    1309,     710,     702,     641,     754,     914,     338,     372,     364,     338,     323,     318,     359,     395,     420,     494
197601,      23,    1071,    1333,    1306,     708,     699,     639,     751,     913,     337,     371,     363,     336,     322,     317,     358,     393,     419,     494
197602,      23,    1069,    1329,    1302,     707,     698,     637,     745,     913,     337,     370,     362,     336,     322,     315,     356,     389,     419,     494
197603,      23,    1067,    1326,    1300,     706,     697,     635,     744,     911,     337,     369,     361,     336,     321,     314,     355,     389,     417,     494
197604,      21,    1066,    1324,    1294,     705,     696,     634,     744,     905,     337,     368,     361,     335,     320,     314,     355,     389,     414,     491
197605,      21,    1062,    1322,    1291,     703,     694,     632,     744,     902,     335,     368,     359,     335,     318,     314,     355,     389,     413,     489
197606,      21,    1059,    1319,    1289,     700,     694,     629,     743,     901,     335,     365,     359,     335,     316,     313,     355,     388,     412,     489
197607,      40,    1075,    1348,    1387,     730,     690,     622,     785,     983,     390,     340,     345,     345,     315,     307,     381,     404,     481,     502
197608,      39,    1073,    1346,    1385,     728,     689,     621,     785,     981,     390,     338,     345,     344,     315,     306,     381,     404,     481,     500
197609,      39,    1071,    1340,    1382,     727,     686,     619,     781,     980,     390,     337,     344,     342,     314,     305,     379,     402,     481,     499
197610,      39,    1070,    1339,    1376,     727,     685,     619,     777,     977,     390,     337,     343,     342,     314,     305,     378,     399,     481,     496
197611,      39,    1068,    1339,    1374,     727,     683,     619,     777,     975,     390,     337,     341,     342,     314,     305,     378,     399,     480,     495
197612,      39,    1067,    1335,    1372,     727,     681,     617,     775,     974,     390,     337,     340,     341,     312,     305,     377,     398,     479,     495
197701,      39,    1062,    1331,    1369,     724,     678,     615,     774,     971,     388,     336,     338,     340,     312,     303,     376,     398,     478,     493
197702,      39,    1054,    1328,    1364,     719,     675,     614,     772,     966,     385,     334,     335,     340,     312,     302,     374,     398,     474,     492
197703,      39,    1050,    1325,    1362,     718,     671,     613,     770,     965,     385,     333,     332,     339,     311,     302,     373,     397,     474,     491
197704,      39,    1047,    1322,    1359,     718,     668,     611,     769,     962,     385,     333,     329,     339,     310,     301,     372,     397,     472,     490
197705,      39,    1047,    1320,    1357,     718,     668,     611,     767,     960,     385,     333,     329,     339,     310,     301,     370,     397,     471,     489
197706,      39,    1039,    1315,    1355,     712,     664,     609,     766,     958,     382,     330,     327,     337,     309,     300,     369,     397,     470,     488
197707,      50,    1108,    1255,    1534,     775,     640,     637,     701,    1144,     431,     344,     333,     307,     322,     315,     311,     390,     490,     654
197708,      50,    1102,    1253,    1528,     770,     638,     637,     698,    1140,     429,     341,     332,     306,     322,     315,     310,     388,     487,     653
197709,      50,    1098,    1249,    1524,     767,     636,     635,     695,    1138,     427,     340,     331,     305,     320,     315,     309,     386,     486,     652
197710,      50,    1096,    1246,    1519,     766,     635,     633,     693,    1134,     427,     339,     330,     305,     319,     314,     308,     385,     484,     650
197711,      49,    1094,    1241,    1513,     765,     633,     631,     691,    1128,     427,     338,     329,     304,     318,     313,     306,     385,     483,     645
197712,      48,    1092,    1240,    1510,     764,     632,     630,     689,    1127,     426,     338,     328,     304,     318,     312,     306,     383,     483,     644
197801,      48,    1084,    1239,    1500,     760,     628,     630,     687,    1118,     423,     337,     324,     304,     318,     312,     305,     382,     478,     640
197802,      47,    1080,    1228,    1491,     757,     625,     627,     678,    1112,     420,     337,     323,     302,     316,     311,     299,     379,     474,     638
197803,      47,    1080,    1227,    1481,     757,     624,     627,     676,    1104,     420,     337,     323,     301,     316,     311,     299,     377,     468,     636
197804,      47,    1080,    1224,    1474,     757,     624,     624,     674,    1099,     420,     337,     323,     301,     316,     308,     299,     375,     466,     633
197805,      47,    1076,    1219,    1466,     754,     622,     620,     672,    1093,     420,     334,     322,     300,     313,     307,     299,     373,     463,     630
197806,      47,    1066,    1212,    1462,     748,     615,     618,     667,    1092,     417,     331,     318,     297,     312,     306,     297,     370,     462,     630
197807,      45,    1246,    1219,    1381,     890,     662,     590,     687,    1017,     536,     354,     356,     306,     299,     291,     323,     364,     441,     576
197808,      44,    1244,    1214,    1376,     889,     660,     588,     683,    1014,     535,     354,     355,     305,     298,     290,     321,     362,     441,     573
197809,      44,    1237,    1203,    1369,     883,     655,     582,     682,    1007,     531,     352,     354,     301,     292,     290,     320,     362,     438,     569
197810,      44,    1232,    1199,    1363,     879,     653,     581,     676,    1005,     528,     351,     353,     300,     291,     290,     318,     358,     437,     568
197811,      41,    1228,    1196,    1357,     876,     652,     579,     675,     999,     527,     349,     352,     300,     290,     289,     317,     358,     435,     564
197812,      41,    1222,    1193,    1352,     874,     647,     577,     673,     996,     525,     349,     348,     299,     288,     289,     317,     356,     434,     562
197901,      41,    1216,    1188,    1346,     869,     645,     574,     672,     990,     520,     349,     347,     298,     286,     288,     316,     356,     433,     557
197902,      41,    1211,    1175,    1338,     867,     639,     567,     667,     984,     518,     349,     344,     295,     283,     284,     313,     354,     431,     553
197903,      41,    1205,    1170,    1331,     863,     636,     564,     665,     978,     515,     348,     342,     294,     283,     281,     312,     353,     428,     550
197904,      41,    1200,    1169,    1326,     861,     633,     564,     663,     974,     513,     348,     339,     294,     283,     281,     311,     352,     428,     546
197905,      41,    1194,    1162,    1320,     856,     628,     563,     660,     969,     509,     347,     338,     290,     283,     280,     309,     351,     424,     545
197906,      41,    1190,    1157,    1316,     854,     625,     559,     659,     966,     507,     347,     336,     289,     281,     278,     309,     350,     423,     543
197907,      57,    1353,    1290,    1186,    1032,     662,     618,     641,     876,     634,     398,     321,     341,     300,     318,     331,     310,     378,     498
197908,      57,    1346,    1279,    1181,    1027,     658,     611,     635,     875,     631,     396,     319,     339,     297,     314,     329,     306,     377,     498
197909,      56,    1343,    1274,    1170,    1025,     656,     609,     629,     868,     630,     395,     318,     338,     296,     313,     327,     302,     375,     493
197910,      56,    1339,    1268,    1163,    1023,     652,     608,     623,     864,     629,     394,     316,     336,     296,     312,     324,     299,     373,     491
197911,      54,    1337,    1265,    1161,    1021,     650,     607,     622,     863,     628,     393,     316,     334,     295,     312,     324,     298,     373,     490
197912,      54,    1326,    1260,    1158,    1012,     645,     605,     621,     861,     622,     390,     314,     331,     295,     310,     324,     297,     372,     489
198001,      54,    1321,    1252,    1152,    1009,     641,     602,     615,     858,     621,     388,     312,     329,     293,     309,     321,     294,     370,     488
198002,      52,    1310,    1244,    1143,    1003,     632,     600,     612,     850,     617,     386,     307,     325,     293,     307,     319,     293,     367,     483
198003,      52,    1302,    1242,    1137,     995,     631,     600,     609,     846,     611,     384,     307,     324,     293,     307,     318,     291,     366,     480
198004,      52,    1298,    1237,    1132,     993,     629,     596,     607,     842,     610,     383,     305,     324,     292,     304,     317,     290,     363,     479
198005,      50,    1294,    1234,    1123,     989,     628,     595,     606,     833,     606,     383,     305,     323,     291,     304,     316,     290,     360,     473
198006,      50,    1289,    1226,    1116,     985,     625,     590,     603,     828,     602,     383,     304,     321,     288,     302,     315,     288,     357,     471
198007,      46,    1368,    1281,    1140,    1044,     639,     633,     660,     813,     717,     327,     324,     315,     300,     333,     333,     327,     325,     488
198008,      45,    1366,    1280,    1137,    1042,     639,     632,     659,     811,     716,     326,     324,     315,     299,     333,     333,     326,     325,     486
198009,      45,    1358,    1275,    1134,    1037,     635,     629,     656,     810,     713,     324,     321,     314,     297,     332,     332,     324,     325,     485
198010,      43,    1348,    1266,    1130,    1028,     633,     623,     653,     807,     706,     322,     320,     313,     293,     330,     330,     323,     323,     484
198011,      42,    1345,    1263,    1125,    1026,     632,     620,     652,     803,     706,     320,     319,     313,     290,     330,     330,     322,     321,     482
198012,      41,    1340,    1258,    1120,    1022,     630,     616,     651,     799,     704,     318,     318,     312,     287,     329,     330,     321,     320,     479
198101,      41,    1337,    1252,    1113,    1020,     627,     613,     647,     795,     703,     317,     317,     310,     286,     327,     329,     318,     319,     476
198102,      41,    1329,    1248,    1103,    1012,     627,     610,     644,     787,     699,     313,     317,     310,     285,     325,     328,     316,     316,     471
198103,      40,    1321,    1239,    1099,    1004,     627,     604,     639,     785,     693,     311,     317,     310,     283,     321,     325,     314,     316,     469
198104,      40,    1317,    1230,    1095,    1001,     622,     602,     634,     783,     690,     311,     316,     306,     283,     319,     322,     312,     316,     467
198105,      40,    1306,    1226,    1092,     992,     618,     602,     632,     780,     687,     305,     314,     304,     283,     319,     320,     312,     315,     465
198106,      38,    1303,    1221,    1090,     991,     615,     600,     630,     778,     686,     305,     312,     303,     281,     319,     318,     312,     315,     463
198107,      49,    1575,    1208,    1115,    1272,     584,     622,     655,     765,     921,     351,     303,     281,     303,     319,     305,     350,     334,     431
198108,      47,    1569,    1202,    1111,    1269,     579,     619,     651,     764,     919,     350,     300,     279,     301,     318,     304,     347,     334,     430
198109,      47,    1563,    1197,    1107,    1265,     575,     617,     650,     760,     917,     348,     298,     277,     299,     318,     303,     347,     332,     428
198110,      46,    1556,    1191,    1103,    1260,     572,     612,     647,     759,     913,     347,     296,     276,     297,     315,     303,     344,     332,     427
198111,      46,    1550,    1184,    1096,    1256,     568,     608,     646,     752,     911,     345,     294,     274,     294,     314,     302,     344,     329,     423
198112,      46,    1544,    1180,    1094,    1251,     566,     606,     645,     750,     906,     345,     293,     273,     292,     314,     301,     344,     329,     421
198201,      45,    1538,    1173,    1088,    1246,     563,     602,     639,     749,     902,     344,     292,     271,     290,     312,     300,     339,     329,     420
198202,      45,    1534,    1166,    1083,    1243,     560,     598,     635,     747,     900,     343,     291,     269,     290,     308,     299,     336,     327,     420
198203,      45,    1527,    1159,    1080,    1237,     559,     593,     632,     745,     896,     341,     290,     269,     288,     305,     297,     335,     325,     420
198204,      45,    1521,    1154,    1074,    1233,     554,     592,     629,     741,     896,     337,     288,     266,     287,     305,     296,     333,     324,     417
198205,      44,    1514,    1145,    1068,    1226,     551,     589,     624,     737,     889,     337,     288,     263,     286,     303,     293,     331,     323,     414
198206,      44,    1508,    1141,    1063,    1223,     546,     587,     624,     732,     886,     337,     285,     261,     286,     301,     293,     331,     320,     412
198207,      74,    1768,    1309,    1035,    1381,     720,     650,     619,     742,     997,     384,     387,     333,     327,     323,     326,     293,     306,     436
198208,      72,    1758,    1307,    1031,    1372,     718,     649,     617,     740,     989,     383,     386,     332,     327,     322,     326,     291,     305,     435
198209,      70,    1750,    1303,    1026,    1366,     714,     647,     616,     736,     983,     383,     384,     330,     326,     321,     326,     290,     305,     431
198210,      67,    1738,    1292,    1021,    1358,     707,     641,     613,     732,     977,     381,     380,     327,     322,     319,     324,     289,     305,     427
198211,      63,    1731,    1288,    1014,    1352,     705,     639,     611,     726,     972,     380,     379,     326,     322,     317,     323,     288,     302,     424
198212,      63,    1720,    1285,    1007,    1344,     702,     638,     606,     722,     965,     379,     376,     326,     321,     317,     321,     285,     301,     421
198301,      61,    1710,    1275,    1006,    1336,     696,     634,     604,     721,     959,     377,     374,     322,     318,     316,     319,     285,     301,     420
198302,      60,    1698,    1265,     998,    1328,     690,     628,     601,     714,     954,     374,     370,     320,     313,     315,     317,     284,     299,     415
198303,      60,    1689,    1259,     996,    1320,     687,     624,     601,     712,     949,     371,     369,     318,     312,     312,     317,     284,     298,     414
198304,      59,    1684,    1255,     989,    1316,     686,     621,     598,     707,     947,     369,     368,     318,     311,     310,     316,     282,     297,     410
198305,      59,    1677,    1253,     984,    1309,     686,     619,     597,     703,     941,     368,     368,     318,     309,     310,     316,     281,     297,     406
198306,      59,    1667,    1249,     978,    1299,     686,     617,     593,     699,     934,     365,     368,     318,     307,     310,     314,     279,     296,     403
198307,      75,    1732,    1357,    1075,    1302,     781,     685,     648,     748,     906,     396,     430,     351,     330,     355,     321,     327,     296,     452
198308,      75,    1726,    1354,    1068,    1300,     775,     684,     646,     743,     904,     396,     426,     349,     329,     355,     321,     325,     292,     451
198309,      72,    1720,    1343,    1061,    1297,     770,     677,     642,     738,     902,     395,     423,     347,     325,     352,     319,     323,     292,     446
198310,      69,    1712,    1338,    1057,    1290,     768,     674,     639,     736,     896,     394,     422,     346,     324,     350,     318,     321,     292,     444
198311,      67,    1708,    1331,    1054,    1287,     767,     669,     637,     733,     894,     393,     421,     346,     321,     348,     316,     321,     291,     442
198312,      66,    1705,    1325,    1049,    1286,     763,     667,     634,     729,     893,     393,     419,     344,     320,     347,     314,     320,     289,     440
198401,      64,    1698,    1315,    1042,    1281,     758,     661,     632,     723,     889,     392,     417,     341,     316,     345,     313,     319,     287,     436
198402,      63,    1687,    1304,    1034,    1273,     753,     654,     629,     716,     883,     390,     414,     339,     314,     340,     311,     318,     284,     432
198403,      61,    1680,    1296,    1023,    1268,     749,     650,     625,     707,     882,     386,     412,     337,     310,     340,     309,     316,     282,     425
198404,      60,    1675,    1291,    1018,    1263,     748,     647,     624,     702,     879,     384,     412,     336,     308,     339,     308,     316,     280,     422
198405,      60,    1669,    1287,    1010,    1259,     745,     644,     623,     695,     879,     380,     410,     335,     305,     339,     308,     315,     280,     415
198406,      60,    1661,    1281,    1004,    1252,     743,     640,     621,     690,     873,     379,     409,     334,     304,     336,     307,     314,     279,     411
198407,     106,    2103,    1399,    1020,    1655,     835,     684,     666,     682,    1181,     474,     448,     387,     378,     306,     328,     338,     291,     391
198408,     105,    2095,    1396,    1009,    1650,     831,     683,     660,     676,    1179,     471,     445,     386,     377,     306,     327,     333,     289,     387
198409,     103,    2089,    1390,    1002,    1646,     828,     679,     657,     671,    1177,     469,     443,     385,     374,     305,     326,     331,     288,     383
198410,      99,    2073,    1374,     992,    1631,     823,     674,     647,     664,    1164,     467,     442,     381,     370,     304,     319,     328,     287,     377
198411,      97,    2059,    1358,     985,    1620,     819,     663,     642,     658,    1156,     464,     439,     380,     364,     299,     315,     327,     284,     374
198412,      94,    2041,    1345,     975,    1605,     811,     660,     635,     650,    1145,     460,     436,     375,     363,     297,     310,     325,     280,     370
198501,      91,    2033,    1333,     969,    1600,     802,     655,     633,     645,    1140,     460,     433,     369,     360,     295,     309,     324,     278,     367
198502,      89,    2015,    1326,     959,    1587,     796,     650,     629,     638,    1130,     457,     428,     368,     355,     295,     308,     321,     275,     363
198503,      89,    2007,    1315,     951,    1583,     789,     643,     626,     632,    1127,     456,     424,     365,     351,     292,     307,     319,     272,     360
198504,      87,    1993,    1314,     944,    1572,     786,     642,     623,     628,    1120,     452,     421,     365,     351,     291,     307,     316,     271,     357
198505,      86,    1983,    1308,     940,    1563,     783,     640,     620,     625,    1115,     448,     420,     363,     350,     290,     305,     315,     271,     354
198506,      86,    1972,    1295,     929,    1554,     779,     633,     614,     616,    1110,     444,     418,     361,     346,     287,     301,     313,     267,     349
198507,     106,    2008,    1490,    1095,    1513,     859,     757,     683,     781,    1009,     504,     495,     364,     364,     393,     369,     314,     322,     459
198508,     102,    1997,    1481,    1091,    1505,     856,     750,     680,     778,    1002,     503,     492,     364,     360,     390,     367,     313,     322,     456
198509,     101,    1981,    1476,    1076,    1491,     852,     749,     675,     766,     993,     498,     490,     362,     359,     390,     365,     310,     319,     447
198510,      98,    1973,    1467,    1067,    1485,     849,     745,     669,     759,     989,     496,     488,     361,     356,     389,     361,     308,     317,     442
198511,      96,    1963,    1455,    1056,    1477,     845,     739,     662,     751,     984,     493,     486,     359,     355,     384,     357,     305,     314,     437
198512,      94,    1950,    1438,    1049,    1465,     839,     731,     658,     744,     976,     489,     485,     354,     353,     378,     353,     305,     311,     433
198601,      93,    1927,    1431,    1042,    1447,     832,     727,     656,     738,     964,     483,     480,     352,     352,     375,     352,     304,     308,     430
198602,      91,    1914,    1422,    1037,    1435,     829,     720,     654,     735,     954,     481,     479,     350,     349,     371,     352,     302,     307,     428
198603,      91,    1901,    1416,    1034,    1424,     826,     716,     651,     734,     947,     477,     477,     349,     348,     368,     351,     300,     306,     428
198604,      88,    1885,    1405,    1028,    1410,     822,     709,     647,     730,     938,     472,     475,     347,     344,     365,     349,     298,     305,     425
198605,      85,    1875,    1394,    1017,    1402,     816,     703,     644,     721,     932,     470,     473,     343,     343,     360,     348,     296,     301,     420
198606,      83,    1860,    1386,    1008,    1391,     810,     700,     640,     713,     922,     469,     469,     341,     342,     358,     345,     295,     296,     417
198607,     134,    1911,    1505,    1115,    1459,     849,     775,     645,     803,    1009,     450,     452,     397,     407,     368,     333,     312,     312,     491
198608,     126,    1900,    1495,    1106,    1450,     843,     772,     639,     797,    1004,     446,     450,     393,     406,     366,     330,     309,     311,     486
198609,     124,    1886,    1486,    1097,    1441,     833,     769,     637,     789,     997,     444,     445,     388,     404,     365,     329,     308,     310,     479
198610,     122,    1871,    1475,    1088,    1430,     828,     761,     633,     782,     989,     441,     441,     387,     401,     360,     327,     306,     307,     475
198611,     120,    1857,    1455,    1080,    1421,     817,     752,     628,     774,     982,     439,     436,     381,     397,     355,     322,     306,     302,     472
198612,     117,    1842,    1438,    1068,    1407,     810,     743,     624,     764,     972,     435,     435,     375,     394,     349,     320,     304,     300,     464
198701,     113,    1818,    1407,    1046,    1393,     793,     729,     609,     747,     964,     429,     425,     368,     385,     344,     310,     299,     293,     454
198702,     112,    1804,    1396,    1039,    1383,     785,     725,     606,     740,     959,     424,     421,     364,     383,     342,     307,     299,     291,     449
198703,     109,    1798,    1391,    1037,    1380,     777,     725,     605,     739,     957,     423,     418,     359,     383,     342,     307,     298,     291,     448
198704,     108,    1785,    1384,    1028,    1376,     767,     720,     602,     732,     953,     423,     409,     358,     378,     342,     306,     296,     290,     442
198705,     107,    1779,    1376,    1020,    1373,     762,     717,     596,     727,     950,     423,     406,     356,     376,     341,     303,     293,     288,     439
198706,     106,    1769,    1370,    1016,    1367,     758,     715,     590,     725,     945,     422,     402,     356,     375,     340,     299,     291,     287,     438
198707,     180,    1923,    1576,    1244,    1528,     814,     835,     587,     979,    1032,     496,     395,     419,     406,     429,     322,     265,     422,     557
198708,     177,    1914,    1566,    1235,    1522,     807,     831,     583,     972,    1028,     494,     392,     415,     403,     428,     320,     263,     420,     552
198709,     169,    1899,    1557,    1227,    1507,     805,     826,     581,     964,    1016,     491,     392,     413,     400,     426,     318,     263,     414,     550
198710,     167,    1888,    1549,    1219,    1496,     801,     824,     579,     956,    1008,     488,     392,     409,     400,     424,     316,     263,     410,     546
198711,     165,    1873,    1538,    1206,    1482,     796,     820,     573,     946,     999,     483,     391,     405,     399,     421,     313,     260,     407,     539
198712,     159,    1863,    1523,    1194,    1472,     787,     814,     570,     937,     993,     479,     391,     396,     397,     417,     313,     257,     404,     533
198801,     155,    1847,    1511,    1185,    1458,     781,     808,     568,     928,     982,     476,     389,     392,     392,     416,     311,     257,     402,     526
198802,     153,    1838,    1502,    1176,    1451,     777,     801,     566,     921,     977,     474,     387,     390,     387,     414,     311,     255,     400,     521
198803,     151,    1818,    1496,    1162,    1434,     773,     797,     564,     908,     963,     471,     384,     389,     385,     412,     310,     254,     393,     515
198804,     150,    1804,    1477,    1158,    1422,     766,     790,     555,     906,     954,     468,     382,     384,     381,     409,     303,     252,     393,     513
198805,     149,    1790,    1465,    1149,    1411,     759,     784,     551,     899,     945,     466,     379,     380,     378,     406,     301,     250,     391,     508
198806,     143,    1771,    1453,    1132,    1396,     752,     778,     547,     883,     935,     461,     375,     377,     377,     401,     298,     249,     379,     504
198807,     191,    1871,    1550,    1428,    1406,     846,     828,     734,    1035,     845,     561,     465,     381,     439,     389,     341,     393,     435,     600
198808,     187,    1863,    1542,    1414,    1399,     842,     824,     729,    1025,     843,     556,     464,     378,     435,     389,     340,     389,     429,     596
198809,     180,    1848,    1531,    1399,    1385,     835,     821,     724,    1013,     834,     551,     463,     372,     434,     387,     338,     386,     424,     589
198810,     175,    1832,    1515,    1390,    1372,     831,     807,     720,    1007,     826,     546,     460,     371,     427,     380,     337,     383,     422,     585
198811,     175,    1818,    1505,    1382,    1363,     824,     802,     713,    1003,     820,     543,     455,     369,     426,     376,     334,     379,     419,     584
198812,     173,    1800,    1490,    1371,    1351,     813,     794,     708,     995,     808,     543,     449,     364,     423,     371,     332,     376,     419,     576
198901,     170,    1773,    1474,    1355,    1327,     807,     786,     700,     982,     792,     535,     446,     361,     416,     370,     327,     373,     411,     571
198902,     168,    1758,    1463,    1342,    1315,     803,     781,     690,     974,     783,     532,     443,     360,     415,     366,     322,     368,     407,     567
198903,     166,    1745,    1453,    1333,    1305,     796,     776,     688,     966,     777,     528,     440,     356,     413,     363,     321,     367,     404,     562
198904,     163,    1728,    1442,    1325,    1293,     788,     771,     685,     958,     771,     522,     435,     353,     411,     360,     318,     367,     401,     557
198905,     161,    1721,    1435,    1314,    1287,     786,     768,     678,     951,     768,     519,     434,     352,     410,     358,     315,     363,     398,     553
198906,     161,    1708,    1420,    1305,    1279,     777,     760,     674,     943,     762,     517,     429,     348,     406,     354,     312,     362,     393,     550
198907,     207,    1813,    1491,    1380,    1330,     877,     752,     714,    1011,     876,     454,     483,     394,     360,     392,     345,     369,     412,     599
198908,     204,    1801,    1485,    1372,    1322,     869,     750,     713,    1004,     872,     450,     479,     390,     360,     390,     345,     368,     410,     594
198909,     197,    1783,    1476,    1363,    1310,     860,     745,     711,     996,     864,     446,     473,     387,     357,     388,     344,     367,     407,     589
198910,     192,    1770,    1471,    1349,    1299,     856,     744,     706,     985,     856,     443,     471,     385,     357,     387,     342,     364,     403,     582
198911,     191,    1758,    1463,    1341,    1292,     848,     742,     703,     977,     850,     442,     466,     382,     355,     387,     339,     364,     399,     578
198912,     188,    1741,    1454,    1331,    1280,     841,     737,     697,     971,     846,     434,     461,     380,     352,     385,     337,     360,     396,     575
199001,     185,    1730,    1449,    1321,    1271,     839,     734,     691,     965,     839,     432,     459,     380,     350,     384,     335,     356,     395,     570
199002,     183,    1715,    1440,    1308,    1260,     833,     731,     684,     955,     829,     431,     455,     378,     349,     382,     331,     353,     392,     563
199003,     180,    1701,    1434,    1302,    1248,     828,     729,     682,     950,     821,     427,     453,     375,     349,     380,     330,     352,     391,     559
199004,     178,    1687,    1427,    1293,    1235,     823,     727,     681,     941,     811,     424,     452,     371,     348,     379,     329,     352,     387,     554
199005,     174,    1672,    1419,    1287,    1221,     819,     723,     677,     938,     799,     422,     451,     368,     348,     375,     328,     349,     386,     552
199006,     173,    1665,    1409,    1272,    1215,     817,     718,     672,     924,     795,     420,     450,     367,     346,     372,     324,     348,     380,     544
199007,     216,    1624,    1499,    1428,    1248,     765,     708,     732,    1098,     821,     427,     376,     389,     368,     340,     402,     330,     394,     704
199008,     210,    1614,    1492,    1414,    1242,     759,     703,     731,    1085,     816,     426,     372,     387,     364,     339,     402,     329,     389,     696
199009,     207,    1602,    1484,    1403,    1234,     752,     701,     726,    1076,     811,     423,     368,     384,     363,     338,     399,     327,     386,     690
199010,     205,    1595,    1477,    1395,    1227,     748,     699,     724,    1069,     806,     421,     368,     380,     362,     337,     398,     326,     381,     688
199011,     199,    1585,    1469,    1385,    1219,     745,     694,     720,    1061,     802,     417,     366,     379,     360,     334,     396,     324,     380,     681
199012,     191,    1576,    1465,    1375,    1211,     743,     692,     718,    1052,     797,     414,     365,     378,     359,     333,     395,     323,     377,     675
199101,     188,    1571,    1458,    1368,    1206,     742,     687,     716,    1046,     792,     414,     365,     377,     354,     333,     394,     322,     375,     671
199102,     183,    1563,    1449,    1362,    1200,     738,     685,     710,    1041,     788,     412,     363,     375,     353,     332,     389,     321,     373,     668
199103,     180,    1556,    1444,    1356,    1193,     736,     683,     708,    1036,     782,     411,     363,     373,     352,     331,     388,     320,     373,     663
199104,     176,    1548,    1439,    1348,    1187,     733,     681,     706,    1028,     776,     411,     361,     372,     351,     330,     386,     320,     372,     656
199105,     169,    1536,    1432,    1337,    1176,     731,     677,     704,    1017,     767,     409,     360,     371,     349,     328,     384,     320,     368,     649
199106,     169,    1527,    1427,    1328,    1168,     729,     675,     701,    1009,     761,     407,     359,     370,     349,     326,     382,     319,     368,     641
199107,     217,    1593,    1412,    1515,    1202,     730,     737,     712,    1139,     748,     454,     391,     339,     360,     377,     336,     376,     493,     646
199108,     211,    1578,    1406,    1502,    1192,     724,     732,     711,    1127,     741,     451,     386,     338,     358,     374,     336,     375,     488,     639
199109,     207,    1572,    1401,    1491,    1186,     724,     729,     707,    1118,     736,     450,     386,     338,     355,     374,     334,     373,     486,     632
199110,     203,    1570,    1398,    1482,    1184,     724,     726,     703,    1113,     735,     449,     386,     338,     353,     373,     334,     369,     485,     628
199111,     198,    1564,    1391,    1475,    1179,     722,     721,     701,    1107,     731,     448,     385,     337,     349,     372,     333,     368,     484,     623
199112,     195,    1559,    1384,    1462,    1176,     719,     717,     698,    1095,     729,     447,     383,     336,     346,     371,     331,     367,     483,     612
199201,     189,    1546,    1381,    1448,    1165,     716,     716,     694,    1084,     722,     443,     381,     335,     346,     370,     330,     364,     480,     604
199202,     183,    1542,    1376,    1435,    1161,     715,     716,     688,    1073,     718,     443,     381,     334,     346,     370,     326,     362,     476,     597
199203,     180,    1532,    1369,    1426,    1152,     711,     714,     685,    1065,     710,     442,     380,     331,     346,     368,     324,     361,     474,     591
199204,     178,    1527,    1365,    1408,    1149,     709,     711,     680,    1051,     709,     440,     378,     331,     343,     368,     323,     357,     472,     579
199205,     177,    1516,    1359,    1396,    1141,     705,     707,     675,    1043,     703,     438,     375,     330,     339,     368,     322,     353,     469,     574
199206,     172,    1491,    1353,    1387,    1120,     700,     703,     673,    1035,     687,     433,     371,     329,     336,     367,     321,     352,     464,     571
199207,     241,    1744,    1298,    1527,    1321,     760,     677,     646,    1165,     831,     490,     423,     337,     373,     304,     284,     362,     487,     678
199208,     231,    1734,    1292,    1509,    1314,     753,     675,     643,    1150,     826,     488,     420,     333,     372,     303,     284,     359,     484,     666
199209,     226,    1724,    1286,    1494,    1306,     751,     670,     641,    1136,     819,     487,     418,     333,     369,     301,     283,     358,     480,     656
199210,     218,    1717,    1286,    1487,    1302,     748,     670,     641,    1129,     816,     486,     415,     333,     369,     301,     283,     358,     479,     650
199211,     211,    1707,    1278,    1473,    1294,     744,     667,     638,    1115,     809,     485,     413,     331,     368,     299,     280,     358,     472,     643
199212,     208,    1703,    1275,    1464,    1291,     743,     664,     637,    1107,     806,     485,     412,     331,     365,     299,     280,     357,     471,     636
199301,     206,    1699,    1268,    1460,    1287,     740,     661,     636,    1103,     802,     485,     412,     328,     365,     296,     279,     357,     469,     634
199302,     203,    1693,    1266,    1449,    1282,     739,     659,     635,    1093,     798,     484,     411,     328,     365,     294,     279,     356,     466,     627
199303,     203,    1688,    1260,    1442,    1278,     737,     656,     633,    1086,     795,     483,     410,     327,     364,     292,     277,     356,     466,     620
199304,     201,    1682,    1253,    1433,    1274,     733,     653,     630,    1078,     792,     482,     408,     325,     362,     291,     275,     355,     464,     614
199305,     197,    1678,    1251,    1429,    1270,     732,     653,     628,    1075,     790,     480,     408,     324,     362,     291,     274,     354,     462,     613
199306,     196,    1672,    1245,    1425,    1265,     729,     652,     625,    1071,     786,     479,     407,     322,     361,     291,     271,     354,     461,     610
199307,     222,    1851,    1481,    1486,    1361,     875,     745,     715,    1122,     820,     541,     490,     385,     393,     352,     351,     364,     470,     652
199308,     218,    1843,    1475,    1476,    1355,     871,     743,     713,    1112,     816,     539,     488,     383,     392,     351,     349,     364,     464,     648
199309,     215,    1836,    1470,    1467,    1350,     868,     741,     709,    1105,     811,     539,     486,     382,     391,     350,     347,     362,     462,     643
199310,     213,    1827,    1467,    1465,    1343,     864,     740,     708,    1104,     807,     536,     484,     380,     390,     350,     347,     361,     462,     642
199311,     208,    1820,    1464,    1461,    1338,     860,     739,     707,    1101,     804,     534,     482,     378,     389,     350,     347,     360,     460,     641
199312,     205,    1816,    1459,    1455,    1334,     858,     737,     706,    1095,     801,     533,     482,     376,     389,     348,     346,     360,     457,     638
199401,     201,    1807,    1456,    1447,    1327,     856,     736,     704,    1087,     797,     530,     480,     376,     388,     348,     344,     360,     454,     633
199402,     199,    1803,    1454,    1435,    1325,     853,     735,     703,    1076,     795,     530,     478,     375,     387,     348,     344,     359,     453,     623
199403,     196,    1793,    1447,    1429,    1318,     850,     729,     702,    1070,     790,     528,     475,     375,     383,     346,     343,     359,     451,     619
199404,     193,    1790,    1444,    1421,    1315,     849,     728,     699,    1064,     787,     528,     475,     374,     382,     346,     342,     357,     450,     614
199405,     192,    1783,    1440,    1411,    1312,     845,     724,     696,    1057,     785,     527,     471,     374,     380,     344,     342,     354,     446,     611
199406,     192,    1774,    1434,    1403,    1303,     845,     720,     693,    1050,     780,     523,     471,     374,     378,     342,     340,     353,     443,     607
199407,     248,    1991,    1681,    2111,    1535,     931,     818,     892,    1607,     950,     585,     456,     475,     423,     395,     388,     504,     619,     988
199408,     245,    1987,    1672,    2101,    1531,     930,     814,     885,    1600,     947,     584,     456,     474,     419,     395,     384,     501,     616,     984
199409,     242,    1979,    1664,    2088,    1524,     927,     811,     879,    1590,     944,     580,     455,     472,     418,     393,     381,     498,     612,     978
199410,     240,    1971,    1656,    2067,    1517,     924,     806,     873,    1574,     939,     578,     454,     470,     414,     392,     380,     493,     608,     966
199411,     237,    1963,    1646,    2056,    1509,     920,     802,     871,    1563,     934,     575,     454,     466,     411,     391,     378,     493,     606,     957
199412,     236,    1954,    1641,    2039,    1503,     916,     801,     866,    1548,     929,     574,     451,     465,     410,     391,     375,     491,     598,     950
199501,     228,    1943,    1632,    2016,    1492,     912,     798,     859,    1530,     921,     571,     451,     461,     407,     391,     373,     486,     589,     941
199502,     225,    1934,    1624,    1991,    1483,     910,     795,     853,    1508,     916,     567,     451,     459,     406,     389,     370,     483,     581,     927
199503,     223,    1915,    1620,    1979,    1468,     905,     793,     849,    1499,     908,     560,     447,     458,     404,     389,     369,     480,     576,     923
199504,     220,    1906,    1612,    1956,    1462,     898,     789,     838,    1487,     904,     558,     444,     454,     401,     388,     369,     469,     573,     914
199505,     215,    1893,    1608,    1950,    1451,     896,     786,     836,    1482,     896,     555,     442,     454,     400,     386,     368,     468,     570,     912
199506,     209,    1876,    1600,    1932,    1437,     891,     781,     831,    1468,     888,     549,     439,     452,     399,     382,     367,     464,     566,     902
199507,     214,    1951,    1898,    2221,    1503,     864,    1013,    1028,    1662,     905,     598,     448,     416,     521,     492,     469,     559,     653,    1009
199508,     212,    1935,    1888,    2205,    1490,     858,    1008,    1019,    1653,     894,     596,     445,     413,     519,     489,     467,     552,     648,    1005
199509,     209,    1926,    1879,    2188,    1484,     852,    1004,    1011,    1642,     891,     593,     442,     410,     519,     485,     465,     546,     646,     996
199510,     207,    1920,    1866,    2174,    1481,     845,     999,    1006,    1629,     888,     593,     439,     406,     516,     483,     461,     545,     642,     987
199511,     203,    1911,    1854,    2154,    1473,     843,     991,     999,    1613,     884,     589,     438,     405,     511,     480,     458,     541,     638,     975
199512,     200,    1902,    1838,    2138,    1471,     831,     984,     994,    1598,     882,     589,     431,     400,     507,     477,     454,     540,     630,     968
199601,     197,    1890,    1829,    2119,    1464,     825,     981,     987,    1581,     878,     586,     426,     399,     505,     476,     449,     538,     623,     958
199602,     195,    1877,    1810,    2093,    1454,     820,     973,     974,    1559,     872,     582,     423,     397,     502,     471,     440,     534,     614,     945
199603,     193,    1864,    1805,    2070,    1444,     817,     969,     968,    1541,     864,     580,     420,     397,     501,     468,     439,     529,     609,     932
199604,     193,    1856,    1795,    2055,    1439,     814,     962,     960,    1531,     863,     576,     417,     397,     500,     462,     436,     524,     604,     927
199605,     190,    1848,    1785,    2036,    1431,     813,     955,     953,    1517,     858,     573,     417,     396,     497,     458,     434,     519,     599,     918
199606,     185,    1834,    1775,    2022,    1420,     808,     950,     950,    1503,     850,     570,     414,     394,     496,     454,     431,     519,     598,     905
199607,     231,    2106,    1854,    2281,    1623,     976,     914,    1036,    1692,    1002,     621,     483,     493,     439,     475,     447,     589,     676,    1016
199608,     228,    2095,    1844,    2262,    1614,     972,     908,    1028,    1679,     995,     619,     481,     491,     433,     475,     445,     583,     669,    1010
199609,     225,    2085,    1826,    2246,    1606,     966,     899,    1022,    1664,     990,     616,     479,     487,     431,     468,     440,     582,     665,     999
199610,     223,    2075,    1817,    2229,    1599,     963,     890,    1018,    1651,     988,     611,     476,     487,     427,     463,     440,     578,     658,     993
199611,     217,    2066,    1808,    2208,    1592,     959,     887,    1008,    1636,     984,     608,     474,     485,     425,     462,     436,     572,     653,     983
199612,     213,    2057,    1799,    2191,    1585,     955,     884,    1002,    1621,     980,     605,     472,     483,     423,     461,     432,     570,     645,     976
199701,     212,    2043,    1786,    2167,    1576,     945,     879,     994,    1602,     973,     603,     467,     478,     418,     461,     429,     565,     639,     963
199702,     206,    2032,    1775,    2144,    1570,     936,     873,     984,    1588,     970,     600,     462,     474,     417,     456,     428,     556,     633,     955
199703,     204,    2019,    1765,    2132,    1559,     931,     866,     984,    1576,     962,     597,     460,     471,     413,     453,     428,     556,     630,     946
199704,     201,    2004,    1751,    2111,    1544,     928,     858,     976,    1560,     953,     591,     460,     468,     410,     448,     425,     551,     625,     935
199705,     196,    1991,    1741,    2100,    1536,     920,     856,     968,    1552,     949,     587,     455,     465,     409,     447,     420,     548,     622,     930
199706,     193,    1980,    1729,    2088,    1530,     909,     852,     961,    1545,     944,     586,     450,     459,     408,     444,     418,     543,     621,     924
199707,     242,    2131,    2114,    2369,    1566,    1148,     979,    1145,    1776,     933,     633,     565,     583,     512,     467,     552,     593,     760,    1016
199708,     236,    2118,    2094,    2340,    1556,    1142,     971,    1132,    1751,     925,     631,     562,     580,     507,     464,     543,     589,     756,     995
199709,     231,    2099,    2073,    2317,    1541,    1130,     962,    1121,    1735,     915,     626,     558,     572,     501,     461,     539,     582,     746,     989
199710,     225,    2091,    2056,    2294,    1535,    1123,     953,    1115,    1715,     911,     624,     556,     567,     494,     459,     536,     579,     734,     981
199711,     225,    2082,    2034,    2266,    1529,    1114,     943,    1100,    1696,     908,     621,     553,     561,     488,     455,     530,     570,     728,     968
199712,     223,    2067,    2020,    2248,    1518,    1106,     936,    1096,    1679,     904,     614,     549,     557,     484,     452,     527,     569,     717,     962
199801,     219,    2043,    1996,    2216,    1500,    1095,     924,    1085,    1651,     897,     603,     543,     552,     477,     447,     520,     565,     707,     944
199802,     214,    2029,    1979,    2190,    1487,    1089,     917,    1075,    1630,     886,     601,     542,     547,     473,     444,     515,     560,     699,     931
199803,     211,    2011,    1964,    2169,    1475,    1077,     911,    1062,    1619,     881,     594,     536,     541,     471,     440,     512,     550,     693,     926
199804,     205,    1992,    1949,    2134,    1459,    1067,     908,    1051,    1590,     872,     587,     533,     534,     469,     439,     507,     544,     685,     905
199805,     202,    1981,    1932,    2105,    1452,    1059,     899,    1037,    1571,     868,     584,     529,     530,     464,     435,     503,     534,     672,     899
199806,     200,    1960,    1918,    2086,    1434,    1055,     893,    1025,    1557,     857,     577,     526,     529,     460,     433,     496,     529,     667,     890
199807,     259,    1942,    2195,    2311,    1377,    1062,    1135,    1151,    1723,     801,     576,     565,     497,     563,     572,     563,     588,     747,     976
199808,     253,    1926,    2166,    2285,    1368,    1050,    1118,    1141,    1700,     799,     569,     558,     492,     554,     564,     556,     585,     742,     958
199809,     248,    1902,    2149,    2259,    1350,    1040,    1110,    1129,    1681,     790,     560,     552,     488,     550,     560,     551,     578,     733,     948
199810,     238,    1885,    2128,    2231,    1338,    1032,    1096,    1122,    1656,     780,     558,     547,     485,     544,     552,     547,     575,     727,     929
199811,     222,    1857,    2099,    2192,    1316,    1016,    1087,    1105,    1624,     765,     551,     541,     475,     538,     549,     537,     568,     716,     908
199812,     219,    1843,    2089,    2159,    1305,    1012,    1080,    1098,    1596,     758,     547,     538,     474,     535,     545,     535,     563,     710,     886
199901,     211,    1826,    2068,    2127,    1296,    1001,    1070,    1087,    1567,     751,     545,     530,     471,     530,     540,     527,     560,     706,     861
199902,     209,    1808,    2043,    2096,    1282,     990,    1057,    1077,    1541,     741,     541,     526,     464,     521,     536,     522,     555,     699,     842
199903,     201,    1794,    2030,    2069,    1270,     985,    1049,    1071,    1518,     730,     540,     524,     461,     518,     531,     520,     551,     689,     829
199904,     194,    1769,    2002,    2036,    1253,     972,    1035,    1050,    1497,     718,     535,     516,     456,     510,     525,     511,     539,     679,     818
199905,     193,    1760,    1977,    2007,    1244,     968,    1024,    1030,    1478,     711,     533,     516,     452,     507,     517,     501,     529,     671,     807
199906,     190,    1747,    1950,    1991,    1236,     957,    1008,    1022,    1465,     707,     529,     511,     446,     502,     506,     496,     526,     666,     799
199907,     244,    1725,    1963,    2305,    1233,    1001,     916,    1236,    1607,     680,     553,     492,     509,     439,     477,     538,     698,     777,     830
199908,     236,    1710,    1935,    2280,    1225,     988,     903,    1223,    1586,     675,     550,     485,     503,     434,     469,     529,     694,     767,     819
199909,     228,    1691,    1911,    2256,    1213,     977,     887,    1210,    1571,     664,     549,     478,     499,     426,     461,     525,     685,     764,     807
199910,     218,    1673,    1891,    2233,    1200,     968,     878,    1201,    1550,     655,     545,     473,     495,     420,     458,     518,     683,     756,     794
199911,     211,    1657,    1870,    2211,    1189,     958,     865,    1192,    1534,     647,     542,     468,     490,     412,     453,     515,     677,     748,     786
199912,     207,    1636,    1837,    2185,    1175,     941,     849,    1180,    1513,     640,     535,     461,     480,     405,     444,     508,     672,     740,     773
200001,     204,    1622,    1818,    2148,    1165,     934,     838,    1166,    1485,     635,     530,     457,     477,     401,     437,     503,     663,     733,     752
200002,     202,    1611,    1798,    2128,    1158,     927,     827,    1157,    1468,     631,     527,     453,     474,     396,     431,     497,     660,     725,     743
200003,     197,    1593,    1778,    2111,    1144,     921,     812,    1151,    1454,     622,     522,     449,     472,     387,     425,     494,     657,     717,     737
200004,     192,    1579,    1758,    2081,    1133,     912,     804,    1134,    1435,     617,     516,     446,     466,     382,     422,     488,     646,     706,     729
200005,     189,    1567,    1740,    2062,    1125,     904,     797,    1124,    1419,     614,     511,     442,     462,     380,     417,     481,     643,     698,     721
200006,     187,    1556,    1722,    2045,    1116,     897,     789,    1115,    1406,     607,     509,     440,     457,     376,     413,     476,     639,     690,     716
200007,     256,    2102,    1843,    1894,    1657,     871,     890,    1057,    1364,    1029,     628,     445,     426,     437,     453,     527,     530,     732,     632
200008,     249,    2082,    1831,    1876,    1642,     865,     884,    1050,    1348,    1020,     622,     440,     425,     434,     450,     522,     528,     723,     625
200009,     247,    2063,    1811,    1860,    1627,     858,     873,    1036,    1340,    1009,     618,     436,     422,     430,     443,     516,     520,     721,     619
200010,     245,    2044,    1782,    1842,    1610,     848,     864,    1017,    1329,     998,     612,     434,     414,     427,     437,     504,     513,     715,     614
200011,     236,    2022,    1759,    1812,    1593,     840,     853,    1002,    1305,     987,     606,     429,     411,     421,     432,     495,     507,     706,     599
200012,     227,    2005,    1739,    1776,    1583,     828,     843,     993,    1273,     981,     602,     422,     406,     416,     427,     490,     503,     693,     580
200101,     221,    1982,    1715,    1752,    1567,     816,     828,     987,    1251,     970,     597,     415,     401,     408,     420,     486,     501,     687,     564
200102,     216,    1951,    1696,    1725,    1542,     805,     817,     979,    1229,     954,     588,     409,     396,     403,     414,     483,     496,     680,     549
200103,     210,    1937,    1675,    1710,    1533,     794,     805,     972,    1218,     949,     584,     404,     390,     396,     409,     480,     492,     674,     544
200104,     203,    1921,    1660,    1689,    1524,     782,     798,     963,    1203,     943,     581,     397,     385,     392,     406,     477,     486,     669,     534
200105,     194,    1899,    1639,    1662,    1504,     775,     787,     954,    1180,     927,     577,     395,     380,     383,     404,     472,     482,     657,     523
200106,     189,    1879,    1626,    1628,    1487,     768,     784,     938,    1156,     915,     572,     392,     376,     381,     403,     466,     472,     650,     506
200107,     209,    1493,    1756,    2291,    1101,     770,     841,    1214,    1614,     593,     508,     392,     378,     394,     447,     537,     677,     885,     729
200108,     200,    1476,    1743,    2267,    1090,     763,     834,    1205,    1594,     589,     501,     386,     377,     391,     443,     532,     673,     880,     714
200109,     195,    1456,    1726,    2213,    1078,     749,     828,    1186,    1554,     582,     496,     378,     371,     386,     442,     527,     659,     861,     693
200110,     193,    1450,    1716,    2185,    1074,     745,     822,    1177,    1533,     579,     495,     376,     369,     385,     437,     525,     652,     852,     681
200111,     192,    1444,    1701,    2162,    1069,     740,     817,    1167,    1514,     577,     492,     375,     365,     383,     434,     519,     648,     846,     668
200112,     189,    1431,    1682,    2122,    1057,     736,     808,    1152,    1482,     569,     488,     374,     362,     377,     431,     512,     640,     835,     647
200201,     185,    1419,    1667,    2100,    1047,     733,     799,    1142,    1465,     565,     482,     372,     361,     372,     427,     507,     635,     826,     639
200202,     184,    1407,    1658,    2067,    1037,     730,     796,    1125,    1444,     560,     477,     370,     360,     371,     425,     502,     623,     816,     628
200203,     183,    1399,    1650,    2035,    1031,     727,     792,    1111,    1423,     558,     473,     368,     359,     370,     422,     499,     612,     805,     618
200204,     181,    1393,    1633,    2014,    1025,     724,     784,    1100,    1407,     554,     471,     368,     356,     365,     419,     493,     607,     797,     610
200205,     175,    1377,    1626,    1988,    1014,     718,     781,    1090,    1388,     546,     468,     363,     355,     364,     417,     490,     600,     785,     603
200206,     174,    1373,    1613,    1968,    1013,     714,     772,    1085,    1370,     546,     467,     360,     354,     359,     413,     487,     598,     779,     591
200207,     242,    1454,    1652,    1887,    1074,     799,     772,     930,    1418,     536,     538,     380,     419,     368,     404,     461,     469,     698,     720
200208,     233,    1446,    1646,    1870,    1066,     798,     769,     924,    1405,     531,     535,     380,     418,     368,     401,     459,     465,     694,     711
200209,     217,    1436,    1636,    1847,    1057,     795,     764,     918,    1385,     525,     532,     379,     416,     365,     399,     456,     462,     688,     697
200210,     211,    1431,    1628,    1831,    1052,     794,     761,     913,    1370,     523,     529,     379,     415,     364,     397,     452,     461,     680,     690
200211,     202,    1423,    1615,    1808,    1046,     790,     755,     904,    1351,     520,     526,     377,     413,     360,     395,     447,     457,     675,     676
200212,     200,    1416,    1609,    1789,    1041,     787,     752,     900,    1334,     516,     525,     375,     412,     358,     394,     445,     455,     674,     660
200301,     193,    1410,    1601,    1771,    1036,     785,     746,     896,    1319,     515,     521,     374,     411,     354,     392,     444,     452,     668,     651
200302,     188,    1400,    1591,    1745,    1031,     777,     743,     887,    1298,     514,     517,     369,     408,     354,     389,     440,     447,     658,     640
200303,     186,    1394,    1583,    1726,    1027,     774,     739,     877,    1286,     513,     514,     367,     407,     352,     387,     437,     440,     653,     633
200304,     179,    1381,    1565,    1702,    1016,     769,     730,     865,    1268,     506,     510,     365,     404,     347,     383,     431,     434,     641,     627
200305,     177,    1374,    1559,    1685,    1009,     767,     726,     863,    1253,     504,     505,     365,     402,     347,     379,     431,     432,     637,     616
200306,     175,    1372,    1548,    1667,    1007,     765,     723,     853,    1239,     503,     504,     365,     400,     346,     377,     425,     428,     634,     605
200307,     198,    1219,    1640,    1780,     846,     780,     821,     939,    1253,     468,     378,     373,     407,     389,     432,     412,     527,     591,     662
200308,     189,    1210,    1633,    1761,     838,     775,     820,     933,    1238,     463,     375,     372,     403,     388,     432,     410,     523,     588,     650
200309,     184,    1203,    1622,    1742,     832,     772,     814,     927,    1222,     460,     372,     371,     401,     386,     428,     407,     520,     581,     641
200310,     183,    1202,    1616,    1724,     832,     770,     810,     925,    1205,     460,     372,     370,     400,     385,     425,     406,     519,     576,     629
200311,     180,    1195,    1609,    1710,     828,     766,     806,     919,    1195,     457,     371,     367,     399,     381,     425,     404,     515,     573,     622
200312,     179,    1188,    1603,    1690,     825,     761,     802,     915,    1178,     456,     369,     363,     398,     379,     423,     403,     512,     568,     610
200401,     174,    1186,    1596,    1668,     823,     761,     798,     909,    1159,     456,     367,     363,     398,     378,     420,     400,     509,     559,     600
200402,     172,    1181,    1590,    1648,     821,     757,     795,     903,    1143,     454,     367,     360,     397,     375,     420,     398,     505,     552,     591
200403,     171,    1173,    1583,    1639,     816,     754,     793,     897,    1135,     450,     366,     357,     397,     373,     420,     393,     504,     550,     585
200404,     168,    1170,    1574,    1630,     814,     749,     790,     892,    1129,     448,     366,     356,     393,     372,     418,     391,     501,     547,     582
200405,     168,    1163,    1562,    1616,     810,     742,     786,     885,    1118,     445,     365,     353,     389,     370,     416,     387,     498,     543,     575
200406,     167,    1162,    1547,    1604,     809,     740,     780,     875,    1109,     444,     365,     353,     387,     365,     415,     380,     495,     541,     568
200407,     161,    1533,    1564,    1346,    1158,     778,     759,     812,     936,     655,     503,     375,     403,     400,     359,     402,     410,     419,     517
200408,     160,    1524,    1547,    1331,    1152,     771,     751,     805,     923,     653,     499,     372,     399,     397,     354,     397,     408,     413,     510
200409,     157,    1514,    1543,    1320,    1145,     768,     747,     804,     913,     649,     496,     369,     399,     396,     351,     397,     407,     410,     503
200410,     157,    1511,    1532,    1314,    1143,     766,     739,     802,     907,     648,     495,     368,     398,     392,     347,     395,     407,     407,     500
200411,     156,    1505,    1521,    1304,    1140,     761,     734,     798,     897,     646,     494,     365,     396,     389,     345,     391,     407,     406,     491
200412,     154,    1497,    1514,    1291,    1135,     757,     732,     793,     885,     644,     491,     362,     395,     389,     343,     387,     406,     402,     483
200501,     152,    1495,    1503,    1276,    1133,     754,     727,     787,     873,     643,     490,     362,     392,     387,     340,     384,     403,     398,     475
200502,     152,    1490,    1489,    1263,    1129,     752,     720,     776,     865,     641,     488,     361,     391,     382,     338,     378,     398,     396,     469
200503,     151,    1487,    1486,    1246,    1126,     752,     717,     772,     852,     639,     487,     361,     391,     380,     337,     378,     394,     389,     463
200504,     150,    1481,    1481,    1232,    1121,     751,     714,     769,     839,     637,     484,     360,     391,     379,     335,     376,     393,     385,     454
200505,     149,    1472,    1476,    1222,    1113,     748,     713,     763,     833,     633,     480,     359,     389,     378,     335,     374,     389,     382,     451
200506,     147,    1463,    1468,    1209,    1107,     744,     709,     756,     824,     628,     479,     356,     388,     377,     332,     371,     385,     378,     446
200507,     152,    1525,    1576,    1317,    1104,     831,     813,     739,     931,     606,     498,     421,     410,     415,     398,     353,     386,     402,     529
200508,     150,    1516,    1565,    1309,    1096,     826,     807,     736,     925,     603,     493,     420,     406,     413,     394,     352,     384,     400,     525
200509,     146,    1506,    1553,    1297,    1087,     824,     798,     730,     917,     597,     490,     419,     405,     409,     389,     350,     380,     399,     518
200510,     141,    1500,    1543,    1292,    1083,     820,     792,     727,     913,     596,     487,     417,     403,     405,     387,     348,     379,     398,     515
200511,     136,    1487,    1531,    1288,    1074,     813,     789,     721,     909,     590,     484,     413,     400,     404,     385,     342,     379,     398,     511
200512,     133,    1481,    1520,    1280,    1069,     810,     781,     718,     903,     586,     483,     412,     398,     399,     382,     341,     377,     397,     506
200601,     133,    1474,    1514,    1259,    1064,     806,     777,     713,     887,     584,     480,     410,     396,     398,     379,     341,     372,     391,     496
200602,     131,    1462,    1504,    1247,    1055,     800,     772,     708,     878,     578,     477,     407,     393,     396,     376,     339,     369,     388,     490
200603,     128,    1452,    1494,    1238,    1046,     797,     764,     708,     869,     574,     472,     406,     391,     392,     372,     339,     369,     384,     485
200604,     127,    1444,    1486,    1230,    1041,     793,     761,     703,     862,     574,     467,     403,     390,     390,     371,     335,     368,     383,     479
200605,     126,    1436,    1476,    1223,    1036,     790,     755,     697,     857,     570,     466,     400,     390,     388,     367,     331,     366,     381,     476
200606,     123,    1427,    1470,    1212,    1031,     785,     751,     696,     846,     567,     464,     396,     389,     386,     365,     330,     366,     378,     468
200607,     160,    1388,    1516,    1401,     981,     800,     718,     858,     948,     554,     427,     407,     393,     391,     327,     405,     453,     465,     483
200608,     156,    1381,    1509,    1386,     974,     797,     716,     851,     938,     549,     425,     407,     390,     389,     327,     403,     448,     459,     479
200609,     155,    1376,    1504,    1376,     970,     795,     712,     847,     932,     548,     422,     406,     389,     387,     325,     403,     444,     457,     475
200610,     154,    1373,    1501,    1365,     967,     794,     710,     843,     925,     546,     421,     406,     388,     386,     324,     403,     440,     455,     470
200611,     153,    1367,    1489,    1357,     961,     789,     704,     839,     920,     541,     420,     406,     383,     382,     322,     402,     437,     454,     466
200612,     152,    1359,    1481,    1344,     957,     785,     701,     829,     912,     539,     418,     402,     383,     380,     321,     397,     432,     450,     462
200701,     151,    1349,    1469,    1333,     949,     776,     698,     825,     903,     537,     412,     400,     376,     377,     321,     395,     430,     443,     460
200702,     149,    1339,    1449,    1323,     940,     771,     689,     816,     895,     534,     406,     399,     372,     372,     317,     388,     428,     440,     455
200703,     148,    1332,    1440,    1315,     936,     766,     684,     813,     888,     530,     406,     396,     370,     368,     316,     386,     427,     438,     450
200704,     147,    1327,    1429,    1307,     932,     761,     678,     812,     880,     528,     404,     395,     366,     364,     314,     385,     427,     435,     445
200705,     143,    1319,    1418,    1289,     929,     755,     671,     805,     866,     527,     402,     390,     365,     362,     309,     382,     423,     432,     434
200706,     142,    1310,    1407,    1281,     926,     747,     664,     802,     859,     524,     402,     384,     363,     357,     307,     380,     422,     428,     431
200707,     163,    1313,    1561,    1336,     959,     746,     763,     787,     955,     539,     420,     354,     392,     403,     360,     406,     381,     446,     509
200708,     161,    1305,    1552,    1323,     956,     737,     760,     782,     945,     537,     419,     349,     388,     400,     360,     404,     378,     440,     505
200709,     159,    1297,    1539,    1307,     951,     733,     754,     773,     932,     535,     416,     346,     387,     397,     357,     398,     375,     435,     497
200710,     158,    1291,    1525,    1298,     947,     726,     750,     765,     926,     532,     415,     344,     382,     396,     354,     393,     372,     434,     492
200711,     157,    1279,    1507,    1290,     938,     717,     742,     761,     918,     528,     410,     341,     376,     391,     351,     389,     372,     431,     487
200712,     155,    1266,    1491,    1278,     927,     711,     735,     754,     908,     522,     405,     339,     372,     388,     347,     384,     370,     428,     480
200801,     155,    1257,    1479,    1263,     919,     708,     730,     745,     897,     515,     404,     338,     370,     384,     346,     379,     366,     427,     470
200802,     153,    1251,    1469,    1260,     917,     702,     724,     743,     894,     513,     404,     334,     368,     379,     345,     377,     366,     427,     467
200803,     151,    1243,    1463,    1249,     910,     701,     721,     736,     887,     507,     403,     333,     368,     378,     343,     374,     362,     423,     464
200804,     147,    1237,    1451,    1240,     907,     695,     712,     735,     879,     505,     402,     330,     365,     373,     339,     374,     361,     421,     458
200805,     146,    1228,    1439,    1230,     899,     693,     707,     727,     871,     500,     399,     329,     364,     369,     338,     368,     359,     416,     455
200806,     141,    1218,    1431,    1216,     890,     690,     703,     723,     859,     496,     394,     328,     362,     366,     337,     366,     357,     414,     445
200807,     146,    1227,    1423,    1468,     898,     667,     730,     785,    1038,     523,     375,     329,     338,     348,     382,     355,     430,     581,     457
200808,     142,    1221,    1416,    1451,     892,     664,     727,     782,    1023,     518,     374,     329,     335,     348,     379,     354,     428,     575,     448
200809,     140,    1212,    1411,    1435,     884,     661,     725,     774,    1014,     513,     371,     328,     333,     346,     379,     353,     421,     572,     442
200810,     136,    1207,    1400,    1424,     880,     658,     719,     766,    1008,     510,     370,     327,     331,     345,     374,     350,     416,     570,     438
200811,     134,    1200,    1388,    1408,     875,     655,     710,     759,     997,     508,     367,     325,     330,     339,     371,     348,     411,     567,     430
200812,     128,    1193,    1385,    1393,     871,     652,     708,     756,     984,     507,     364,     322,     330,     339,     369,     347,     409,     563,     421
200901,     126,    1186,    1378,    1380,     866,     649,     704,     749,     976,     504,     362,     320,     329,     337,     367,     345,     404,     560,     416
200902,     120,    1180,    1375,    1368,     861,     648,     704,     744,     966,     501,     360,     319,     329,     337,     367,     342,     402,     558,     408
200903,     119,    1174,    1367,    1357,     856,     645,     699,     741,     957,     496,     360,     318,     327,     335,     364,     341,     400,     555,     402
200904,     114,    1169,    1358,    1345,     852,     641,     696,     737,     946,     493,     359,     317,     324,     335,     361,     338,     399,     552,     394
200905,     110,    1163,    1349,    1332,     848,     637,     692,     730,     937,     491,     357,     315,     322,     333,     359,     335,     395,     547,     390
200906,     107,    1157,    1341,    1324,     842,     636,     689,     726,     929,     485,     357,     315,     321,     331,     358,     331,     395,     544,     385
200907,     176,    1022,    1303,    1510,     737,     604,     675,     720,    1099,     370,     367,     285,     319,     320,     355,     309,     411,     446,     653
200908,     172,    1017,    1300,    1499,     734,     601,     673,     717,    1091,     368,     366,     283,     318,     319,     354,     309,     408,     444,     647
200909,     166,    1016,    1296,    1489,     733,     599,     672,     716,    1081,     368,     365,     283,     316,     319,     353,     308,     408,     441,     640
200910,     164,    1012,    1294,    1478,     730,     598,     670,     716,    1070,     368,     362,     282,     316,     318,     352,     308,     408,     440,     630
200911,     163,    1006,    1287,    1466,     726,     595,     665,     714,    1059,     365,     361,     280,     315,     315,     350,     307,     407,     437,     622
200912,     159,    1002,    1281,    1446,     722,     594,     663,     707,    1043,     363,     359,     280,     314,     315,     348,     304,     403,     431,     612
201001,     154,     998,    1278,    1431,     719,     593,     662,     702,    1031,     362,     357,     279,     314,     315,     347,     302,     400,     429,     602
201002,     150,     993,    1274,    1420,     716,     589,     660,     702,    1020,     360,     356,     277,     312,     315,     345,     302,     400,     426,     594
201003,     149,     989,    1268,    1410,     714,     585,     656,     702,    1010,     358,     356,     275,     310,     312,     344,     302,     400,     425,     585
201004,     146,     985,    1263,    1397,     711,     582,     654,     697,    1001,     356,     355,     274,     308,     311,     343,     301,     396,     424,     577
201005,     146,     984,    1256,    1381,     711,     579,     651,     691,     989,     356,     355,     273,     306,     310,     341,     299,     392,     419,     570
201006,     146,     980,    1252,    1371,     709,     574,     650,     690,     980,     355,     354,     271,     303,     310,     340,     299,     391,     418,     562
201007,     167,    1105,    1193,    1386,     815,     589,     572,     650,    1058,     416,     399,     290,     299,     288,     284,     322,     328,     393,     665
201008,     157,    1097,    1182,    1372,     810,     581,     568,     646,    1046,     414,     396,     287,     294,     285,     283,     320,     326,     389,     657
201009,     156,    1092,    1176,    1368,     809,     576,     566,     642,    1043,     413,     396,     283,     293,     285,     281,     317,     325,     389,     654
201010,     155,    1085,    1171,    1361,     802,     576,     563,     639,    1037,     408,     394,     283,     293,     282,     281,     315,     324,     388,     649
201011,     151,    1075,    1165,    1353,     794,     572,     560,     634,    1033,     404,     390,     281,     291,     280,     280,     314,     320,     387,     646
201012,     149,    1065,    1162,    1340,     785,     571,     560,     627,    1024,     400,     385,     280,     291,     280,     280,     311,     316,     387,     637
201101,     144,    1061,    1153,    1319,     783,     569,     553,     621,    1007,     398,     385,     278,     291,     278,     275,     309,     312,     380,     627
201102,     144,    1057,    1147,    1308,     779,     569,     549,     618,     997,     396,     383,     278,     291,     277,     272,     307,     311,     380,     617
201103,     144,    1054,    1138,    1300,     776,     566,     545,     615,     990,     393,     383,     278,     288,     275,     270,     305,     310,     379,     611
201104,     142,    1048,    1131,    1293,     770,     566,     543,     609,     984,     391,     379,     278,     288,     273,     270,     300,     309,     378,     606
201105,     139,    1044,    1120,    1281,     766,     564,     537,     605,     973,     387,     379,     278,     286,     269,     268,     297,     308,     372,     601
201106,     139,    1040,    1113,    1270,     763,     560,     534,     603,     963,     386,     377,     277,     283,     267,     267,     296,     307,     367,     596
201107,     142,    1099,    1134,    1319,     812,     588,     546,     609,     997,     450,     362,     287,     301,     266,     280,     287,     322,     391,     606
201108,     139,    1096,    1127,    1310,     809,     587,     543,     604,     990,     448,     361,     287,     300,     264,     279,     284,     320,     388,     602
201109,     138,    1093,    1126,    1303,     808,     585,     543,     602,     984,     448,     360,     285,     300,     264,     279,     283,     319,     385,     599
201110,     136,    1088,    1122,    1299,     804,     584,     541,     599,     981,     445,     359,     284,     300,     263,     278,     281,     318,     385,     596
201111,     134,    1085,    1116,    1289,     804,     579,     537,     597,     973,     445,     359,     281,     298,     260,     277,     281,     316,     380,     593
201112,     131,    1082,    1106,    1279,     802,     576,     534,     591,     964,     445,     357,     280,     296,     259,     275,     276,     315,     379,     585
201201,     126,    1076,    1103,    1267,     797,     574,     532,     588,     955,     442,     355,     279,     295,     257,     275,     276,     312,     376,     579
201202,     124,    1073,    1099,    1253,     794,     573,     529,     583,     946,     440,     354,     279,     294,     257,     272,     276,     307,     374,     572
201203,     123,    1063,    1095,    1247,     786,     569,     528,     582,     940,     435,     351,     277,     292,     256,     272,     275,     307,     372,     568
201204,     122,    1059,    1093,    1237,     783,     568,     527,     580,     931,     434,     349,     276,     292,     256,     271,     274,     306,     370,     561
201205,     121,    1056,    1086,    1231,     782,     564,     524,     575,     928,     433,     349,     274,     290,     255,     269,     272,     303,     368,     560
201206,     119,    1052,    1080,    1225,     779,     560,     521,     573,     924,     431,     348,     273,     287,     255,     266,     272,     301,     368,     556
201207,     131,    1026,    1068,    1351,     742,     547,     517,     609,    1030,     386,     356,     284,     263,     261,     256,     288,     321,     426,     604
201208,     130,    1021,    1060,    1341,     740,     542,     514,     605,    1021,     385,     355,     281,     261,     261,     253,     285,     320,     425,     596
201209,     126,    1016,    1053,    1333,     737,     537,     512,     601,    1015,     385,     352,     279,     258,     260,     252,     283,     318,     423,     592
201210,     126,    1014,    1049,    1319,     736,     534,     510,     600,    1002,     384,     352,     278,     256,     258,     252,     283,     317,     420,     582
201211,     124,    1007,    1043,    1307,     731,     531,     505,     597,     993,     381,     350,     276,     255,     255,     250,     283,     314,     418,     575
201212,     124,    1006,    1039,    1297,     730,     531,     503,     595,     983,     381,     349,     276,     255,     253,     250,     281,     314,     414,     569
201301,     123,     999,    1034,    1281,     724,     528,     501,     592,     969,     380,     344,     275,     253,     251,     250,     280,     312,     411,     558
201302,     120,     997,    1031,    1277,     723,     526,     499,     592,     965,     380,     343,     274,     252,     249,     250,     280,     312,     411,     554
201303,     120,     993,    1026,    1269,     720,     522,     498,     591,     957,     379,     341,     273,     249,     248,     250,     279,     312,     409,     548
201304,     119,     990,    1021,    1261,     717,     519,     497,     586,     953,     377,     340,     273,     246,     248,     249,     278,     308,     407,     546
201305,     116,     986,    1016,    1249,     713,     518,     494,     583,     943,     376,     337,     273,     245,     248,     246,     277,     306,     406,     537
201306,     113,     984,    1009,    1241,     711,     516,     491,     581,     935,     376,     335,     273,     243,     246,     245,     275,     306,     401,     534
201307,     133,     987,    1062,    1279,     705,     531,     515,     598,     979,     396,     309,     282,     249,     249,     266,     298,     300,     419,     560
201308,     129,     985,    1055,    1272,     703,     527,     513,     597,     972,     395,     308,     282,     245,     248,     265,     297,     300,     418,     554
201309,     127,     983,    1051,    1265,     701,     527,     510,     596,     965,     393,     308,     282,     245,     246,     264,     296,     300,     416,     549
201310,     127,     979,    1051,    1255,     698,     526,     510,     596,     955,     392,     306,     281,     245,     246,     264,     296,     300,     411,     544
201311,     126,     974,    1046,    1246,     695,     522,     508,     594,     947,     390,     305,     279,     243,     245,     263,     295,     299,     408,     539
201312,     126,     971,    1041,    1229,     693,     521,     507,     586,     934,     390,     303,     278,     243,     245,     262,     291,     295,     403,     531
201401,     126,     969,    1034,    1224,     692,     518,     504,     582,     931,     390,     302,     277,     241,     244,     260,     289,     293,     403,     528
201402,     126,     966,    1028,    1219,     689,     517,     500,     580,     927,     389,     300,     277,     240,     243,     257,     288,     292,     402,     525
201403,     125,     962,    1021,    1208,     686,     516,     495,     575,     919,     387,     299,     276,     240,     242,     253,     286,     289,     400,     519
201404,     125,     960,    1019,    1203,     684,     516,     495,     571,     916,     386,     298,     276,     240,     242,     253,     284,     287,     398,     518
201405,     125,     960,    1017,    1193,     684,     516,     493,     567,     910,     386,     298,     276,     240,     240,     253,     284,     283,     394,     516
201406,     125,     958,    1014,    1184,     684,     513,     491,     566,     902,     386,     298,     274,     239,     238,     253,     284,     282,     391,     511
201407,     142,    1054,    1082,    1194,     745,     575,     527,     616,     867,     427,     318,     309,     266,     261,     266,     289,     327,     368,     499
201408,     140,    1051,    1078,    1186,     742,     574,     525,     613,     861,     424,     318,     309,     265,     259,     266,     288,     325,     366,     495
201409,     140,    1045,    1073,    1185,     737,     572,     522,     612,     860,     420,     317,     308,     264,     258,     264,     287,     325,     366,     494
201410,     139,    1042,    1069,    1182,     735,     570,     520,     611,     857,     418,     317,     307,     263,     256,     264,     286,     325,     364,     493
201411,     138,    1038,    1067,    1172,     733,     566,     520,     609,     849,     416,     317,     305,     261,     256,     264,     286,     323,     364,     485
201412,     136,    1031,    1064,    1166,     727,     564,     518,     608,     844,     413,     314,     304,     260,     255,     263,     286,     322,     361,     483
201501,     135,    1025,    1060,    1159,     723,     561,     516,     606,     838,     410,     313,     302,     259,     253,     263,     285,     321,     358,     480
201502,     134,    1021,    1055,    1152,     722,     557,     515,     598,     836,     409,     313,     299,     258,     253,     262,     282,     316,     358,     478
201503,     133,    1014,    1053,    1142,     718,     553,     515,     595,     828,     407,     311,     296,     257,     253,     262,     281,     314,     355,     473
201504,     132,    1009,    1051,    1132,     714,     552,     514,     590,     822,     404,     310,     295,     257,     252,     262,     280,     310,     353,     469
201505,     132,    1002,    1050,    1126,     710,     549,     513,     589,     817,     401,     309,     292,     257,     252,     261,     280,     309,     351,     466
201506,     132,     997,    1047,    1123,     708,     546,     510,     587,     816,     399,     309,     289,     257,     251,     259,     280,     307,     350,     466
201507,     154,    1042,    1187,    1182,     726,     618,     567,     628,     872,     413,     313,     316,     302,     270,     297,     318,     310,     450,     422
201508,     151,    1037,    1182,    1169,     721,     617,     566,     621,     863,     411,     310,     316,     301,     270,     296,     315,     306,     447,     416
201509,     150,    1033,    1177,    1164,     719,     612,     564,     619,     860,     411,     308,     314,     298,     268,     296,     315,     304,     447,     413
201510,     149,    1027,    1174,    1158,     713,     611,     563,     618,     854,     407,     306,     314,     297,     268,     295,     314,     304,     445,     409
201511,     146,    1020,    1165,    1148,     707,     609,     558,     614,     845,     405,     302,     313,     296,     266,     292,     311,     303,     440,     405
201512,     145,    1015,    1161,    1144,     705,     606,     556,     611,     842,     405,     300,     310,     296,     265,     291,     309,     302,     437,     405
201601,     144,    1014,    1153,    1131,     704,     603,     553,     609,     829,     404,     300,     310,     293,     264,     289,     307,     302,     431,     398
201602,     141,    1007,    1147,    1118,     702,     597,     550,     603,     820,     402,     300,     305,     292,     261,     289,     305,     298,     427,     393
201603,     140,    1001,    1140,    1110,     698,     593,     548,     597,     815,     400,     298,     303,     290,     260,     288,     302,     295,     426,     389
201604,     139,     998,    1137,    1100,     696,     592,     545,     594,     808,     400,     296,     302,     290,     259,     286,     302,     292,     421,     387
201605,     139,     991,    1131,    1096,     690,     590,     540,     594,     804,     396,     294,     301,     289,     258,     282,     302,     292,     419,     385
201606,     137,     983,    1122,    1085,     684,     586,     537,     589,     794,     393,     291,     299,     287,     257,     280,     298,     291,     414,     380
201607,     200,     985,    1174,    1132,     693,     594,     570,     665,     769,     363,     330,     292,     302,     277,     293,     302,     363,     457,     312
201608,     198,     977,    1167,    1123,     688,     590,     565,     661,     763,     358,     330,     289,     301,     276,     289,     301,     360,     454,     309
201609,     196,     972,    1159,    1115,     683,     589,     561,     658,     755,     355,     328,     289,     300,     274,     287,     298,     360,     450,     305
201610,     193,     964,    1148,    1108,     677,     584,     556,     654,     749,     352,     325,     287,     297,     270,     286,     295,     359,     447,     302
201611,     191,     957,    1143,    1102,     673,     579,     555,     650,     745,     350,     323,     284,     295,     269,     286,     293,     357,     445,     300
201612,     190,     948,    1138,    1096,     667,     573,     554,     647,     741,     347,     320,     281,     292,     269,     285,     292,     355,     443,     298
201701,     187,     943,    1133,    1088,     664,     571,     549,     646,     734,     345,     319,     279,     292,     267,     282,     292,     354,     438,     296
201702,     186,     940,    1128,    1085,     662,     569,     548,     643,     731,     345,     317,     278,     291,     267,     281,     289,     354,     436,     295
201703,     185,     933,    1125,    1078,     657,     567,     545,     641,     726,     343,     314,     276,     291,     265,     280,     289,     352,     434,     292
201704,     185,     928,    1118,    1073,     654,     563,     543,     636,     723,     341,     313,     274,     289,     263,     280,     286,     350,     433,     290
201705,     184,     921,    1111,    1066,     648,     561,     538,     633,     718,     337,     311,     273,     288,     262,     276,     285,     348,     430,     288
201706,     184,     918,    1103,    1059,     645,     560,     535,     626,     714,     335,     310,     273,     287,     261,     274,     281,     345,     428,     286
201707,     239,     901,    1164,    1073,     632,     539,     567,     650,     750,     322,     310,     269,     270,     281,     286,     327,     323,     366,     384
201708,     238,     897,    1162,    1069,     629,     537,     567,     647,     748,     320,     309,     268,     269,     281,     286,     326,     321,     365,     383
201709,     235,     896,    1154,    1066,     628,     535,     565,     642,     746,     319,     309,     268,     267,     280,     285,     322,     320,     364,     382
201710,     233,     890,    1145,    1061,     623,     533,     559,     640,     741,     316,     307,     267,     266,     277,     282,     320,     320,     363,     378
201711,     228,     885,    1139,    1050,     618,     531,     558,     636,     731,     313,     305,     267,     264,     276,     282,     317,     319,     357,     374
201712,     224,     879,    1131,    1040,     612,     531,     555,     628,     724,     308,     304,     267,     264,     274,     281,     312,     316,     353,     371
201801,     220,     875,    1125,    1029,     608,     530,     552,     624,     715,     306,     302,     267,     263,     273,     279,     310,     314,     352,     363
201802,     219,     872,    1124,    1023,     605,     530,     552,     621,     711,     304,     301,     267,     263,     273,     279,     309,     312,     349,     362
201803,     217,     865,    1119,    1017,     601,     526,     550,     617,     707,     302,     299,     264,     262,     273,     277,     307,     310,     347,     360
201804,     216,     864,    1113,    1011,     600,     524,     548,     613,     703,     301,     299,     264,     260,     273,     275,     305,     308,     344,     359
201805,     213,     857,    1110,    1001,     595,     521,     548,     609,     695,     297,     298,     262,     259,     273,     275,     303,     306,     341,     354
201806,     211,     855,    1109,     998,     593,     520,     548,     609,     692,     296,     297,     262,     258,     273,     275,     303,     306,     340,     352
201807,     215,     953,    1152,    1028,     696,     546,     563,     655,     673,     368,     328,     257,     289,     238,     325,     300,     355,     330,     343
201808,     214,     948,    1148,    1021,     691,     545,     560,     651,     670,     366,     325,     257,     288,     237,     323,     300,     351,     328,     342
201809,     212,     945,    1146,    1018,     690,     543,     559,     649,     668,     365,     325,     255,     288,     236,     323,     299,     350,     326,     342
201810,     208,     945,    1145,    1015,     690,     543,     558,     649,     665,     365,     325,     255,     288,     236,     322,     299,     350,     323,     342
201811,     203,     944,    1137,    1005,     689,     542,     553,     643,     659,     365,     324,     255,     287,     233,     320,     297,     346,     320,     339
201812,     201,     941,    1131,     996,     688,     537,     551,     640,     652,     364,     324,     253,     284,     232,     319,     296,     344,     319,     333
201901,     197,     938,    1126,     992,     686,     535,     547,     640,     648,     364,     322,     252,     283,     231,     316,     296,     344,     317,     331
201902,     195,     934,    1123,     984,     683,     534,     546,     635,     643,     362,     321,     251,     283,     231,     315,     294,     341,     314,     329
201903,     192,     925,    1120,     982,     676,     532,     545,     632,     642,     361,     315,     249,     283,     230,     315,     292,     340,     313,     329
201904,     187,     921,    1117,     974,     674,     529,     544,     630,     635,     360,     314,     247,     282,     229,     315,     291,     339,     310,     325
201905,     184,     919,    1112,     966,     673,     526,     542,     627,     629,     360,     313,     246,     280,     227,     315,     290,     337,     307,     322
201906,     184,     918,    1111,     959,     672,     526,     541,     625,     624,     359,     313,     246,     280,     227,     314,     290,     335,     305,     319
201907,     200,     967,    1170,    1019,     663,     613,     541,     698,     641,     340,     323,     304,     309,     258,     283,     320,     378,     304,     337
201908,     199,     963,    1163,    1012,     660,     608,     539,     695,     636,     337,     323,     303,     305,     257,     282,     319,     376,     300,     336
201909,     197,     959,    1156,    1009,     657,     606,     536,     692,     633,     334,     323,     302,     304,     256,     280,     316,     376,     300,     333
201910,     197,     957,    1149,    1001,     656,     604,     533,     686,     628,     334,     322,     301,     303,     255,     278,     313,     373,     298,     330
201911,     196,     949,    1145,     997,     648,     603,     531,     684,     625,     330,     318,     301,     302,     254,     277,     312,     372,     297,     328
201912,     196,     946,    1141,     989,     646,     601,     529,     680,     620,     328,     318,     300,     301,     254,     275,     311,     369,     294,     326
202001,     194,     945,    1133,     975,     646,     599,     525,     673,     610,     328,     318,     299,     300,     253,     272,     308,     365,     289,     321
202002,     191,     944,    1129,     967,     646,     596,     523,     669,     606,     328,     318,     298,     298,     251,     272,     308,     361,     287,     319
202003,     187,     942,    1124,     965,     645,     594,     522,     666,     604,     328,     317,     297,     297,     250,     272,     305,     361,     287,     317
202004,     186,     938,    1121,     963,     642,     593,     519,     665,     603,     327,     315,     296,     297,     250,     269,     305,     360,     287,     316
202005,     183,     934,    1116,     958,     641,     589,     516,     662,     600,     327,     314,     293,     296,     248,     268,     304,     358,     286,     314
202006,     183,     932,    1112,     949,     640,     587,     514,     659,     593,     327,     313,     292,     295,     248,     266,     303,     356,     284,     309
202007,     208,    1019,    1104,    1004,     700,     604,     517,     662,     644,     382,     318,     319,     285,     272,     245,     302,     360,     334,     310
202008,     206,    1017,    1099,     994,     699,     603,     515,     659,     634,     381,     318,     318,     285,     271,     244,     299,     360,     332,     302
202009,     204,    1015,    1097,     985,     697,     603,     514,     656,     627,     379,     318,     318,     285,     270,     244,     298,     358,     330,     297
202010,     203,    1013,    1092,     983,     696,     602,     511,     654,     625,     379,     317,     317,     285,     269,     242,     296,     358,     330,     295
202011,     202,    1007,    1086,     979,     693,     596,     511,     651,     621,     377,     316,     314,     282,     269,     242,     293,     358,     329,     292
202012,     201,    1005,    1085,     976,     691,     596,     511,     650,     618,     376,     315,     314,     282,     269,     242,     292,     358,     329,     289
202101,     200,    1003,    1084,     969,     689,     595,     511,     647,     614,     375,     314,     314,     281,     269,     242,     292,     355,     329,     285
202102,     199,    1000,    1080,     965,     687,     592,     509,     645,     612,     374,     313,     313,     279,     269,     240,     292,     353,     327,     285
202103,     198,     995,    1079,     962,     685,     589,     508,     643,     611,     373,     312,     310,     279,     268,     240,     292,     351,     327,     284
202104,     196,     993,    1077,     960,     685,     587,     507,     642,     609,     373,     312,     308,     279,     267,     240,     291,     351,     327,     282
202105,     195,     986,    1073,     955,     680,     584,     504,     640,     606,     370,     310,     306,     278,     266,     238,     291,     349,     325,     281
202106,     195,     985,    1065,     954,     680,     582,     500,     637,     605,     370,     310,     305,     277,     265,     235,     288,     349,     324,     281
202107,     216,    1091,    1142,     960,     746,     660,     562,     533,     692,     377,     369,     345,     315,     287,     275,     265,     268,     402,     290
202108,     213,    1089,    1137,     957,     745,     658,     560,     530,     690,     376,     369,     344,     314,     286,     274,     263,     267,     402,     288
202109,     211,    1087,    1132,     954,     743,     658,     558,     527,     687,     374,     369,     344,     314,     284,     274,     260,     267,     400,     287
202110,     210,    1085,    1129,     948,     742,     656,     556,     526,     682,     373,     369,     343,     313,     283,     273,     260,     266,     398,     284
202111,     209,    1083,    1123,     940,     740,     654,     553,     523,     676,     372,     368,     343,     311,     281,     272,     259,     264,     395,     281
202112,     206,    1079,    1118,     932,     737,     652,     550,     521,     669,     372,     365,     342,     310,     280,     270,     258,     263,     390,     279
202201,     205,    1074,    1114,     927,     734,     648,     548,     520,     665,     369,     365,     340,     308,     279,     269,     258,     262,     387,     278
202202,     205,    1072,    1114,     919,     733,     647,     548,     518,     659,     369,     364,     339,     308,     279,     269,     258,     260,     384,     275
202203,     204,    1070,    1114,     912,     731,     647,     548,     516,     654,     368,     363,     339,     308,     279,     269,     258,     258,     383,     271
202204,     201,    1066,    1110,     908,     729,     644,     547,     514,     650,     367,     362,     337,     307,     278,     269,     256,     258,     381,     269
202205,     200,    1064,    1106,     901,     728,     643,     543,     512,     645,     366,     362,     336,     307,     276,     267,     256,     256,     379,     266
202206,     199,    1060,    1101,     896,     726,     640,     540,     510,     641,     364,     362,     334,     306,     275,     265,     255,     255,     378,     263
202207,     218,     961,    1320,    1230,     616,     688,     675,     595,     937,     337,     279,     345,     343,     327,     348,     302,     293,     461,     476
202208,     218,     955,    1313,    1225,     612,     684,     672,     590,     935,     337,     275,     343,     341,     326,     346,     300,     290,     461,     474
202209,     211,     953,    1309,    1224,     611,     683,     669,     589,     934,     336,     275,     342,     341,     325,     344,     299,     290,     461,     473
202210,     211,     950,    1304,    1219,     609,     680,     666,     588,     930,     334,     275,     341,     339,     324,     342,     299,     289,     460,     470
202211,     210,     944,    1296,    1211,     605,     676,     664,     582,     924,     333,     272,     339,     337,     324,     340,     295,     287,     457,     467
202212,     206,     942,    1291,    1210,     603,     674,     661,     582,     923,     332,     271,     339,     335,     324,     337,     295,     287,     457,     466
202301,     204,     939,    1288,    1202,     600,     674,     659,     580,     916,     330,     270,     339,     335,     323,     336,     294,     286,     455,     461
202302,     200,     932,    1282,    1199,     595,     669,     656,     579,     914,     327,     268,     337,     332,     322,     334,     294,     285,     454,     460
202303,     198,     928,    1275,    1191,     591,     666,     653,     577,     907,     324,     267,     337,     329,     320,     333,     293,     284,     453,     454
202304,     196,     923,    1267,    1180,     590,     660,     648,     574,     898,     323,     267,     333,     327,     319,     329,     292,     282,     451,     447
202305,     194,     917,    1264,    1178,     588,     656,     645,     574,     896,     322,     266,     329,     327,     317,     328,     292,     282,     450,     446
202306,     192,     915,    1258,    1171,     586,     656,     641,     571,     890,     321,     265,     329,     327,     314,     327,     290,     281,     446,     444
202307,     275,     892,    1186,    1380,     639,     547,     614,     636,    1022,     340,     299,     253,     294,     298,     316,     278,     358,     440,     582
202308,     272,     885,    1185,    1371,     633,     546,     613,     634,    1015,     336,     297,     252,     294,     298,     315,     278,     356,     438,     577
202309,     268,     883,    1173,    1362,     633,     542,     607,     629,    1007,     336,     297,     250,     292,     295,     312,     274,     355,     437,     570
202310,     264,     882,    1168,    1356,     633,     540,     603,     629,    1001,     336,     297,     249,     291,     293,     310,     274,     355,     436,     565
202311,     259,     879,    1160,    1348,     633,     533,     600,     625,     996,     336,     297,     246,     287,     292,     308,     273,     352,     435,     561
202312,     250,     876,    1152,    1339,     630,     531,     596,     623,     987,     335,     295,     246,     285,     289,     307,     271,     352,     430,     557
202401,     244,     875,    1146,    1325,     629,     530,     592,     620,     975,     334,     295,     246,     284,     286,     306,     270,     350,     428,     547
202402,     243,     872,    1141,    1320,     627,     527,     589,     620,     970,     333,     294,     245,     282,     284,     305,     270,     350,     427,     543
202403,     240,     867,    1137,    1312,     623,     526,     586,     618,     963,     330,     293,     244,     282,     283,     303,     269,     349,     425,     538
202404,     236,     861,    1134,    1304,     617,     524,     585,     618,     955,     326,     291,     244,     280,     283,     302,     269,     349,     422,     533
202405,     234,     859,    1130,    1290,     616,     522,     583,     613,     945,     326,     290,     243,     279,     282,     301,     268,     345,     417,     528
202406,     233,     855,    1122,    1279,     612,     521,     577,     612,     934,     322,     290,     243,     278,     278,     299,     267,     345,     414,     520
202407,     311,     907,    1156,    1238,     621,     599,     581,     553,     947,     329,     292,     286,     313,     274,     307,     262,     291,     368,     579
202408,     304,     906,    1152,    1224,     621,     597,     578,     551,     935,     329,     292,     285,     312,     272,     306,     262,     289,     364,     571
202409,     296,     904,    1145,    1212,     619,     593,     576,     548,     925,     328,     291,     285,     308,     271,     305,     261,     287,     361,     564
202410,     292,     897,    1142,    1208,     614,     590,     574,     548,     921,     326,     288,     283,     307,     271,     303,     261,     287,     360,     561
202411,     285,     894,    1137,    1199,     613,     587,     571,     546,     913,     325,     288,     281,     306,     269,     302,     260,     286,     359,     554
202412,     283,     892,    1130,    1193,     613,     583,     569,     542,     908,     325,     288,     279,     304,     269,     300,     257,     285,     356,     552
202501,     278,     891,    1122,    1183,     613,     580,     564,     539,     900,     325,     288,     278,     302,     268,     296,     256,     283,     354,     546
202502,     275,     890,    1117,    1177,     612,     579,     562,     535,     896,     324,     288,     278,     301,     267,     295,     254,     281,     353,     543
202503,     270,     883,    1110,    1170,     608,     575,     558,     532,     890,     321,     287,     275,     300,     267,     291,     252,     280,     352,     538
202504,     268,     880,    1107,    1162,     605,     575,     556,     531,     882,     319,     286,     275,     300,     266,     290,     251,     280,     349,     533
202505,     264,     876,    1094,    1149,     602,     572,     546,     529,     870,     317,     285,     274,     298,     259,     287,     250,     279,     346,     524
202506,     260,     874,    1090,    1141,     601,     568,     545,     528,     863,     316,     285,     273,     295,     259,     286,     250,     278,     343,     520
202507,     315,     878,    1091,    1119,     627,     555,     523,     511,     872,     329,     298,     251,     304,     276,     247,     264,     247,     367,     505
202508,     311,     871,    1081,    1108,     624,     549,     518,     507,     862,     327,     297,     247,     302,     272,     246,     261,     246,     363,     499
202509,     308,     870,    1077,    1096,     624,     548,     516,     505,     850,     327,     297,     246,     302,     271,     245,     259,     246,     361,     489
202510,     307,     866,    1073,    1088,     623,     544,     513,     504,     843,     327,     296,     243,     301,     269,     244,     259,     245,     360,     483
202511,     303,     863,    1065,    1080,     621,     538,     511,     500,     838,     326,     295,     242,     296,     268,     243,     258,     242,     358,     480
202512,     301,     861,    1060,    1074,     620,     536,     507,     500,     832,     325,     295,     241,     295,     266,     241,     258,     242,     356,     476
202601,     295,     857,    1054,    1063,     616,     535,     503,     496,     824,     323,     293,     241,     294,     264,     239,     257,     239,     354,     470
202602,     290,     857,    1044,    1055,     616,     532,     498,     493,     817,     323,     293,     241,     291,     260,     238,     255,     238,     351,     466
202603,     286,     856,    1037,    1047,     616,     529,     494,     491,     810,     323,     293,     240,     289,     257,     237,     254,     237,     346,     464
202604,     283,     853,    1035,    1040,     614,     528,     494,     489,     803,     322,     292,     239,     289,     257,     237,     252,     237,     341,     462
202605,     282,     848,    1027,    1032,     609,     525,     492,     484,     797,     320,     289,     239,     286,     255,     237,     249,     235,     341,     456
202606,     279,     840,    1022,    1022,     604,     522,     488,     478,     792,     317,     287,     236,     286,     252,     236,     248,     230,     339,     453


  Average Firm Size
,<= 0,Lo 30,Med 40,Hi 30,Lo 20,Qnt 2,Qnt 3,Qnt 4,Hi 20,Lo 10,2-Dec,3-Dec,4-Dec,5-Dec,6-Dec,7-Dec,8-Dec,9-Dec,Hi 10
  192607,      1.97,     76.14,     73.40,     15.22,     81.97,     83.89,     67.82,     38.77,     11.35,     96.39,     67.55,     64.49,    103.29,     73.72,     61.77,     54.56,     22.98,     16.42,      6.27
  192608,      2.21,     78.92,     74.73,     15.45,     82.58,     88.50,     68.91,     39.58,     11.41,     97.24,     68.26,     71.69,    105.31,     74.77,     62.92,     55.63,     23.53,     16.51,      6.31
  192609,      2.00,     81.79,     76.41,     16.33,     83.13,     93.41,     69.98,     41.16,     12.25,     97.13,     69.46,     79.13,    107.70,     75.50,     64.33,     57.83,     24.50,     17.87,      6.62
  192610,      1.69,     82.64,     75.96,     16.23,     81.90,     95.75,     69.32,     40.97,     12.12,     96.58,     67.55,     84.11,    107.40,     74.37,     64.26,     57.49,     24.45,     17.41,      6.83
  192611,      1.60,     79.37,     74.18,     15.63,     79.29,     92.75,     67.70,     39.37,     11.60,     92.66,     66.23,     79.53,    105.97,     72.58,     62.82,     55.04,     23.70,     16.46,      6.74
  192612,      1.69,     82.22,     76.71,     16.07,     83.82,     94.36,     69.83,     40.84,     11.87,     97.90,     70.06,     79.07,    109.65,     75.96,     63.69,     57.20,     24.48,     16.88,      6.86
  192701,      1.58,     82.62,     78.54,     16.49,     83.28,     95.56,     71.76,     42.66,     12.26,     96.03,     70.82,     81.31,    109.81,     76.64,     66.76,     60.37,     24.95,     17.13,      7.40
  192702,      1.60,     82.32,     78.40,     17.32,     83.09,     95.60,     71.37,     42.76,     13.17,     95.37,     71.09,     80.80,    110.39,     75.43,     67.20,     60.00,     25.51,     18.14,      8.09
  192703,      1.58,     85.93,     81.30,     19.06,     85.60,    100.19,     74.06,     45.97,     14.54,     99.27,     72.24,     86.57,    113.81,     79.09,     68.90,     62.79,     28.32,     19.59,      9.24
  192704,      1.37,     86.52,     80.83,     18.51,     85.24,    100.98,     73.21,     45.78,     14.23,     99.17,     71.64,     89.05,    112.91,     77.19,     69.14,     63.44,     27.26,     18.92,      9.32
  192705,      1.31,     88.80,     80.35,     18.55,     86.76,    101.78,     73.07,     45.81,     14.48,    102.55,     71.34,     92.84,    110.73,     76.19,     69.78,     63.87,     26.87,     19.34,      9.39
  192706,      1.31,     94.03,     84.47,     20.10,     91.31,    108.43,     76.49,     48.46,     15.58,    108.05,     74.96,     99.41,    117.45,     79.62,     73.20,     66.69,     29.35,     20.56,     10.36
  192707,      0.23,    108.30,     63.19,     21.54,    104.16,     85.76,     71.30,     49.31,     10.68,    131.85,     77.06,    116.67,     55.50,     83.28,     59.31,     55.01,     43.49,     12.58,      8.73
  192708,      0.24,    117.60,     67.29,     22.97,    114.86,     90.26,     75.90,     53.05,     11.41,    146.76,     83.64,    123.12,     58.10,     88.04,     63.77,     59.61,     46.34,     13.51,      9.27
  192709,      0.26,    122.15,     67.95,     22.70,    121.05,     91.25,     76.44,     52.99,     11.37,    156.79,     86.07,    124.37,     58.83,     89.66,     63.22,     60.47,     45.36,     13.84,      8.90
  192710,      0.24,    128.04,     70.29,     23.78,    127.66,     93.66,     80.06,     54.78,     12.07,    167.97,     88.21,    128.80,     59.27,     94.88,     65.23,     62.18,     47.21,     14.64,      9.49
  192711,      0.24,    123.28,     67.20,     22.19,    121.95,     91.36,     77.04,     51.43,     10.75,    161.02,     83.71,    125.97,     57.48,     91.05,     63.02,     57.67,     45.06,     12.93,      8.57
  192712,      0.24,    131.60,     71.77,     23.90,    130.02,     97.56,     82.36,     54.87,     11.85,    170.80,     88.33,    134.73,     61.18,     98.14,     66.93,     61.85,     47.74,     14.04,      9.60
  192801,      0.26,    134.78,     73.99,     25.02,    133.11,    100.75,     84.18,     56.63,     12.87,    176.27,     89.00,    138.08,     64.22,    100.25,     68.46,     64.04,     49.07,     15.11,     10.57
  192802,      0.26,    134.99,     73.86,     25.01,    133.29,    100.95,     84.00,     56.70,     12.64,    173.63,     91.11,    138.32,     64.37,     99.36,     68.97,     63.74,     49.50,     15.00,     10.22
  192803,      0.18,    133.55,     72.62,     24.14,    131.86,     99.84,     82.90,     55.04,     11.97,    172.69,     89.18,    136.86,     63.62,     98.21,     67.92,     61.71,     48.22,     14.20,      9.68
  192804,      0.26,    150.89,     76.83,     26.08,    154.25,    105.62,     88.01,     58.09,     13.46,    203.97,    101.05,    144.39,     66.84,    104.87,     71.52,     64.98,     51.05,     16.04,     10.83
  192805,      0.25,    155.20,     81.84,     27.47,    157.14,    112.60,     93.98,     59.91,     14.34,    205.86,    105.02,    151.45,     73.74,    113.69,     74.71,     66.24,     53.45,     16.78,     11.86
  192806,      0.23,    159.50,     81.84,     27.71,    160.44,    116.40,     93.52,     60.46,     14.29,    212.79,    104.43,    157.68,     74.21,    112.65,     74.80,     66.51,     54.28,     16.62,     11.90
  192807,      0.33,    122.61,     96.12,     23.31,    146.93,     92.34,    110.07,     46.44,     14.97,    215.29,     77.15,     74.46,    110.60,     80.79,    139.34,     53.19,     39.83,     22.76,      7.34
  192808,      0.29,    124.11,     96.04,     23.37,    149.05,     92.12,    110.26,     46.48,     15.03,    216.83,     79.85,     74.75,    109.85,     80.34,    140.18,     53.20,     39.89,     22.87,      7.34
  192809,      0.31,    134.54,    100.76,     24.88,    161.61,     98.27,    115.60,     49.13,     15.92,    233.40,     88.33,     80.93,    115.96,     86.03,    145.17,     55.27,     42.99,     24.11,      7.91
  192810,      0.31,    138.53,    103.09,     26.00,    166.41,     99.86,    119.58,     49.96,     17.04,    240.43,     90.85,     83.33,    116.72,     91.51,    147.64,     55.79,     44.13,     25.98,      8.27
  192811,      0.32,    140.69,    104.71,     26.48,    169.47,    102.25,    121.12,     50.27,     17.22,    243.56,     92.24,     84.29,    120.59,     92.58,    149.66,     55.33,     45.21,     26.67,      7.96
  192812,      0.50,    156.08,    118.53,     29.84,    188.39,    113.14,    139.78,     54.90,     19.84,    268.92,    104.43,     92.78,    133.92,    111.35,    168.21,     59.77,     50.03,     31.00,      8.91
  192901,      0.50,    160.38,    118.57,     31.50,    192.06,    116.57,    138.72,     56.41,     21.23,    274.01,    106.63,     98.32,    135.20,    110.93,    166.51,     60.79,     52.03,     32.73,     10.20
  192902,      0.48,    173.05,    124.83,     33.83,    208.37,    126.98,    143.64,     60.28,     21.60,    297.75,    115.10,    105.31,    149.11,    117.41,    169.34,     62.53,     58.04,     32.56,     10.87
  192903,      0.44,    171.45,    125.63,     34.86,    205.24,    128.93,    144.03,     61.23,     22.11,    294.12,    112.49,    106.63,    151.68,    117.92,    169.61,     62.38,     60.09,     33.36,     11.09
  192904,      0.38,    171.08,    127.29,     34.55,    207.09,    127.28,    147.28,     60.71,     21.75,    294.22,    116.16,    102.01,    153.08,    120.34,    173.11,     61.51,     59.90,     32.84,     10.88
  192905,      0.44,    177.04,    128.79,     36.97,    214.67,    130.33,    148.83,     63.54,     22.35,    300.48,    125.14,    104.84,    156.35,    121.57,    174.98,     61.16,     65.92,     34.10,     10.84
  192906,      0.51,    167.08,    124.72,     33.79,    203.21,    120.75,    145.10,     60.85,     21.64,    282.19,    122.51,     98.50,    143.46,    119.00,    170.14,     63.94,     57.82,     33.88,      9.66
  192907,      0.85,    191.85,    114.85,     38.05,    218.50,    111.09,    135.20,     86.81,     23.15,    300.80,    136.20,    138.56,     83.63,    161.85,    108.03,    105.77,     67.84,     38.84,      7.47
  192908,      0.81,    198.62,    121.53,     39.75,    225.02,    117.25,    141.84,     92.52,     24.42,    306.50,    141.95,    146.32,     88.18,    171.27,    111.84,    114.64,     70.41,     41.13,      7.71
  192909,      0.89,    213.37,    135.80,     42.09,    240.72,    129.07,    157.73,    102.55,     25.47,    329.32,    152.12,    159.73,     98.40,    189.98,    124.85,    129.76,     75.35,     43.18,      7.76
  192910,      0.78,    204.47,    128.80,     40.01,    227.35,    125.82,    150.71,     96.48,     23.86,    308.16,    146.55,    158.71,     93.56,    181.35,    119.46,    120.65,     72.31,     40.36,      7.36
  192911,      0.56,    154.24,    110.74,     35.08,    169.38,     98.58,    130.83,     85.77,     20.75,    228.64,    108.93,    124.24,     73.41,    155.84,    105.32,    108.23,     63.74,     35.67,      5.82
  192912,      0.49,    131.59,     99.10,     32.07,    145.95,     83.22,    118.41,     77.26,     18.78,    195.70,     95.20,    103.17,     63.65,    138.92,     97.50,     96.23,     58.65,     32.45,      5.10
  193001,      0.45,    136.46,    104.91,     32.53,    152.03,     92.46,    121.82,     77.57,     19.50,    203.06,     99.98,    105.61,     79.57,    138.53,    104.44,     96.92,     58.58,     33.07,      5.92
  193002,      0.46,    146.99,    109.01,     33.51,    163.60,     99.78,    124.58,     80.99,     20.02,    218.70,    107.39,    114.11,     85.73,    140.17,    108.04,    101.90,     60.49,     33.86,      6.18
  193003,      0.50,    151.55,    110.48,     34.23,    167.90,    103.93,    125.07,     82.26,     20.98,    223.22,    111.47,    119.17,     88.98,    143.37,    105.65,    103.52,     60.99,     35.31,      6.38
  193004,      0.49,    161.06,    121.33,     36.70,    178.20,    111.67,    139.38,     88.23,     22.21,    236.81,    118.41,    127.12,     95.91,    159.22,    118.33,    110.49,     65.97,     37.31,      6.81
  193005,      0.52,    157.21,    120.23,     34.45,    176.48,    107.69,    140.67,     82.86,     21.11,    231.75,    120.11,    119.03,     96.12,    158.62,    121.19,    104.58,     61.15,     35.39,      6.25
  193006,      0.47,    159.82,    118.43,     33.65,    180.12,    106.34,    139.96,     81.07,     20.50,    239.26,    119.80,    119.63,     92.78,    159.40,    118.87,    102.19,     59.94,     34.41,      6.05
  193007,      0.28,    172.76,     63.25,     14.05,    186.85,    107.94,     77.23,     29.48,      5.34,    232.27,    141.44,    144.57,     71.31,    117.24,     36.53,     27.47,     31.49,      8.07,      2.60
  193008,      0.28,    180.58,     67.07,     14.75,    196.13,    112.09,     83.36,     30.12,      5.49,    243.52,    148.73,    149.47,     74.71,    128.44,     37.50,     27.14,     33.11,      8.33,      2.60
  193009,      0.26,    184.29,     66.69,     14.41,    197.85,    115.20,     84.15,     29.43,      5.30,    247.57,    148.14,    157.18,     72.49,    130.48,     37.02,     26.39,     32.48,      7.94,      2.61
  193010,      0.22,    160.34,     58.85,     11.81,    171.47,    100.74,     74.91,     25.11,      4.12,    213.54,    129.39,    138.09,     62.74,    116.29,     32.83,     23.17,     27.05,      6.17,      2.04
  193011,      0.19,    145.58,     54.67,     10.47,    154.28,     93.35,     69.77,     22.56,      3.57,    191.09,    117.47,    128.17,     57.93,    109.50,     29.36,     20.96,     24.13,      5.30,      1.82
  193012,      0.16,    141.97,     52.61,      9.82,    150.19,     91.27,     66.41,     21.47,      3.44,    181.86,    118.52,    125.52,     56.42,    104.27,     27.90,     20.41,     22.49,      5.11,      1.73
  193101,      0.13,    133.74,     48.01,      8.59,    142.35,     83.86,     61.50,     18.90,      2.79,    172.35,    112.34,    116.54,     50.61,     98.01,     24.37,     17.66,     20.10,      4.11,      1.44
  193102,      0.15,    140.39,     51.48,      9.98,    149.75,     88.08,     65.69,     21.49,      3.39,    178.30,    120.70,    121.84,     53.75,    103.89,     26.83,     20.01,     22.92,      4.81,      1.92
  193103,      0.17,    157.28,     54.77,     11.38,    169.79,     96.24,     69.04,     23.15,      4.11,    202.40,    136.61,    132.48,     59.36,    108.18,     29.21,     20.80,     25.42,      5.88,      2.21
  193104,      0.17,    149.43,     49.27,     11.23,    162.60,     88.46,     62.36,     21.79,      3.87,    193.76,    130.90,    123.33,     52.98,     97.53,     26.59,     18.06,     25.34,      5.53,      2.06
  193105,      0.13,    135.87,     43.75,      9.78,    147.07,     81.26,     54.93,     18.97,      3.29,    174.01,    119.67,    113.65,     48.30,     86.46,     22.86,     15.67,     22.11,      4.79,      1.67
  193106,      0.10,    119.90,     36.59,      7.93,    129.28,     71.71,     45.55,     15.43,      2.68,    154.66,    103.46,    101.30,     41.62,     71.83,     19.27,     12.82,     17.90,      3.82,      1.45
  193107,      1.88,    136.24,     38.82,      5.98,    166.13,     69.01,     34.80,     17.33,      3.68,    211.31,    120.96,     76.46,     61.56,     37.43,     32.12,     24.07,     10.58,      5.92,      1.44
  193108,      1.48,    128.89,     34.87,      5.34,    156.93,     64.11,     30.94,     15.54,      3.36,    200.06,    113.81,     72.79,     55.43,     34.33,     27.50,     21.88,      9.31,      5.35,      1.37
  193109,      1.53,    129.88,     34.22,      5.30,    157.07,     64.55,     30.71,     15.32,      3.37,    198.96,    115.19,     75.50,     53.59,     34.12,     27.24,     21.62,      9.12,      5.42,      1.29
  193110,      0.91,     90.00,     24.24,      3.43,    107.80,     47.83,     20.77,     10.14,      2.08,    132.83,     83.18,     54.68,     40.97,     23.26,     18.23,     14.24,      6.10,      3.30,      0.84
  193111,      0.97,     98.16,     25.21,      3.79,    117.25,     51.44,     21.56,     10.83,      2.34,    145.51,     89.45,     60.27,     42.46,     24.25,     18.83,     15.15,      6.65,      3.74,      0.90
  193112,      0.88,     91.42,     21.02,      3.30,    109.58,     45.71,     17.93,      8.91,      2.10,    135.79,     83.79,     55.40,     35.86,     19.76,     16.08,     12.28,      5.66,      3.34,      0.82
  193201,      0.58,     80.52,     16.88,      2.55,     97.65,     37.92,     14.38,      6.93,      1.59,    120.80,     74.88,     46.54,     29.15,     16.22,     12.48,      9.49,      4.45,      2.54,      0.60
  193202,      0.67,     77.70,     17.16,      2.77,     93.97,     37.36,     14.61,      7.44,      1.71,    115.51,     72.77,     45.43,     29.16,     15.90,     13.29,     10.14,      4.83,      2.69,      0.71
  193203,      0.71,     82.63,     17.34,      2.78,    100.01,     38.96,     14.86,      7.32,      1.76,    120.60,     79.75,     48.15,     29.61,     16.25,     13.42,      9.93,      4.78,      2.79,      0.71
  193204,      0.67,     74.37,     14.67,      2.64,     88.96,     34.98,     12.80,      6.03,      1.99,    106.62,     71.29,     45.18,     24.78,     14.93,     10.61,      8.20,      3.92,      3.33,      0.61
  193205,      0.50,     60.65,     11.61,      2.09,     72.62,     27.94,     10.25,      4.91,      1.49,     84.40,     60.84,     36.70,     19.18,     11.88,      8.59,      6.64,      3.23,      2.50,      0.47
  193206,      0.45,     48.57,      8.55,      1.63,     57.39,     22.74,      7.37,      3.59,      1.22,     65.15,     49.63,     30.92,     14.56,      8.89,      5.83,      4.81,      2.40,      2.05,      0.39
  193207,      0.21,     46.85,      9.35,      2.30,     56.42,     17.43,     11.59,      5.79,      1.09,     58.67,     54.20,     27.55,      7.49,     14.15,      9.04,      6.82,      4.74,      1.42,      0.75
  193208,      0.30,     59.91,     13.73,      3.83,     71.29,     23.71,     17.07,      8.99,      1.89,     76.15,     66.51,     36.97,     10.67,     20.70,     13.45,     10.22,      7.74,      2.46,      1.31
  193209,      0.63,     78.29,     20.85,      6.48,     92.98,     32.34,     25.49,     14.36,      3.49,     98.94,     87.13,     48.67,     16.28,     29.15,     21.83,     16.30,     12.39,      4.32,      2.65
  193210,      0.46,     76.88,     19.43,      6.08,     92.61,     30.19,     23.34,     13.77,      3.22,     99.28,     86.05,     45.17,     15.47,     26.01,     20.67,     15.68,     11.80,      4.11,      2.31
  193211,      0.34,     68.44,     15.99,      4.65,     81.91,     26.65,     19.52,     10.98,      2.41,     86.25,     77.65,     41.28,     12.26,     22.73,     16.32,     12.76,      9.14,      3.09,      1.70
  193212,      0.32,     66.17,     14.52,      3.95,     78.94,     25.79,     17.50,      9.85,      1.97,     82.74,     75.21,     40.41,     11.42,     20.50,     14.49,     11.76,      7.88,      2.53,      1.38
  193301,      0.35,     69.72,     14.67,      3.76,     83.43,     27.00,     17.79,      9.33,      1.88,     88.09,     78.85,     42.05,     12.19,     21.19,     14.45,     11.08,      7.49,      2.42,      1.29
  193302,      0.31,     69.57,     15.03,      4.12,     83.07,     27.08,     18.53,      9.67,      2.11,     87.70,     78.51,     42.35,     12.06,     21.30,     15.80,     11.17,      8.10,      2.65,      1.51
  193303,      0.26,     58.82,     12.50,      3.37,     70.53,     22.44,     15.58,      8.06,      1.66,     73.17,     67.93,     35.22,      9.66,     18.35,     12.86,      9.29,      6.77,      2.09,      1.19
  193304,      0.28,     58.90,     13.71,      3.68,     69.94,     23.91,     16.79,      8.77,      1.87,     75.45,     64.53,     36.62,     11.19,     19.81,     13.87,     10.22,      7.24,      2.35,      1.35
  193305,      0.42,     78.54,     20.84,      5.80,     92.54,     33.99,     24.95,     13.75,      2.97,    106.82,     78.50,     50.30,     17.68,     29.12,     20.91,     16.01,     11.37,      3.70,      2.19
  193306,      0.89,     91.76,     26.73,      8.71,    108.66,     40.17,     31.41,     19.12,      4.70,    125.43,     92.18,     57.66,     22.68,     37.23,     25.79,     21.66,     16.45,      5.71,      3.61
  193307,      0.69,    104.44,     26.77,     12.05,    122.85,     47.85,     28.85,     20.28,      8.21,     95.67,    149.58,     67.32,     28.69,     36.56,     21.15,     20.75,     19.80,     11.51,      4.85
  193308,      0.75,     95.00,     23.27,     10.97,    112.17,     42.33,     25.24,     18.05,      7.49,     87.01,    136.92,     60.37,     24.58,     31.16,     19.31,     18.10,     18.01,     10.03,      4.90
  193309,      0.75,    104.78,     26.85,     12.87,    122.14,     49.27,     29.06,     20.56,      8.90,     94.14,    149.68,     69.76,     29.12,     35.71,     22.40,     20.24,     20.89,     12.23,      5.50
  193310,      0.60,     94.27,     23.44,     10.40,    109.02,     45.25,     25.29,     17.34,      6.75,     84.32,    133.32,     64.53,     26.28,     31.78,     18.79,     16.97,     17.72,      9.46,      3.94
  193311,      0.49,     88.25,     20.94,      8.61,    101.50,     42.79,     22.56,     14.50,      5.57,     78.39,    124.23,     61.52,     24.37,     28.68,     16.43,     14.32,     14.69,      7.75,      3.32
  193312,      0.42,     96.25,     23.28,      9.62,    110.64,     46.78,     25.27,     16.36,      6.08,     83.59,    137.25,     67.22,     26.67,     32.95,     17.58,     16.01,     16.72,      8.52,      3.55
  193401,      0.46,     97.71,     23.81,      9.91,    111.90,     47.52,     25.81,     17.05,      6.45,     82.15,    141.16,     69.10,     26.29,     33.30,     18.32,     17.27,     16.83,      9.15,      3.66
  193402,      0.66,    107.24,     28.08,     12.49,    123.05,     52.54,     30.80,     20.34,      8.72,     91.84,    153.75,     75.35,     30.10,     38.74,     22.71,     20.66,     20.03,     11.90,      5.42
  193403,      0.65,    104.28,     27.25,     12.16,    119.60,     51.25,     29.65,     19.72,      8.65,     87.20,    151.48,     73.39,     29.47,     37.00,     22.17,     20.25,     19.19,     11.77,      5.42
  193404,      0.66,    103.78,     27.18,     12.10,    119.08,     51.22,     29.37,     19.57,      8.60,     88.00,    149.65,     72.92,     29.89,     36.59,     22.04,     20.06,     19.09,     11.60,      5.50
  193405,      0.63,    101.74,     26.56,     11.54,    116.53,     50.68,     28.81,     18.57,      8.14,     87.13,    145.45,     71.91,     29.80,     35.72,     21.78,     18.80,     18.34,     11.02,      5.18
  193406,      0.49,     94.83,     24.24,     10.06,    108.63,     47.30,     26.49,     16.35,      6.92,     82.16,    134.66,     67.00,     27.60,     33.31,     19.56,     16.42,     16.28,      9.21,      4.52
  193407,      1.07,     72.30,     40.98,     12.40,     78.15,     66.16,     39.04,     17.02,      8.63,    110.26,     46.05,     60.58,     71.74,     48.69,     29.38,     14.10,     19.94,     11.47,      5.79
  193408,      0.86,     66.08,     35.94,      9.52,     71.96,     60.35,     33.20,     13.65,      6.10,    101.86,     42.07,     54.32,     66.38,     42.00,     24.39,     11.00,     16.29,      8.06,      4.12
  193409,      1.03,     69.64,     37.48,     10.14,     75.49,     63.40,     34.68,     14.37,      6.69,    106.79,     44.19,     57.96,     68.84,     43.27,     26.09,     11.74,     16.99,      8.68,      4.66
  193410,      1.05,     69.22,     37.10,     10.08,     75.15,     62.79,     34.26,     14.17,      6.74,    106.57,     43.73,     57.35,     68.24,     42.87,     25.64,     11.63,     16.70,      8.71,      4.74
  193411,      0.89,     69.06,     36.50,      9.44,     75.82,     61.75,     32.97,     13.54,      6.25,    107.36,     44.27,     55.56,     67.95,     40.25,     25.58,     11.21,     15.78,      8.09,      4.38
  193412,      0.94,     75.85,     38.31,     10.52,     83.56,     65.04,     35.27,     15.22,      6.62,    117.92,     49.19,     60.44,     69.64,     42.99,     27.43,     12.16,     18.18,      8.74,      4.50
  193501,      1.14,     76.15,     38.18,     10.35,     84.06,     64.94,     34.95,     15.29,      6.41,    117.36,     50.75,     60.34,     69.55,     41.90,     27.88,     12.38,     18.10,      8.43,      4.40
  193502,      1.06,     73.68,     37.12,      9.49,     82.00,     62.39,     34.18,     14.20,      5.75,    113.68,     50.33,     57.04,     67.73,     40.80,     27.34,     11.46,     16.84,      7.48,      4.03
  193503,      0.89,     73.08,     36.29,      8.38,     82.55,     61.11,     32.84,     12.90,      4.92,    112.95,     51.65,     54.30,     67.91,     38.94,     26.54,     10.59,     15.14,      6.38,      3.49
  193504,      0.71,     70.52,     34.73,      7.67,     79.17,     58.97,     31.96,     11.76,      4.45,    108.17,     49.70,     53.34,     64.60,     37.99,     25.73,      9.47,     13.97,      5.88,      3.04
  193505,      1.11,     76.11,     38.11,      8.68,     84.63,     65.00,     35.06,     13.27,      5.02,    115.26,     53.48,     59.22,     70.78,     41.33,     28.57,     10.56,     15.93,      6.68,      3.40
  193506,      1.27,     78.50,     39.64,      8.99,     87.07,     67.89,     36.32,     13.59,      5.25,    119.45,     54.68,     61.64,     74.14,     42.18,     30.26,     10.72,     16.41,      7.02,      3.52
  193507,      1.16,     72.67,     49.23,     10.22,     93.59,     43.72,     54.11,     22.17,      9.44,     94.53,     92.63,     31.16,     56.49,     73.32,     34.59,     32.39,     11.79,     12.68,      6.14
  193508,      1.30,     78.14,     52.83,     11.95,    100.40,     47.10,     57.53,     24.95,     10.80,     99.66,    101.16,     33.61,     60.59,     77.10,     37.32,     35.66,     14.23,     14.87,      6.66
  193509,      1.89,     79.55,     53.85,     12.68,    102.42,     47.21,     58.74,     26.17,     11.61,    102.05,    102.80,     33.81,     60.61,     78.62,     38.19,     37.31,     14.84,     15.93,      7.23
  193510,      2.17,     83.11,     54.19,     13.03,    107.44,     47.26,     59.74,     26.44,     11.85,    105.70,    109.24,     34.46,     60.06,     81.04,     38.09,     37.29,     15.40,     16.50,      7.12
  193511,      2.52,     88.45,     58.49,     13.83,    114.21,     51.13,     63.94,     28.65,     12.64,    110.27,    118.29,     36.94,     65.32,     84.93,     42.61,     40.86,     16.23,     17.62,      7.57
  193512,      2.63,     90.67,     61.60,     15.91,    116.70,     53.44,     67.57,     30.58,     14.95,    112.56,    120.99,     38.61,     68.26,     90.92,     43.82,     43.10,     17.85,     20.30,      9.52
  193601,      2.93,     92.98,     65.11,     17.22,    120.04,     55.12,     71.46,     32.83,     16.25,    116.67,    123.52,     38.86,     71.37,     93.67,     48.88,     46.27,     19.16,     22.64,      9.86
  193602,      4.27,     95.94,     71.12,     19.57,    123.92,     58.46,     77.48,     36.90,     18.93,    120.02,    127.96,     39.96,     76.96,     99.80,     54.79,     52.67,     20.86,     26.12,     11.74
  193603,      4.22,     97.78,     72.97,     21.07,    125.90,     59.71,     80.51,     38.25,     20.02,    120.96,    131.01,     41.53,     77.88,    103.91,     56.72,     53.08,     23.17,     27.24,     12.68
  193604,      4.26,    100.03,     72.76,     21.01,    129.53,     60.30,     78.76,     39.02,     19.63,    121.59,    137.74,     41.04,     79.56,    101.10,     56.06,     54.06,     23.72,     26.67,     12.36
  193605,      4.12,     93.19,     66.49,     18.67,    120.32,     55.53,     72.65,     34.69,     17.41,    113.97,    126.88,     38.02,     72.74,     93.78,     51.17,     48.00,     21.16,     23.76,     10.84
  193606,      4.10,     97.48,     69.62,     19.95,    126.22,     57.65,     75.97,     36.61,     18.75,    119.62,    133.04,     39.02,     75.97,     98.16,     53.42,     50.68,     22.31,     25.18,     12.10
  193607,      3.11,    105.64,     58.56,     25.96,    135.95,     43.32,     80.07,     36.34,     18.72,    181.29,     89.88,     45.50,     41.10,    109.87,     50.27,     32.31,     40.31,     29.65,      7.97
  193608,      3.47,    111.84,     62.17,     29.01,    144.16,     45.81,     84.73,     40.14,     20.66,    196.25,     91.22,     47.71,     43.88,    115.43,     54.04,     34.61,     45.58,     32.41,      9.10
  193609,      3.40,    111.53,     62.50,     30.58,    143.36,     46.18,     85.29,     41.11,     21.96,    193.75,     92.15,     48.38,     43.94,    116.23,     54.36,     34.72,     47.41,     34.30,      9.83
  193610,      3.71,    112.25,     62.94,     30.83,    144.04,     46.67,     85.63,     41.83,     22.08,    194.53,     92.74,     49.17,     44.12,    116.23,     55.04,     35.65,     47.91,     34.27,     10.09
  193611,      4.78,    119.23,     68.31,     33.53,    153.28,     48.21,     93.74,     46.38,     23.28,    208.14,     97.53,     50.58,     45.84,    124.44,     63.04,     39.12,     53.52,     36.35,     10.43
  193612,      4.63,    122.03,     70.24,     33.58,    156.57,     49.69,     96.35,     47.02,     23.37,    209.70,    102.59,     52.38,     47.00,    128.35,     64.36,     40.40,     53.53,     36.70,     10.25
  193701,      4.81,    120.23,     71.75,     34.50,    153.18,     50.31,     97.75,     49.42,     24.27,    205.57,     99.94,     53.80,     46.82,    128.12,     67.87,     44.27,     54.48,     38.39,     10.37
  193702,      5.94,    124.41,     73.11,     36.78,    158.79,     51.99,     98.83,     51.23,     26.67,    215.91,    100.76,     55.08,     48.89,    127.91,     69.75,     45.87,     56.51,     42.55,     11.05
  193703,      5.71,    124.13,     73.49,     39.13,    158.37,     52.17,     99.50,     52.24,     29.12,    215.64,    100.17,     55.09,     49.24,    126.44,     72.55,     45.71,     58.67,     46.00,     12.52
  193704,      5.79,    121.61,     73.28,     41.95,    154.70,     51.22,     99.79,     53.43,     32.26,    210.15,     98.36,     54.90,     47.53,    123.65,     75.92,     46.01,     60.73,     51.09,     14.03
  193705,      5.43,    113.05,     68.90,     37.75,    143.66,     47.94,     93.23,     49.60,     28.86,    195.33,     91.15,     51.34,     44.54,    117.07,     69.39,     44.20,     54.83,     45.80,     12.73
  193706,      4.98,    112.58,     68.14,     36.52,    143.39,     46.72,     92.88,     48.13,     28.09,    194.35,     91.62,     50.44,     42.99,    117.25,     68.52,     43.39,     52.72,     45.01,     11.98
  193707,      2.49,     93.03,     66.69,     35.52,    111.08,     56.97,     82.76,     44.25,     31.27,    121.78,    100.39,     56.93,     57.01,     72.28,     93.41,     44.49,     44.02,     46.22,     16.32
  193708,      3.04,    100.94,     71.94,     39.33,    120.57,     62.03,     88.51,     48.74,     34.55,    130.86,    110.29,     61.67,     62.38,     78.07,     99.11,     48.61,     48.88,     51.38,     17.73
  193709,      2.72,     96.31,     68.45,     36.21,    116.02,     58.36,     83.92,     45.72,     31.78,    125.05,    106.98,     56.90,     59.82,     73.00,     95.00,     46.36,     45.08,     47.75,     15.80
  193710,      2.02,     83.80,     59.30,     29.24,    101.57,     48.78,     74.61,     38.25,     25.07,    108.96,     94.18,     48.26,     49.30,     62.10,     87.31,     38.92,     37.58,     37.98,     12.16
  193711,      1.87,     75.12,     54.66,     25.09,     91.06,     44.11,     69.35,     34.31,     20.91,     98.05,     84.07,     43.23,     44.98,     57.30,     81.57,     35.17,     33.45,     32.03,      9.79
  193712,      1.60,     67.39,     49.74,     22.68,     81.55,     39.55,     63.48,     31.38,     18.73,     88.89,     74.21,     39.06,     40.04,     50.38,     76.78,     32.18,     30.59,     28.87,      8.60
  193801,      1.36,     64.15,     47.66,     20.90,     78.19,     37.03,     61.17,     29.26,     17.36,     87.56,     68.81,     36.06,     37.99,     49.00,     73.52,     30.54,     27.99,     27.46,      7.26
  193802,      1.35,     65.00,     47.55,     20.68,     79.46,     37.18,     60.72,     29.45,     16.90,     87.51,     71.42,     36.06,     38.29,     49.85,     71.76,     30.66,     28.24,     26.70,      7.11
  193803,      1.40,     68.87,     49.94,     21.82,     83.93,     39.77,     63.38,     31.07,     17.88,     92.42,     75.44,     38.77,     40.78,     54.07,     72.83,     32.45,     29.70,     27.79,      7.97
  193804,      0.88,     52.26,     38.29,     15.26,     64.02,     29.93,     48.94,     22.91,     12.15,     70.15,     57.89,     28.75,     31.11,     40.33,     57.69,     24.33,     21.49,     19.82,      4.47
  193805,      1.11,     59.75,     43.86,     17.70,     73.08,     34.41,     55.98,     26.87,     13.75,     79.26,     67.00,     33.29,     35.54,     46.69,     65.41,     28.12,     25.61,     22.11,      5.39
  193806,      1.26,     57.46,     41.92,     16.58,     70.33,     32.48,     54.32,     24.97,     13.00,     76.74,     64.02,     31.92,     33.03,     44.25,     64.55,     26.21,     23.74,     20.86,      5.13
  193807,      0.57,     94.15,     35.15,     12.49,     96.58,     73.29,     29.28,     21.72,      9.38,    116.24,     76.92,     89.29,     57.29,     33.85,     24.71,     24.74,     18.70,     12.62,      6.14
  193808,      0.62,    100.92,     37.95,     13.75,    104.18,     77.93,     31.72,     23.25,     10.61,    123.10,     85.26,     94.31,     61.79,     36.52,     26.85,     26.48,     20.03,     14.03,      7.18
  193809,      0.62,    100.64,     35.59,     12.99,    104.61,     74.89,     29.97,     22.10,      9.79,    123.64,     85.85,     92.64,     57.40,     34.96,     24.99,     24.86,     19.34,     12.85,      6.69
  193810,      0.62,    101.41,     35.67,     12.82,    105.52,     75.39,     29.86,     22.12,      9.54,    125.16,     86.16,     93.12,     57.91,     34.63,     25.08,     24.90,     19.34,     12.67,      6.36
  193811,      0.70,    108.92,     38.35,     14.69,    113.78,     79.76,     31.95,     25.01,     11.37,    133.33,     94.23,     99.20,     60.60,     37.77,     26.13,     28.74,     21.28,     15.17,      7.51
  193812,      0.56,    107.07,     37.32,     14.15,    111.36,     78.96,     30.85,     24.19,     10.86,    131.25,     91.47,     98.47,     59.73,     36.34,     25.35,     27.69,     20.68,     14.59,      7.08
  193901,      0.73,    109.48,     38.87,     15.44,    113.88,     81.51,     31.87,     25.19,     12.25,    135.26,     92.49,    100.69,     62.60,     37.76,     25.98,     28.78,     21.65,     16.24,      8.14
  193902,      0.72,    103.54,     36.35,     13.75,    106.84,     77.52,     29.99,     23.15,     10.73,    127.73,     85.96,     96.92,     58.39,     35.79,     24.19,     26.72,     19.63,     14.36,      6.98
  193903,      0.66,    106.68,     37.35,     14.67,    109.41,     79.97,     30.94,     24.47,     11.51,    130.20,     88.63,    101.20,     59.04,     37.32,     24.55,     28.17,     20.82,     15.38,      7.52
  193904,      0.52,     95.52,     32.02,     11.48,     97.00,     72.02,     26.62,     19.94,      8.59,    118.20,     75.80,     92.58,     51.75,     31.62,     21.62,     22.82,     17.10,     11.72,      5.37
  193905,      0.48,     95.40,     31.97,     11.19,     96.58,     72.26,     26.54,     19.54,      8.52,    117.47,     75.69,     93.03,     51.78,     31.59,     21.49,     22.74,     16.38,     11.58,      5.36
  193906,      0.47,    101.63,     33.64,     12.23,    102.87,     76.53,     27.95,     20.92,      9.40,    125.05,     80.68,     99.17,     54.21,     33.68,     22.21,     24.15,     17.73,     12.77,      5.92
  193907,      0.36,     76.19,     47.60,      9.49,     94.95,     64.50,     29.21,     27.29,      7.76,    112.25,     77.40,     38.94,     90.05,     35.87,     22.45,     41.67,     12.92,     10.10,      5.46
  193908,      0.35,     84.77,     51.69,     10.81,    105.54,     70.17,     31.84,     30.21,      9.11,    123.22,     87.61,     43.52,     96.83,     38.89,     24.68,     45.96,     14.24,     11.68,      6.58
  193909,      0.34,     78.89,     48.31,      9.58,     98.62,     65.86,     29.35,     27.79,      7.82,    116.66,     80.31,     39.71,     92.01,     36.02,     22.59,     42.24,     13.13,     10.28,      5.39
  193910,      0.82,     89.62,     56.58,     13.83,    111.23,     73.91,     34.52,     36.59,     12.21,    128.56,     93.65,     46.70,    101.11,     41.91,     27.02,     55.86,     17.04,     15.07,      9.30
  193911,      0.60,     89.56,     56.07,     13.25,    111.16,     73.93,     34.33,     35.40,     11.64,    129.21,     92.85,     46.66,    101.20,     41.90,     26.65,     54.10,     16.43,     14.42,      8.78
  193912,      0.52,     86.10,     53.57,     11.80,    107.25,     71.51,     32.79,     32.48,     10.06,    125.53,     88.71,     44.08,     98.93,     39.87,     25.61,     49.48,     15.23,     12.66,      7.33
  194001,      0.55,     88.84,     54.31,     11.85,    110.76,     72.57,     33.69,     32.56,     10.16,    130.03,     91.21,     45.30,     99.84,     41.59,     25.69,     49.71,     15.17,     12.82,      7.38
  194002,      0.58,     86.77,     52.87,     11.31,    108.27,     71.20,     32.86,     31.05,      9.58,    126.94,     89.33,     44.09,     98.31,     40.44,     25.16,     47.18,     14.68,     12.17,      6.82
  194003,      0.52,     87.43,     53.42,     11.48,    108.73,     72.28,     33.05,     31.47,      9.75,    127.50,     89.70,     45.12,     99.45,     40.52,     25.47,     47.85,     14.84,     12.41,      6.92
  194004,      0.60,     89.24,     53.99,     11.73,    111.22,     72.58,     33.59,     32.19,      9.94,    130.17,     91.99,     45.60,     99.56,     41.18,     25.88,     48.92,     15.23,     12.72,      6.98
  194005,      0.59,     89.06,     54.05,     11.82,    111.08,     72.35,     33.83,     32.30,      9.94,    130.44,     91.44,     45.32,     99.39,     41.31,     26.24,     48.88,     15.48,     12.84,      6.86
  194006,      0.49,     68.76,     42.52,      8.65,     86.07,     57.19,     26.00,     24.82,      7.00,    104.10,     67.79,     34.37,     80.00,     31.77,     20.07,     37.61,     11.84,      9.42,      4.43
  194007,      0.77,     86.09,     33.31,     11.30,     91.22,     60.51,     27.99,     24.66,      8.24,    130.35,     52.08,     75.70,     45.53,     43.50,     12.48,     31.72,     17.51,     10.46,      6.03
  194008,      0.71,     88.93,     34.28,     11.63,     94.66,     61.80,     28.91,     25.47,      8.45,    134.72,     54.60,     77.29,     46.54,     44.88,     12.94,     32.77,     18.07,     10.75,      6.16
  194009,      0.70,     90.33,     34.67,     12.03,     96.66,     62.24,     29.22,     25.79,      8.82,    137.56,     55.76,     77.48,     47.22,     44.98,     13.47,     33.01,     18.46,     11.29,      6.41
  194010,      0.77,     92.71,     35.01,     12.28,     99.75,     63.30,     29.23,     25.93,      9.12,    142.14,     57.37,     78.43,     48.38,     44.95,     13.50,     33.20,     18.56,     11.58,      6.70
  194011,      0.84,     93.47,     37.12,     13.18,    100.06,     65.05,     30.93,     28.11,      9.88,    141.77,     58.35,     80.10,     50.22,     47.44,     14.43,     36.39,     19.72,     12.84,      6.97
  194012,      0.90,     90.81,     36.26,     12.89,     96.30,     64.18,     30.36,     27.88,      9.20,    136.32,     56.27,     79.68,     48.91,     46.48,     14.24,     35.42,     20.23,     12.00,      6.44
  194101,      0.82,     90.91,     36.52,     12.95,     96.35,     64.81,     30.12,     28.11,      9.35,    136.78,     55.92,     79.89,     49.95,     46.35,     13.88,     35.89,     20.09,     12.18,      6.48
  194102,      0.88,     86.22,     35.08,     12.74,     90.63,     62.22,     29.18,     27.19,      9.29,    128.02,     53.24,     77.28,     47.37,     44.98,     13.38,     34.57,     19.59,     11.90,      6.64
  194103,      0.93,     84.38,     34.30,     12.57,     88.64,     60.94,     28.68,     26.46,      9.23,    124.80,     52.47,     75.76,     46.33,     44.41,     12.96,     33.51,     19.20,     11.87,      6.55
  194104,      0.90,     84.29,     34.54,     12.96,     88.71,     60.79,     29.03,     26.74,      9.61,    124.89,     52.52,     75.33,     46.45,     45.12,     12.94,     33.67,     19.61,     12.21,      6.96
  194105,      0.78,     78.66,     32.89,     12.61,     82.77,     56.85,     27.84,     25.75,      9.39,    116.86,     48.68,     70.32,     43.58,     43.50,     12.19,     32.29,     19.01,     11.88,      6.87
  194106,      0.80,     78.87,     33.34,     12.85,     83.02,     57.28,     28.24,     26.20,      9.44,    117.41,     48.63,     70.46,     44.28,     44.27,     12.21,     32.60,     19.61,     11.92,      6.93
  194107,      1.07,     82.07,     32.62,     14.45,     84.80,     58.18,     34.93,     25.77,      6.31,    122.38,     47.21,     76.61,     39.74,     32.03,     37.88,     20.82,     30.71,      5.81,      6.82
  194108,      1.28,     84.98,     35.29,     16.03,     88.51,     60.07,     37.92,     28.19,      7.40,    127.44,     49.57,     77.94,     42.20,     34.73,     41.15,     23.10,     33.28,      6.66,      8.15
  194109,      1.28,     85.00,     34.74,     15.56,     88.50,     59.86,     37.14,     27.55,      7.25,    127.50,     49.51,     77.98,     41.74,     34.41,     39.91,     22.90,     32.19,      6.58,      7.91
  194110,      1.18,     84.47,     33.82,     15.26,     88.38,     58.73,     36.00,     27.05,      7.07,    127.14,     49.61,     76.67,     40.78,     33.36,     38.68,     22.47,     31.64,      6.59,      7.54
  194111,      1.30,     79.31,     32.57,     14.73,     82.28,     56.01,     34.93,     26.29,      6.66,    118.04,     46.53,     73.36,     38.65,     31.91,     38.00,     21.74,     30.85,      6.33,      7.00
  194112,      1.47,     77.00,     31.81,     14.23,     80.20,     54.08,     34.33,     25.47,      6.38,    115.87,     45.02,     70.66,     37.51,     31.06,     37.65,     21.01,     29.93,      6.18,      6.59
  194201,      1.18,     73.13,     30.23,     12.75,     77.15,     51.15,     32.20,     23.00,      5.80,    112.44,     42.36,     65.14,     37.15,     28.47,     35.99,     19.35,     26.65,      5.44,      6.15
  194202,      1.35,     71.82,     30.48,     14.14,     74.93,     51.37,     32.46,     24.57,      6.57,    107.82,     42.48,     65.65,     37.09,     29.57,     35.39,     19.87,     29.28,      5.85,      7.29
  194203,      1.31,     69.79,     29.46,     13.72,     72.57,     50.09,     31.24,     23.79,      6.49,    104.00,     41.57,     64.27,     35.92,     28.64,     33.88,     19.39,     28.19,      5.56,      7.43
  194204,      1.30,     65.19,     27.13,     12.82,     68.22,     46.15,     28.61,     22.27,      6.04,     97.35,     39.50,     59.16,     33.14,     25.90,     31.35,     18.15,     26.39,      5.24,      6.84
  194205,      1.14,     62.06,     25.85,     12.39,     65.55,     43.13,     27.45,     21.43,      5.83,     94.26,     37.24,     55.11,     31.14,     25.11,     29.83,     17.33,     25.52,      5.07,      6.59
  194206,      1.14,     66.25,     26.81,     12.39,     70.17,     45.47,     28.47,     21.75,      5.74,    100.71,     40.06,     58.46,     32.48,     26.06,     30.91,     17.80,     25.69,      5.11,      6.38
  194207,      1.42,     71.13,     26.51,      9.74,     73.49,     54.37,     19.82,     20.50,      6.08,     93.39,     53.30,     66.44,     42.30,     21.92,     17.70,     24.00,     17.01,      6.18,      5.98
  194208,      1.45,     72.95,     27.63,     10.40,     74.94,     56.59,     20.43,     21.80,      6.50,     94.92,     54.68,     68.99,     44.19,     22.46,     18.36,     25.34,     18.25,      6.36,      6.63
  194209,      1.57,     73.78,     27.94,     10.71,     75.54,     57.47,     20.59,     22.26,      6.73,     95.48,     55.33,     70.27,     44.66,     22.51,     18.64,     25.80,     18.72,      6.66,      6.80
  194210,      1.66,     75.22,     28.57,     11.10,     77.41,     58.51,     20.82,     22.77,      7.09,     98.17,     56.36,     70.88,     46.14,     22.77,     18.84,     26.36,     19.18,      6.81,      7.35
  194211,      2.04,     79.12,     30.85,     12.43,     81.35,     62.06,     22.67,     25.10,      8.03,    103.11,     59.30,     74.68,     49.26,     24.52,     20.80,     28.90,     21.30,      7.70,      8.35
  194212,      1.99,     79.31,     30.51,     11.68,     81.50,     62.47,     22.43,     23.80,      7.51,    103.93,     58.76,     74.97,     49.79,     24.48,     20.34,     27.51,     20.09,      7.44,      7.57
  194301,      1.84,     82.64,     31.96,     12.26,     85.81,     64.39,     23.41,     25.03,      7.80,    108.76,     62.54,     76.34,     52.27,     25.47,     21.32,     28.87,     21.19,      7.68,      7.92
  194302,      2.16,     87.04,     34.57,     13.69,     90.53,     68.11,     25.49,     27.30,      8.99,    114.98,     65.73,     80.12,     55.92,     27.97,     22.98,     31.52,     23.08,      8.89,      9.10
  194303,      3.52,     90.94,     36.95,     15.30,     93.57,     72.62,     27.41,     29.80,     10.27,    118.11,     68.70,     85.70,     59.18,     29.94,     24.84,     34.25,     25.36,      9.97,     10.57
  194304,      2.99,     94.29,     39.52,     17.05,     97.16,     75.80,     29.50,     32.38,     11.62,    121.62,     72.35,     88.59,     62.66,     32.41,     26.55,     36.86,     27.90,     11.12,     12.13
  194305,      3.01,     94.42,     39.99,     17.62,     96.99,     76.51,     29.80,     32.70,     12.48,    120.73,     72.58,     89.34,     63.31,     32.66,     26.90,     37.49,     27.91,     11.55,     13.41
  194306,      3.40,     98.78,     42.16,     19.03,    101.61,     79.94,     31.71,     34.65,     13.58,    126.40,     76.13,     93.20,     66.31,     34.96,     28.42,     39.38,     29.92,     12.38,     14.79
  194307,      3.89,    106.58,     35.81,     19.85,    105.85,     75.54,     36.74,     31.84,     11.25,    158.44,     52.53,    108.03,     43.05,     45.57,     27.78,     26.74,     36.94,     11.37,     11.14
  194308,      3.94,    101.36,     34.45,     18.62,     99.96,     72.70,     35.78,     30.04,     10.34,    149.56,     49.66,    104.14,     41.26,     45.17,     26.38,     25.02,     35.06,     10.69,      9.99
  194309,      3.75,    102.49,     34.03,     18.59,    100.99,     73.50,     36.03,     28.75,     10.35,    150.78,     50.52,    105.45,     41.56,     45.50,     26.56,     22.54,     34.96,     10.81,      9.91
  194310,      3.91,    104.24,     34.75,     19.08,    103.02,     74.40,     36.79,     29.47,     10.77,    153.71,     51.63,    106.66,     42.14,     46.37,     27.20,     23.36,     35.58,     11.13,     10.42
  194311,      3.45,    102.65,     34.38,     19.19,    101.08,     73.56,     36.41,     29.81,     10.69,    150.58,     50.89,    105.77,     41.35,     46.28,     26.53,     23.39,     36.32,     11.00,     10.39
  194312,      2.88,     97.51,     31.73,     17.06,     95.33,     70.17,     33.56,     26.98,      9.12,    142.95,     47.04,    101.90,     38.87,     42.87,     24.24,     20.97,     33.06,      9.67,      8.58
  194401,      4.18,    102.51,     33.78,     18.44,    100.43,     73.71,     35.67,     28.72,     10.24,    149.87,     50.30,    106.71,     41.16,     45.07,     26.28,     22.66,     34.85,     10.74,      9.73
  194402,      4.00,    104.26,     34.55,     19.29,    101.84,     74.97,     36.45,     29.76,     10.92,    150.38,     51.94,    109.17,     41.71,     45.78,     27.12,     23.48,     36.04,     11.24,     10.60
  194403,      3.82,    103.92,     34.61,     19.66,    101.56,     74.81,     36.47,     29.71,     11.51,    150.03,     51.73,    108.70,     41.84,     46.17,     26.78,     23.55,     35.87,     11.63,     11.38
  194404,      4.09,    105.71,     35.28,     20.39,    103.78,     75.73,     37.08,     30.50,     12.09,    153.57,     52.58,    109.65,     42.75,     46.54,     27.62,     24.12,     36.88,     12.19,     11.99
  194405,      3.75,    104.12,     34.52,     19.97,    102.22,     74.50,     36.25,     29.96,     11.72,    151.39,     51.66,    107.99,     41.92,     45.56,     26.93,     23.56,     36.35,     12.00,     11.44
  194406,      3.74,    108.32,     36.19,     21.05,    106.24,     77.68,     37.90,     31.40,     12.61,    157.41,     53.63,    112.53,     43.77,     47.54,     28.27,     25.09,     37.71,     12.89,     12.32
  194407,      0.41,    102.75,     43.46,     24.21,    108.57,     82.29,     35.37,     27.63,     23.55,    156.64,     60.50,     91.10,     73.47,     42.89,     27.74,     29.74,     25.52,     32.19,     14.91
  194408,      0.41,    100.96,     42.78,     24.03,    106.54,     81.00,     34.87,     27.21,     23.47,    153.14,     59.94,     89.78,     72.21,     42.16,     27.48,     29.27,     25.14,     31.59,     15.24
  194409,      0.33,    101.94,     43.11,     24.21,    107.75,     81.35,     35.36,     27.49,     23.53,    154.75,     60.76,     90.32,     72.38,     42.91,     27.70,     29.44,     25.55,     31.89,     15.06
  194410,      0.33,    101.84,     42.86,     24.16,    107.95,     80.52,     35.21,     27.53,     23.58,    155.06,     60.84,     89.63,     71.40,     42.88,     27.43,     29.74,     25.32,     31.79,     15.14
  194411,    -99.99,    101.68,     43.15,     24.09,    107.46,     81.11,     35.42,     27.41,     23.61,    154.64,     60.29,     90.12,     72.10,     43.19,     27.54,     29.77,     25.04,     31.91,     15.08
  194412,    -99.99,    102.28,     43.61,     24.50,    107.89,     81.90,     35.85,     27.80,     24.00,    155.34,     60.45,     91.05,     72.76,     43.61,     27.98,     30.09,     25.51,     32.15,     15.61
  194501,    -99.99,    106.29,     45.52,     27.02,    111.78,     85.47,     37.52,     29.17,     27.14,    161.26,     62.29,     95.31,     75.63,     45.86,     29.07,     31.53,     26.80,     34.81,     19.25
  194502,    -99.99,    107.56,     46.93,     27.88,    113.85,     86.40,     38.64,     30.60,     27.63,    162.88,     64.13,     95.06,     77.73,     46.92,     30.25,     32.82,     28.38,     36.21,     18.80
  194503,    -99.99,    112.71,     49.71,     30.53,    119.46,     90.87,     40.83,     32.86,     30.37,    170.92,     67.28,     99.30,     82.45,     49.76,     31.77,     34.88,     30.84,     39.41,     21.07
  194504,    -99.99,    108.59,     47.26,     28.91,    114.50,     87.54,     39.00,     30.98,     28.84,    163.91,     64.41,     96.86,     78.23,     47.65,     30.23,     32.92,     29.03,     37.44,     20.01
  194505,    -99.99,    115.86,     51.10,     31.95,    123.09,     93.19,     41.98,     33.62,     32.15,    175.98,     69.47,    101.51,     84.88,     51.39,     32.45,     35.68,     31.55,     40.99,     23.07
  194506,    -99.99,    117.74,     51.30,     32.28,    124.54,     94.52,     42.38,     33.66,     32.64,    176.46,     71.90,    104.23,     84.80,     51.99,     32.64,     35.76,     31.57,     41.42,     23.61
  194507,    -99.99,     93.56,     62.70,     37.23,    113.68,     68.53,     63.93,     35.88,     39.56,    162.24,     65.76,     53.06,     83.79,     78.02,     49.85,     39.17,     32.54,     45.34,     33.71
  194508,    -99.99,     92.22,     61.39,     35.45,    112.17,     67.81,     61.92,     34.85,     37.53,    160.32,     64.63,     52.08,     83.35,     75.10,     48.73,     38.41,     31.25,     43.74,     31.25
  194509,    -99.99,     99.68,     64.04,     36.29,    121.33,     71.59,     64.83,     36.00,     38.27,    172.22,     71.10,     56.11,     86.88,     78.90,     50.76,     39.64,     32.31,     45.24,     31.21
  194510,    -99.99,    104.03,     66.65,     38.35,    127.10,     73.66,     67.39,     37.99,     40.72,    180.66,     74.23,     57.60,     89.51,     81.74,     53.04,     42.34,     33.59,     47.60,     33.74
  194511,    -99.99,    106.59,     70.01,     40.46,    130.24,     75.99,     71.16,     40.50,     42.69,    184.99,     76.19,     58.99,     92.78,     86.77,     55.56,     44.97,     35.96,     49.92,     35.36
  194512,    -99.99,    109.40,     73.79,     44.37,    133.42,     79.63,     74.63,     43.26,     47.33,    187.99,     79.55,     61.06,     97.97,     90.91,     58.35,     47.96,     38.50,     53.97,     40.60
  194601,    -99.99,    111.13,     75.84,     44.62,    135.05,     81.58,     77.28,     44.04,     47.39,    190.12,     80.70,     62.97,     99.94,     95.43,     59.13,     48.89,     39.12,     54.21,     40.47
  194602,    -99.99,    118.41,     79.70,     48.32,    143.91,     86.08,     80.95,     47.02,     51.73,    200.67,     87.15,     67.41,    104.51,     99.98,     61.92,     52.43,     41.54,     59.08,     44.28
  194603,    -99.99,    111.09,     75.62,     44.61,    135.19,     82.06,     76.65,     43.55,     47.60,    189.23,     81.15,     62.90,    101.21,     94.87,     58.43,     48.35,     38.68,     54.75,     40.35
  194604,    -99.99,    116.71,     80.61,     46.79,    141.76,     86.25,     82.69,     46.69,     49.32,    197.75,     85.77,     66.62,    105.88,    102.39,     62.98,     51.57,     41.76,     57.06,     41.47
  194605,    -99.99,    121.06,     84.84,     48.19,    146.97,     89.78,     87.50,     49.09,     50.48,    204.87,     89.08,     69.23,    110.33,    108.80,     66.19,     54.45,     43.66,     58.92,     41.92
  194606,    -99.99,    124.86,     87.68,     51.03,    150.85,     93.78,     89.43,     51.77,     53.60,    210.32,     91.38,     72.86,    114.70,    111.56,     67.31,     57.55,     45.92,     60.91,     46.19
  194607,     30.49,     99.43,     81.23,     60.05,    116.85,     65.86,     74.03,     85.46,     59.53,    117.93,    115.77,     64.59,     67.13,     53.68,     94.64,    109.82,     61.10,     68.30,     50.76
  194608,     24.54,     96.65,     79.44,     58.29,    114.06,     63.18,     72.62,     84.16,     57.33,    115.27,    112.84,     61.85,     64.51,     52.27,     93.24,    108.11,     60.21,     67.49,     47.16
  194609,     22.21,     90.02,     74.53,     53.93,    106.50,     58.63,     67.94,     79.15,     52.78,    107.77,    105.24,     57.07,     60.18,     48.64,     87.75,    102.07,     56.23,     62.56,     42.99
  194610,     17.42,     80.85,     67.52,     47.07,     95.42,     52.80,     61.73,     71.65,     45.33,     97.18,     93.65,     51.71,     53.88,     43.34,     80.60,     92.74,     50.56,     55.88,     34.78
  194611,     17.32,     78.67,     66.46,     47.26,     92.90,     51.45,     60.06,     71.66,     45.71,     93.38,     92.41,     50.21,     52.68,     42.64,     78.17,     92.96,     50.36,     55.78,     35.65
  194612,     16.68,     77.81,     66.40,     46.84,     92.04,     51.18,     59.70,     71.57,     45.25,     93.60,     90.47,     49.35,     53.00,     41.11,     79.03,     93.13,     50.01,     55.16,     35.35
  194701,     16.26,     80.64,     69.85,     48.58,     94.82,     54.47,     62.81,     74.53,     46.86,     93.72,     95.91,     52.28,     56.65,     43.40,     83.00,     97.02,     52.03,     56.84,     36.89
  194702,     17.11,     82.53,     69.65,     49.50,     96.66,     54.74,     63.87,     74.35,     47.69,     93.66,     99.66,     54.25,     55.23,     44.19,     84.34,     95.57,     53.13,     57.89,     37.48
  194703,     17.85,     81.99,     68.54,     48.47,     96.30,     54.12,     62.77,     72.89,     46.67,     92.32,    100.27,     53.37,     54.88,     43.53,     82.78,     93.68,     52.09,     56.76,     36.57
  194704,     17.00,     80.64,     67.15,     47.53,     95.01,     52.43,     60.83,     72.78,     45.45,     91.47,     98.55,     51.89,     52.98,     42.33,     80.07,     93.88,     51.69,     56.15,     34.75
  194705,     13.71,     76.18,     64.35,     45.04,     89.96,     49.19,     58.45,     69.87,     43.02,     85.99,     93.93,     48.62,     49.76,     39.63,     78.03,     90.65,     49.09,     53.74,     32.30
  194706,     12.75,     74.72,     63.90,     43.63,     88.23,     48.38,     57.28,     69.85,     41.55,     84.46,     91.99,     47.71,     49.04,     38.78,     76.51,     91.92,     47.77,     52.23,     30.88
  194707,      8.38,     87.64,     67.63,     32.81,    107.81,     52.83,     86.20,     30.73,     38.54,    124.36,     91.05,     47.56,     58.17,     77.74,     94.76,     40.06,     21.28,     47.82,     29.15
  194708,     11.17,     90.64,     69.99,     35.12,    111.44,     54.77,     89.22,     32.01,     41.45,    128.10,     94.59,     49.29,     60.32,     80.35,     98.31,     41.53,     22.38,     50.99,     31.79
  194709,     11.17,     88.47,     68.68,     34.11,    108.99,     53.50,     87.50,     31.46,     40.05,    125.22,     92.56,     47.69,     59.39,     79.78,     95.42,     40.65,     22.15,     49.52,     30.47
  194710,     10.86,     87.49,     68.17,     34.08,    107.90,     52.87,     86.76,     31.41,     40.03,    124.16,     91.45,     46.92,     58.90,     78.92,     94.79,     40.59,     22.11,     49.38,     30.56
  194711,     10.24,     89.37,     70.14,     35.08,    109.99,     54.82,     89.22,     32.27,     41.02,    125.65,     94.15,     48.36,     61.37,     79.56,     99.25,     41.31,     23.11,     51.39,     30.53
  194712,      9.62,     86.56,     68.44,     33.83,    106.76,     53.22,     87.23,     30.96,     39.68,    123.15,     90.19,     46.40,     60.11,     77.57,     97.25,     39.77,     22.05,     49.79,     29.45
  194801,     11.53,     88.11,     70.56,     35.79,    108.66,     54.66,     90.26,     31.56,     42.22,    125.04,     92.09,     47.26,     62.15,     79.84,    101.07,     40.18,     22.84,     52.00,     32.32
  194802,     12.14,     84.07,     68.09,     34.63,    103.47,     52.30,     87.26,     30.69,     40.89,    119.17,     87.57,     45.51,     59.17,     78.27,     96.58,     39.26,     22.03,     49.78,     31.90
  194803,     11.53,     79.52,     65.21,     32.71,     97.86,     49.21,     84.33,     29.01,     38.72,    112.67,     82.87,     43.05,     55.44,     76.31,     92.64,     37.30,     20.61,     47.15,     30.20
  194804,     12.14,     85.13,     69.80,     36.18,    104.44,     53.76,     89.35,     31.57,     42.82,    119.88,     88.82,     46.74,     60.87,     79.37,     99.71,     40.22,     22.81,     52.24,     33.29
  194805,     13.81,     86.96,     72.64,     38.55,    106.81,     55.28,     93.43,     32.62,     45.80,    122.31,     91.12,     47.50,     63.15,     82.10,    105.18,     41.20,     23.94,     56.02,     35.46
  194806,     14.87,     93.87,     77.08,     41.18,    115.11,     59.98,     98.55,     34.55,     48.95,    131.14,     98.89,     51.65,     68.42,     85.96,    111.60,     43.46,     25.54,     59.89,     37.88
  194807,      8.58,    101.48,     66.72,     38.67,    122.35,     71.55,     75.72,     35.35,     38.87,    135.36,    109.18,     60.00,     83.10,    101.21,     49.94,     32.43,     38.26,     46.41,     31.43
  194808,      7.94,     96.26,     63.11,     36.85,    115.83,     67.25,     72.58,     33.48,     36.91,    128.39,    103.12,     57.33,     77.16,     97.67,     47.20,     30.23,     36.74,     43.67,     30.22
  194809,      8.29,     96.37,     62.63,     36.71,    116.08,     66.69,     72.30,     33.01,     36.95,    128.00,    104.02,     57.17,     76.22,     97.23,     47.09,     29.80,     36.22,     43.54,     30.44
  194810,      8.44,     93.60,     60.61,     35.08,    113.00,     64.16,     70.56,     31.45,     35.34,    125.71,    100.29,     55.24,     73.08,     94.94,     45.91,     28.34,     34.55,     41.63,     29.13
  194811,      8.53,     99.35,     63.95,     37.10,    119.80,     68.78,     73.70,     33.20,     37.38,    132.63,    106.97,     58.90,     78.65,     98.73,     48.38,     29.86,     36.54,     44.42,     30.43
  194812,      6.56,     89.82,     57.80,     31.76,    108.26,     61.65,     67.74,     28.81,     31.77,    121.56,     94.96,     53.35,     69.95,     91.90,     43.31,     25.88,     31.74,     38.27,     25.35
  194901,      6.34,     93.61,     59.25,     32.17,    113.07,     63.10,     69.87,     29.31,     32.10,    127.71,     98.43,     55.15,     71.05,     95.68,     43.77,     26.32,     32.30,     38.86,     25.43
  194902,      7.04,     94.01,     58.64,     32.55,    113.85,     62.21,     69.28,     29.47,     32.59,    128.08,     99.61,     54.79,     69.63,     93.93,     44.35,     26.48,     32.47,     39.51,     25.75
  194903,      8.18,     90.75,     56.78,     30.89,    109.88,     59.67,     67.66,     28.48,     30.62,    124.22,     95.55,     52.92,     66.42,     91.86,     43.17,     25.52,     31.44,     37.30,     24.01
  194904,      9.29,     94.38,     58.33,     32.35,    114.30,     61.81,     69.00,     29.93,     32.01,    129.99,     98.60,     55.02,     68.59,     93.12,     44.61,     26.85,     33.01,     38.75,     25.35
  194905,      8.57,     92.49,     57.61,     31.39,    112.14,     60.91,     67.96,     29.29,     31.03,    127.90,     96.38,     53.64,     68.18,     91.71,     43.94,     26.46,     32.11,     37.72,     24.41
  194906,      8.42,     90.02,     55.50,     29.44,    109.08,     58.81,     66.02,     27.55,     29.00,    125.01,     93.16,     52.33,     65.29,     88.89,     42.89,     24.80,     30.31,     35.21,     22.86
  194907,      0.42,    112.26,     42.15,     21.44,    120.04,     81.28,     37.90,     29.20,     16.43,    139.53,    100.75,     96.62,     65.95,     38.65,     37.14,     26.91,     31.50,     14.59,     18.30
  194908,      0.50,    118.08,     44.45,     22.80,    126.81,     85.08,     40.03,     30.85,     17.46,    146.67,    107.16,    100.53,     69.63,     40.35,     39.70,     28.15,     33.55,     15.61,     19.33
  194909,      0.54,    120.34,     45.40,     23.21,    129.32,     86.73,     41.03,     31.26,     17.79,    150.31,    108.56,    102.28,     71.18,     41.23,     40.83,     28.41,     34.11,     15.94,     19.67
  194910,      0.56,    123.01,     46.96,     24.14,    132.74,     88.34,     42.69,     32.30,     18.58,    155.14,    110.59,    103.44,     73.25,     43.07,     42.30,     29.27,     35.33,     16.38,     20.81
  194911,      0.65,    126.96,     48.31,     24.67,    137.35,     90.98,     43.83,     33.22,     18.69,    160.16,    114.79,    106.06,     75.89,     44.12,     43.53,     29.75,     36.69,     16.28,     21.12
  194912,      0.54,    128.72,     47.77,     24.70,    139.26,     90.86,     43.58,     33.08,     18.89,    163.95,    114.84,    107.53,     74.19,     44.25,     42.91,     29.76,     36.40,     16.57,     21.22
  195001,      0.58,    136.09,     49.90,     26.47,    146.26,     96.66,     45.48,     34.71,     20.59,    171.62,    121.18,    115.65,     77.67,     46.05,     44.89,     31.04,     38.43,     17.46,     23.76
  195002,      0.67,    137.13,     51.06,     27.33,    147.62,     97.39,     46.92,     35.25,     21.64,    173.91,    121.61,    116.05,     78.72,     47.57,     46.26,     31.65,     38.90,     18.39,     24.93
  195003,      0.73,    138.41,     51.46,     27.40,    149.47,     97.61,     47.31,     35.47,     21.75,    176.16,    123.08,    116.15,     79.08,     48.02,     46.60,     32.10,     38.88,     18.63,     24.91
  195004,      0.67,    140.43,     51.93,     27.30,    151.84,     98.86,     47.85,     35.50,     21.42,    179.08,    124.89,    117.50,     80.21,     48.66,     47.02,     31.78,     39.27,     18.02,     24.86
  195005,      0.64,    146.31,     53.49,     28.83,    159.39,    101.21,     49.56,     36.90,     22.63,    188.07,    131.03,    120.01,     82.40,     50.08,     49.02,     32.42,     41.44,     19.29,     26.00
  195006,      0.73,    152.23,     55.65,     29.74,    166.20,    105.17,     51.45,     38.41,     22.99,    195.46,    137.26,    124.12,     86.23,     51.24,     51.65,     33.42,     43.45,     19.79,     26.23
  195007,      0.79,    123.10,     67.27,     28.48,    151.31,     89.75,     57.81,     33.02,     30.13,    178.91,    123.41,     66.99,    112.51,     71.90,     43.55,     40.84,     25.21,     37.34,     23.00
  195008,      0.69,    118.76,     70.13,     32.20,    145.60,     89.13,     61.22,     36.65,     34.25,    170.81,    120.11,     65.37,    112.88,     76.29,     45.97,     45.13,     28.07,     41.69,     26.89
  195009,      0.68,    124.45,     72.44,     32.89,    153.04,     91.92,     63.54,     37.50,     35.03,    180.90,    124.88,     67.57,    116.27,     79.17,     47.75,     46.31,     28.59,     43.07,     27.08
  195010,      0.61,    131.14,     74.86,     34.29,    160.77,     95.52,     66.32,     38.92,     36.48,    188.07,    133.17,     72.21,    118.84,     82.13,     50.34,     47.87,     29.88,     44.22,     28.83
  195011,      0.66,    131.01,     74.38,     34.77,    161.03,     95.03,     65.58,     38.62,     37.31,    186.98,    134.79,     71.30,    118.75,     81.76,     49.23,     47.48,     29.66,     46.12,     28.60
  195012,      0.62,    131.73,     75.79,     35.54,    162.34,     95.66,     66.92,     39.69,     38.02,    192.21,    132.14,     70.85,    120.47,     83.78,     49.88,     48.75,     30.54,     46.17,     29.96
  195101,      0.96,    136.62,     82.58,     39.55,    168.06,    103.87,     71.08,     43.53,     42.81,    200.28,    135.48,     74.08,    133.66,     88.91,     53.05,     54.06,     33.01,     50.86,     34.95
  195102,      0.90,    143.89,     86.78,     42.99,    176.09,    108.52,     75.92,     46.10,     47.01,    209.56,    142.25,     79.12,    137.60,     94.83,     56.80,     57.23,     34.97,     55.35,     38.84
  195103,      0.92,    146.10,     87.91,     42.19,    179.16,    109.70,     77.01,     46.07,     46.08,    213.08,    144.86,     79.63,    139.45,     96.73,     57.08,     57.74,     34.41,     54.12,     38.21
  195104,      0.84,    144.58,     85.25,     39.81,    177.36,    107.83,     74.33,     43.92,     43.41,    209.64,    144.72,     78.67,    136.68,     93.30,     55.15,     55.23,     32.61,     51.25,     35.74
  195105,      0.75,    150.63,     89.82,     42.42,    185.21,    111.05,     79.79,     46.56,     46.37,    220.89,    149.13,     81.10,    140.67,    101.68,     57.65,     58.60,     34.53,     55.41,     37.53
  195106,      0.73,    146.14,     87.46,     40.56,    179.87,    108.41,     77.33,     45.10,     44.04,    216.66,    142.67,     78.32,    138.16,     98.48,     55.95,     56.57,     33.62,     52.64,     35.63
  195107,      0.67,    146.29,     80.22,     37.21,    173.52,     77.05,    107.25,     48.98,     28.98,    225.14,    122.43,     91.54,     62.71,    122.56,     91.93,     44.26,     53.75,     27.59,     30.38
  195108,      0.63,    155.87,     85.70,     40.48,    185.57,     81.40,    114.18,     53.16,     31.69,    240.90,    130.81,     96.15,     66.80,    128.20,    100.17,     48.23,     58.14,     29.95,     33.45
  195109,      0.63,    161.30,     88.74,     42.12,    191.13,     85.14,    118.48,     55.26,     32.74,    246.59,    136.24,    101.32,     69.13,    133.41,    103.56,     49.47,     61.18,     31.46,     34.02
  195110,      0.70,    162.41,     88.81,     42.67,    191.69,     86.15,    117.92,     55.70,     33.54,    246.81,    137.14,    102.92,     69.72,    133.55,    102.29,     50.30,     61.21,     31.86,     35.24
  195111,      0.65,    156.13,     88.13,     41.53,    183.63,     83.97,    117.75,     54.99,     32.20,    235.02,    132.77,    100.25,     68.03,    132.08,    103.42,     49.59,     60.50,     31.17,     33.24
  195112,      0.67,    155.85,     88.25,     41.34,    183.28,     84.65,    117.54,     54.49,     32.23,    234.28,    132.83,    100.10,     69.36,    132.60,    102.64,     49.26,     59.83,     30.85,     33.63
  195201,      0.58,    163.44,     93.77,     42.33,    193.01,     88.27,    126.07,     55.68,     33.09,    248.73,    137.86,    103.36,     73.35,    144.23,    108.10,     50.39,     61.08,     31.25,     34.96
  195202,      0.54,    164.00,     95.88,     43.65,    192.84,     89.79,    129.09,     57.62,     33.87,    245.72,    140.51,    105.42,     74.32,    145.59,    112.77,     51.83,     63.52,     31.83,     35.93
  195203,      0.61,    159.27,     92.64,     41.92,    187.39,     87.10,    124.29,     55.48,     32.77,    239.62,    135.70,    102.14,     72.23,    141.35,    107.41,     50.55,     60.52,     30.35,     35.21
  195204,      0.50,    165.75,     96.42,     44.36,    195.26,     90.93,    128.48,     58.44,     34.81,    249.77,    141.32,    105.79,     76.22,    144.56,    112.56,     53.31,     63.69,     31.46,     38.15
  195205,      0.46,    157.84,     91.89,     41.94,    185.65,     86.83,    123.33,     54.61,     33.10,    236.75,    135.08,    101.32,     72.49,    140.87,    106.16,     49.52,     59.80,     29.25,     36.94
  195206,      0.42,    162.60,     93.90,     43.04,    191.82,     88.81,    125.73,     55.87,     34.10,    245.58,    138.62,    103.23,     74.54,    142.81,    109.01,     50.73,     61.12,     29.78,     38.41
  195207,      0.93,    195.57,     83.24,     37.73,    206.13,    138.87,     92.06,     45.09,     34.55,    286.25,    126.01,    174.66,    102.70,    119.74,     64.38,     46.15,     44.03,     32.72,     36.38
  195208,      1.26,    197.58,     83.82,     38.18,    208.52,    140.08,     92.44,     45.65,     34.85,    288.60,    128.44,    175.91,    103.88,    120.75,     64.12,     46.53,     44.78,     33.28,     36.42
  195209,      1.31,    194.44,     82.95,     37.61,    205.78,    137.48,     91.90,     44.78,     34.30,    284.75,    126.81,    171.99,    102.61,    120.28,     63.52,     45.39,     44.17,     32.59,     36.00
  195210,      1.26,    190.44,     81.24,     36.55,    201.90,    134.54,     89.82,     43.54,     33.41,    280.11,    123.68,    167.75,    100.99,    118.23,     61.40,     44.33,     42.77,     31.72,     35.09
  195211,      1.22,    189.14,     80.76,     36.18,    200.05,    134.26,     89.01,     43.28,     33.13,    277.58,    122.52,    167.54,    100.62,    117.79,     60.23,     44.38,     42.20,     31.40,     34.87
  195212,      1.08,    199.02,     84.57,     38.47,    212.14,    139.89,     92.72,     45.60,     35.29,    297.52,    126.76,    173.04,    106.40,    123.28,     62.16,     46.45,     44.76,     33.04,     37.55
  195301,      1.02,    206.09,     90.04,     39.82,    219.39,    145.27,    100.55,     47.08,     36.94,    307.91,    130.86,    179.78,    110.41,    135.35,     65.74,     48.67,     45.51,     34.41,     39.47
  195302,      1.02,    204.28,     90.12,     40.51,    217.53,    144.18,    101.17,     47.32,     37.50,    304.49,    130.57,    178.06,    109.95,    136.68,     65.67,     48.19,     46.47,     35.05,     39.95
  195303,      1.05,    202.31,     89.79,     40.12,    215.20,    143.01,    101.07,     47.16,     37.11,    299.65,    130.76,    176.80,    108.87,    136.01,     65.76,     48.28,     46.05,     34.61,     39.64
  195304,      1.08,    199.40,     88.26,     38.92,    211.87,    140.85,     99.25,     46.24,     36.10,    295.99,    127.76,    174.71,    106.63,    133.33,     64.81,     48.04,     44.47,     33.69,     38.54
  195305,      1.03,    193.24,     86.05,     38.17,    205.89,    136.19,     96.87,     45.20,     35.36,    288.30,    123.49,    168.19,    103.86,    130.31,     63.08,     46.71,     43.70,     33.40,     37.34
  195306,      1.04,    193.41,     86.12,     38.46,    206.05,    135.63,     97.49,     45.21,     36.01,    289.04,    123.07,    168.37,    102.54,    130.79,     63.49,     47.19,     43.26,     33.49,     38.53
  195307,      0.92,    190.69,     84.64,     35.07,    206.90,    163.16,     65.64,     42.80,     29.32,    287.77,    126.03,    157.92,    168.35,     52.59,     78.69,     38.94,     46.71,     26.90,     31.74
  195308,      0.98,    197.38,     86.27,     35.62,    214.32,    168.01,     66.70,     43.42,     29.66,    300.24,    130.15,    163.50,    172.49,     53.22,     80.18,     39.21,     47.67,     27.11,     32.22
  195309,      0.84,    188.05,     82.40,     32.65,    205.18,    160.14,     63.01,     40.44,     26.94,    287.29,    124.75,    153.78,    166.44,     50.42,     75.59,     36.68,     44.19,     25.32,     28.56
  195310,      0.71,    189.20,     82.12,     31.97,    206.83,    160.76,     62.31,     39.65,     26.28,    289.59,    125.76,    153.93,    167.51,     50.27,     74.35,     35.87,     43.42,     24.56,     28.01
  195311,      0.67,    199.13,     85.24,     33.30,    217.27,    167.50,     65.31,     41.60,     27.10,    305.02,    131.31,    162.46,    172.43,     52.59,     78.02,     37.43,     45.76,     25.15,     29.06
  195312,      0.62,    203.53,     86.60,     33.93,    223.19,    169.98,     66.04,     42.16,     27.55,    315.31,    132.95,    163.80,    176.04,     53.20,     79.02,     37.57,     46.76,     25.99,     29.13
  195401,      0.58,    205.56,     88.47,     33.62,    225.67,    174.45,     66.52,     41.59,     27.01,    319.02,    134.22,    164.91,    183.80,     54.17,     79.00,     36.29,     46.90,     24.66,     29.39
  195402,      0.63,    214.67,     93.49,     36.26,    233.83,    183.85,     71.12,     44.89,     29.22,    330.81,    138.83,    175.96,    191.57,     57.44,     84.94,     39.36,     50.42,     26.53,     31.93
  195403,      0.66,    216.55,     94.88,     36.33,    236.40,    185.93,     72.04,     44.69,     29.55,    333.94,    140.84,    176.45,    195.22,     58.21,     86.02,     39.43,     49.96,     26.66,     32.48
  195404,      0.73,    225.13,     97.61,     36.77,    246.28,    191.76,     74.25,     45.59,     29.69,    349.62,    145.06,    182.39,    200.94,     60.16,     88.50,     40.18,     50.99,     26.75,     32.67
  195405,      0.83,    236.68,    100.76,     38.05,    258.68,    199.76,     77.39,     47.20,     30.01,    370.42,    149.22,    192.21,    207.15,     62.75,     92.19,     40.26,     54.13,     26.97,     33.06
  195406,      0.86,    241.89,    103.23,     40.24,    264.65,    204.01,     79.17,     49.68,     31.90,    379.12,    152.51,    195.92,    212.02,     64.47,     93.88,     42.54,     56.83,     29.02,     34.76
  195407,      9.59,    238.04,    107.62,     35.99,    271.56,    196.45,     76.16,     53.54,     28.61,    396.77,    147.63,    170.66,    222.23,     69.19,     83.21,     56.24,     50.83,     25.43,     31.82
  195408,     10.63,    247.97,    113.18,     39.15,    282.07,    206.54,     80.31,     57.20,     30.96,    410.18,    155.27,    179.41,    233.66,     72.75,     87.94,     58.78,     55.61,     27.49,     34.47
  195409,     10.43,    239.08,    111.56,     37.23,    271.40,    202.69,     78.62,     54.90,     29.82,    393.90,    150.16,    173.41,    231.67,     71.52,     85.79,     57.67,     52.13,     26.79,     32.88
  195410,     10.37,    254.79,    118.27,     39.39,    289.89,    213.67,     84.92,     58.21,     30.94,    424.70,    156.45,    183.51,    243.53,     76.74,     93.19,     60.05,     56.37,     27.82,     34.10
  195411,     14.80,    249.65,    117.13,     39.33,    284.46,    210.20,     83.86,     58.30,     30.71,    414.18,    154.74,    179.30,    240.78,     75.04,     92.68,     60.01,     56.59,     26.98,     34.44
  195412,     15.21,    271.14,    125.98,     44.58,    310.08,    224.20,     91.32,     65.24,     34.30,    453.48,    166.67,    192.47,    255.60,     81.89,    100.85,     65.34,     65.14,     29.78,     38.81
  195501,     17.01,    286.07,    138.85,     50.59,    325.60,    244.16,    100.01,     72.41,     40.09,    473.65,    177.56,    206.17,    281.75,     89.20,    110.93,     73.22,     71.59,     35.14,     45.04
  195502,     17.21,    285.89,    139.90,     52.27,    324.87,    247.24,     99.51,     73.90,     40.91,    473.31,    176.44,    206.29,    287.35,     87.79,    111.36,     72.82,     74.99,     36.22,     45.61
  195503,     13.97,    294.35,    143.51,     54.05,    334.56,    252.79,    102.22,     76.11,     42.85,    487.24,    181.88,    212.25,    292.49,     89.85,    114.71,     75.98,     76.24,     37.72,     47.98
  195504,     11.94,    292.77,    142.85,     55.15,    333.24,    251.70,    101.78,     76.70,     43.74,    485.00,    181.48,    210.12,    292.86,     90.33,    113.34,     75.42,     77.99,     39.38,     48.09
  195505,     11.52,    306.27,    145.47,     57.16,    349.81,    257.49,    103.91,     79.73,     44.64,    510.86,    187.08,    216.88,    297.24,     92.73,    115.20,     77.26,     82.21,     38.90,     50.39
  195506,     11.50,    310.70,    145.31,     56.81,    356.31,    256.45,    104.21,     78.92,     44.77,    522.11,    188.77,    217.05,    295.02,     94.01,    114.41,     76.95,     80.89,     39.15,     50.38
  195507,     10.82,    359.48,    138.33,     48.52,    404.07,    195.29,    169.33,     75.51,     45.16,    573.02,    235.13,    271.20,    118.60,    128.67,    209.99,     96.07,     55.16,     43.63,     46.69
  195508,     11.08,    369.74,    140.25,     48.82,    412.28,    204.07,    172.17,     75.35,     45.56,    591.21,    231.48,    285.95,    121.34,    129.72,    214.19,     95.65,     55.27,     44.15,     46.97
  195509,     21.36,    369.78,    139.98,     49.09,    415.35,    201.95,    170.29,     76.24,     45.77,    589.32,    237.72,    280.50,    122.59,    130.12,    210.05,     97.04,     55.65,     45.18,     46.36
  195510,     21.49,    369.33,    139.94,     48.08,    414.13,    202.03,    171.26,     75.88,     44.67,    591.70,    232.83,    281.56,    120.83,    131.90,    210.22,     97.16,     54.82,     43.95,     45.38
  195511,     20.55,    358.64,    137.36,     46.62,    399.71,    198.77,    168.75,     74.12,     43.16,    569.26,    226.60,    278.17,    116.87,    128.94,    208.14,     95.20,     53.48,     42.48,     43.85
  195512,     21.09,    384.84,    143.03,     50.13,    428.50,    212.60,    174.56,     78.37,     46.55,    611.48,    241.67,    299.31,    123.14,    134.39,    214.32,     99.97,     57.22,     45.98,     47.11
  195601,     20.82,    398.34,    151.54,     50.58,    443.34,    220.37,    186.42,     81.35,     47.15,    624.24,    256.67,    310.62,    127.27,    140.04,    232.79,    106.07,     57.38,     46.37,     47.93
  195602,     22.71,    383.42,    149.61,     49.47,    423.61,    216.48,    185.15,     79.80,     45.70,    597.07,    244.60,    305.10,    125.08,    136.63,    233.17,    103.44,     56.89,     45.25,     46.15
  195603,     24.06,    401.04,    153.18,     50.73,    445.93,    222.69,    189.00,     82.07,     46.90,    631.69,    256.21,    314.00,    128.50,    140.02,    237.45,    106.60,     58.28,     46.58,     47.22
  195604,     24.60,    431.74,    160.72,     53.21,    475.79,    241.77,    197.93,     86.49,     49.60,    676.37,    270.93,    346.33,    133.92,    148.62,    246.71,    113.49,     60.33,     48.71,     50.50
  195605,     22.71,    431.89,    162.26,     53.48,    472.22,    244.61,    201.26,     87.40,     49.79,    669.69,    270.55,    353.71,    132.07,    154.10,    247.91,    114.88,     60.76,     48.95,     50.64
  195606,     24.06,    407.43,    154.66,     49.81,    447.45,    229.74,    192.44,     82.22,     46.07,    634.46,    256.46,    329.83,    126.49,    148.17,    235.78,    108.06,     57.17,     45.25,     46.90
  195607,     13.30,    420.58,    155.68,     49.03,    524.94,    183.36,    186.59,     84.52,     37.40,    682.70,    367.18,    213.99,    152.42,    163.97,    209.20,     97.12,     72.05,     32.34,     42.46
  195608,     13.64,    443.21,    163.86,     51.24,    551.54,    196.91,    195.68,     88.71,     38.55,    720.55,    384.26,    229.86,    163.28,    176.57,    214.80,    100.79,     76.62,     33.38,     43.71
  195609,     25.21,    427.60,    159.89,     49.42,    534.19,    187.40,    192.42,     85.70,     37.01,    702.48,    369.36,    216.63,    157.86,    173.70,    210.95,     97.16,     74.25,     32.44,     41.58
  195610,     23.74,    402.01,    155.12,     47.64,    501.10,    178.49,    189.02,     81.62,     36.00,    657.86,    347.57,    205.87,    150.82,    170.00,    207.64,     92.30,     70.93,     31.58,     40.42
  195611,     24.41,    405.37,    156.34,     48.03,    504.12,    180.60,    190.11,     82.38,     36.21,    661.49,    349.99,    207.88,    153.03,    172.65,    207.04,     93.09,     71.68,     31.79,     40.63
  195612,     23.08,    400.64,    159.13,     48.19,    498.29,    180.07,    192.85,     85.15,     35.94,    646.11,    353.51,    205.35,    154.53,    175.91,    209.27,     97.22,     72.95,     31.75,     40.14
  195701,     22.22,    421.01,    168.86,     49.24,    520.59,    192.89,    204.84,     88.84,     36.79,    669.85,    374.41,    221.84,    163.63,    188.76,    220.41,    103.15,     74.39,     32.61,     40.97
  195702,     23.60,    404.51,    165.69,     48.90,    500.90,    186.22,    203.23,     86.51,     36.86,    637.66,    367.00,    213.73,    158.43,    180.18,    225.81,     99.28,     73.48,     32.66,     41.07
  195703,     23.84,    396.14,    161.40,     47.46,    490.20,    182.80,    198.80,     83.06,     35.53,    624.35,    358.84,    209.97,    155.35,    172.60,    224.45,     94.08,     71.81,     31.70,     39.36
  195704,     24.20,    406.15,    163.89,     48.12,    502.31,    186.63,    202.26,     84.14,     36.09,    636.23,    371.18,    215.84,    157.11,    175.68,    228.29,     95.35,     72.69,     31.91,     40.27
  195705,     26.96,    428.21,    170.12,     49.24,    529.55,    194.87,    210.62,     87.29,     36.66,    677.47,    384.72,    227.65,    161.76,    184.30,    236.67,     99.41,     74.92,     32.18,     41.14
  195706,     17.66,    448.43,    173.80,     49.91,    553.89,    200.56,    216.47,     88.15,     37.59,    703.93,    406.98,    237.51,    163.62,    189.87,    242.51,    101.07,     74.95,     32.54,     42.69
  195707,     11.06,    466.99,    152.87,     48.42,    521.15,    259.16,    191.60,     64.86,     42.52,    683.29,    357.32,    359.22,    159.11,    143.62,    240.08,     69.56,     60.15,     40.94,     44.08
  195708,     10.74,    472.47,    153.34,     48.72,    528.22,    260.99,    191.37,     65.53,     42.81,    693.41,    361.30,    361.56,    160.42,    143.34,    239.89,     70.58,     60.48,     41.33,     44.27
  195709,     10.25,    445.66,    148.01,     45.70,    495.86,    248.42,    185.43,     62.33,     40.41,    649.18,    340.94,    344.75,    153.09,    137.49,    233.86,     68.50,     56.16,     38.87,     41.94
  195710,      9.23,    416.74,    140.75,     42.75,    461.82,    235.18,    176.97,     58.67,     37.48,    604.76,    317.38,    326.11,    145.19,    131.86,    222.56,     64.22,     53.12,     36.67,     38.28
  195711,      8.69,    401.66,    135.62,     39.37,    445.72,    226.75,    170.91,     55.11,     34.14,    579.70,    308.93,    313.54,    140.85,    126.82,    215.01,     60.54,     49.67,     34.24,     34.04
  195712,      8.45,    412.28,    137.41,     39.08,    457.28,    232.15,    173.08,     55.65,     33.51,    593.98,    317.70,    322.29,    142.94,    128.64,    217.52,     61.26,     50.03,     34.09,     32.95
  195801,      7.69,    399.55,    137.40,     36.83,    442.41,    229.33,    172.37,     53.23,     31.87,    568.58,    313.58,    313.83,    145.71,    127.17,    217.56,     59.90,     46.55,     33.35,     30.42
  195802,      9.23,    413.23,    145.24,     41.14,    456.91,    239.62,    181.35,     58.27,     35.72,    587.82,    323.24,    325.88,    154.25,    135.62,    227.08,     64.76,     51.77,     37.31,     34.16
  195803,      8.57,    403.02,    143.78,     40.04,    444.97,    235.77,    179.73,     56.86,     34.65,    571.77,    315.50,    319.13,    153.26,    134.57,    224.90,     63.12,     50.60,     36.34,     32.99
  195804,     10.91,    416.05,    148.20,     41.29,    459.20,    242.84,    185.06,     58.81,     35.50,    587.59,    328.11,    329.75,    156.82,    140.65,    229.47,     64.90,     52.77,     37.29,     33.74
  195805,     11.51,    429.41,    151.55,     43.22,    473.02,    250.21,    190.28,     60.16,     37.33,    601.09,    342.26,    342.19,    159.17,    145.20,    235.37,     65.50,     54.88,     39.21,     35.49
  195806,     11.35,    435.84,    155.22,     44.77,    479.57,    256.52,    193.82,     62.12,     38.75,    614.09,    342.22,    348.39,    164.66,    148.84,    238.81,     67.68,     56.61,     40.54,     36.98
  195807,      4.05,    433.61,    157.08,     45.80,    507.32,    233.11,    182.54,     70.09,     39.93,    529.62,    485.25,    285.44,    181.31,    299.76,     65.32,     82.45,     57.61,     39.92,     39.94
  195808,      4.41,    452.83,    163.51,     49.14,    534.56,    237.71,    190.71,     74.08,     43.17,    559.39,    509.72,    289.37,    186.56,    311.36,     68.83,     86.87,     61.16,     42.77,     43.57
  195809,      4.23,    458.42,    165.93,     50.64,    542.30,    239.26,    194.85,     75.21,     44.24,    569.75,    514.84,    290.67,    188.37,    318.10,     69.05,     86.80,     63.51,     44.21,     44.26
  195810,      4.49,    480.65,    172.37,     54.59,    566.95,    249.72,    202.99,     78.78,     48.36,    589.21,    544.70,    306.27,    194.30,    332.14,     71.17,     90.44,     67.00,     47.78,     48.94
  195811,      4.36,    495.87,    177.20,     56.56,    580.22,    259.49,    208.19,     81.17,     50.24,    603.78,    556.66,    321.88,    199.59,    342.03,     71.59,     93.21,     69.13,     49.64,     50.85
  195812,      4.59,    509.85,    180.82,     58.84,    597.22,    266.65,    211.45,     83.50,     52.00,    625.88,    568.57,    329.65,    206.18,    347.46,     72.64,     94.55,     72.46,     51.12,     52.88
  195901,      4.59,    542.41,    198.79,     61.26,    635.33,    284.76,    237.51,     87.08,     53.88,    674.78,    595.88,    350.78,    221.37,    394.99,     76.78,     98.31,     75.95,     53.27,     54.50
  195902,      5.44,    539.12,    204.35,     63.88,    629.31,    288.25,    244.56,     90.45,     56.20,    669.94,    588.67,    353.11,    225.99,    406.36,     79.42,    101.85,     79.17,     55.80,     56.60
  195903,      5.26,    539.01,    207.50,     65.48,    632.37,    288.34,    247.16,     92.56,     56.98,    693.05,    571.69,    346.46,    232.55,    410.31,     80.63,    102.64,     82.48,     56.84,     57.12
  195904,      5.39,    542.06,    207.46,     65.59,    635.78,    291.25,    245.35,     93.12,     57.29,    704.60,    566.95,    348.77,    235.48,    404.42,     79.59,    104.14,     82.11,     57.18,     57.40
  195905,      5.35,    566.93,    213.83,     67.97,    670.90,    295.42,    254.46,     96.41,     59.31,    747.95,    593.85,    352.48,    240.08,    417.02,     81.42,    107.71,     85.12,     57.77,     60.88
  195906,      5.16,    579.74,    214.28,     69.76,    688.32,    295.89,    256.96,     97.10,     60.90,    774.41,    602.23,    355.79,    237.80,    422.07,     81.19,    106.90,     87.29,     58.76,     63.09
  195907,      7.03,    559.04,    219.91,     75.79,    620.15,    361.87,    242.64,    108.32,     58.75,    874.80,    368.06,    436.20,    287.54,    380.73,    103.16,    106.60,    110.04,     53.22,     64.33
  195908,     10.54,    580.86,    225.00,     77.52,    645.31,    373.51,    247.35,    111.06,     60.15,    915.16,    378.15,    451.30,    295.72,    386.61,    106.68,    109.35,    112.80,     54.22,     66.15
  195909,     10.54,    572.33,    221.88,     76.62,    633.56,    368.77,    246.14,    107.72,     59.77,    896.84,    372.92,    447.99,    290.34,    386.57,    104.30,    104.64,    110.82,     53.80,     65.80
  195910,     10.27,    542.75,    213.62,     72.53,    602.68,    350.53,    237.48,    101.43,     56.89,    853.26,    354.60,    421.07,    280.70,    374.70,     98.88,     98.59,    104.30,     50.32,     63.53
  195911,     10.41,    550.43,    217.65,     72.77,    610.37,    357.51,    242.17,    102.26,     56.65,    865.41,    357.88,    428.71,    287.04,    383.10,    101.23,     99.21,    105.35,     50.67,     62.76
  195912,     10.00,    565.42,    216.89,     72.30,    632.25,    356.86,    241.43,    100.99,     56.53,    900.48,    366.71,    428.31,    286.85,    380.50,    102.37,     97.85,    104.16,     51.02,     62.15
  196001,     10.14,    587.41,    227.84,     76.42,    656.66,    373.88,    251.89,    106.59,     59.56,    934.31,    381.79,    445.35,    303.85,    396.14,    109.11,    102.69,    110.49,     52.94,     66.31
  196002,     10.00,    540.88,    217.47,     72.43,    601.31,    349.50,    244.82,    100.56,     56.48,    857.76,    349.99,    417.53,    282.85,    389.75,    101.35,     96.45,    104.67,     50.36,     62.73
  196003,     10.00,    545.42,    221.57,     71.71,    612.48,    344.61,    254.53,     99.46,     55.56,    870.79,    359.32,    408.56,    281.96,    408.63,    101.99,     94.30,    104.67,     49.61,     61.63
  196004,      9.73,    539.58,    218.61,     67.97,    608.73,    339.03,    249.92,     96.24,     51.80,    866.92,    355.70,    398.42,    280.84,    402.05,     99.32,     91.51,    100.98,     46.80,     56.90
  196005,     10.00,    530.93,    216.35,     66.03,    602.47,    332.88,    246.70,     93.83,     50.13,    858.61,    351.45,    384.89,    281.39,    396.99,     96.41,     89.33,     98.32,     45.64,     54.66
  196006,     10.14,    551.38,    221.09,     65.92,    630.25,    339.06,    249.82,     94.53,     50.22,    904.00,    361.96,    390.39,    288.26,    402.23,     97.42,     91.16,     97.80,     46.05,     54.44
  196007,     10.14,    519.87,    241.33,     75.28,    616.52,    285.75,    317.78,     78.62,     75.86,    911.44,    324.49,    325.62,    245.88,    502.63,    131.10,     83.10,     74.13,    102.96,     48.50
  196008,     10.00,    501.67,    240.12,     74.40,    591.58,    280.92,    318.02,     78.12,     74.91,    872.86,    313.05,    320.97,    240.86,    503.94,    130.25,     82.81,     73.38,    103.21,     46.89
  196009,     10.41,    513.05,    248.59,     76.23,    604.44,    288.21,    330.05,     80.88,     76.67,    889.98,    321.70,    329.36,    247.06,    524.76,    133.42,     86.37,     75.35,    105.67,     47.66
  196010,     10.68,    477.97,    237.06,     72.03,    561.27,    272.09,    316.38,     76.41,     72.58,    825.12,    300.00,    310.56,    233.63,    504.96,    127.80,     81.83,     70.93,    100.75,     44.41
  196011,     10.27,    474.25,    236.26,     72.61,    556.21,    271.16,    315.73,     75.89,     73.44,    812.97,    301.98,    309.51,    232.81,    505.24,    126.23,     80.76,     70.98,    103.06,     44.12
  196012,     10.27,    497.26,    245.13,     74.94,    583.95,    283.62,    324.49,     79.55,     75.76,    850.58,    319.93,    323.03,    244.20,    516.76,    132.22,     85.74,     73.31,    107.15,     44.70
  196101,     10.41,    520.65,    266.37,     78.69,    610.96,    299.65,    357.49,     83.01,     79.35,    884.72,    339.88,    339.15,    260.14,    571.82,    143.17,     88.60,     77.37,    110.97,     47.74
  196102,     11.09,    549.31,    286.68,     86.51,    640.76,    321.37,    385.06,     90.47,     87.44,    936.57,    350.76,    364.58,    278.60,    615.26,    154.86,     96.13,     84.63,    122.68,     52.19
  196103,     11.22,    569.90,    293.44,     90.62,    663.79,    336.23,    389.48,     94.74,     91.42,    966.54,    366.97,    380.26,    292.64,    618.45,    160.51,    100.24,     89.02,    125.82,     55.93
  196104,     11.36,    581.98,    307.02,     93.30,    678.40,    344.87,    409.55,     98.20,     93.90,    986.17,    376.66,    387.23,    302.94,    656.31,    162.79,    104.02,     92.08,    128.14,     58.58
  196105,     12.17,    579.93,    310.58,     95.73,    673.71,    344.93,    417.33,     98.82,     96.74,    983.68,    369.81,    390.51,    299.81,    668.39,    166.28,    103.75,     93.69,    134.10,     57.80
  196106,     11.63,    596.19,    314.60,     98.12,    693.13,    354.70,    418.38,    102.38,     98.95,    999.78,    392.50,    400.37,    309.48,    668.34,    168.41,    108.07,     96.45,    136.47,     59.84
  196107,     11.63,    665.04,    222.58,     92.73,    590.66,    545.51,    255.54,    118.57,     70.94,    915.18,    269.27,    814.51,    279.10,    232.69,    278.39,    100.78,    136.53,     67.94,     73.97
  196108,    -99.99,    685.32,    230.07,     94.04,    600.52,    570.73,    264.22,    119.99,     72.38,    931.23,    272.98,    855.76,    288.45,    239.49,    288.94,    102.83,    137.16,     68.56,     76.24
  196109,    -99.99,    706.27,    233.77,     95.70,    626.08,    580.32,    266.42,    121.18,     74.22,    977.79,    281.13,    866.64,    296.74,    245.63,    287.00,    103.94,    138.24,     68.19,     80.37
  196110,    -99.99,    696.14,    226.78,     92.03,    619.56,    567.54,    258.03,    116.08,     72.51,    970.69,    275.19,    849.30,    288.49,    238.11,    277.96,    101.34,    130.68,     64.85,     80.33
  196111,    -99.99,    710.03,    235.44,     94.52,    638.16,    578.37,    267.41,    119.76,     73.45,   1000.42,    282.87,    853.77,    302.97,    243.47,    291.34,    103.30,    136.06,     65.60,     81.53
  196112,    -99.99,    741.16,    244.86,     97.89,    658.07,    611.41,    278.10,    123.68,     76.03,   1027.88,    295.38,    907.34,    315.47,    255.12,    300.85,    106.05,    140.96,     68.05,     84.26
  196201,    -99.99,    745.46,    247.39,     99.83,    652.94,    618.74,    285.73,    127.91,     76.02,   1015.07,    294.33,    929.59,    307.90,    260.75,    310.46,    108.64,    146.98,     68.18,     84.17
  196202,    -99.99,    707.67,    242.38,    100.35,    614.15,    595.78,    281.13,    127.38,     77.01,    946.75,    284.79,    893.78,    297.78,    249.66,    312.29,    107.98,    146.58,     68.68,     85.67
  196203,    -99.99,    720.38,    246.97,    102.45,    623.28,    607.43,    287.76,    129.66,     78.24,    957.18,    292.63,    915.53,    302.32,    253.99,    321.52,    108.95,    150.18,     70.74,     86.12
  196204,    -99.99,    717.12,    245.80,    100.40,    623.61,    602.05,    286.08,    128.07,     76.23,    957.70,    292.76,    905.04,    302.01,    253.85,    318.30,    107.92,    148.02,     70.10,     82.67
  196205,    -99.99,    674.95,    231.31,     94.27,    582.42,    570.52,    268.87,    120.18,     71.50,    884.78,    280.06,    858.19,    285.64,    235.58,    302.16,    100.77,    139.59,     65.27,     78.04
  196206,    -99.99,    610.05,    213.88,     87.31,    518.47,    526.44,    250.35,    111.72,     65.69,    784.26,    252.68,    791.41,    261.48,    215.46,    285.25,     92.85,    130.77,     59.62,     72.06
  196207,    -99.99,    438.15,    266.88,     79.65,    499.50,    385.17,    252.03,     99.39,     74.32,    594.94,    404.05,    315.46,    454.87,    223.36,    280.98,    108.46,     90.31,     80.49,     68.16
  196208,    -99.99,    475.86,    284.18,     84.57,    544.37,    416.94,    264.84,    102.78,     79.95,    661.24,    427.50,    338.85,    495.04,    237.12,    292.82,    111.81,     93.75,     83.69,     76.17
  196209,    -99.99,    486.95,    287.10,     86.16,    557.76,    423.85,    266.91,    103.63,     81.60,    677.81,    437.71,    345.33,    502.37,    239.80,    294.28,    112.03,     95.24,     84.56,     78.62
  196210,    -99.99,    461.51,    273.57,     81.90,    526.99,    403.74,    255.05,     98.20,     77.34,    629.54,    424.45,    330.55,    476.92,    229.16,    281.20,    105.50,     90.97,     81.16,     73.49
  196211,    -99.99,    464.10,    274.22,     81.29,    531.81,    405.56,    254.33,     97.21,     76.99,    634.14,    430.43,    329.33,    481.78,    228.09,    280.83,    104.63,     89.86,     79.92,     74.03
  196212,    -99.99,    513.73,    301.13,     92.13,    588.00,    444.09,    281.21,    108.87,     87.98,    714.07,    463.12,    365.89,    523.04,    249.80,    312.93,    117.51,    100.39,     90.80,     85.12
  196301,    -99.99,    520.97,    306.63,     92.85,    595.14,    453.34,    287.78,    107.80,     88.88,    721.46,    470.02,    373.31,    534.14,    256.87,    318.69,    114.98,    100.76,     90.95,     86.79
  196302,    -99.99,    546.35,    319.95,     99.56,    625.83,    472.44,    298.67,    115.81,     94.97,    753.31,    499.55,    388.15,    557.54,    265.54,    331.81,    123.05,    108.70,     97.57,     92.35
  196303,    -99.99,    529.16,    312.17,     98.53,    603.25,    462.27,    291.37,    113.43,     94.50,    724.08,    483.55,    381.68,    543.62,    258.39,    324.36,    120.47,    106.52,     96.90,     92.06
  196304,    -99.99,    545.98,    321.88,    103.12,    623.09,    474.59,    301.97,    117.93,     98.73,    741.62,    505.67,    392.48,    557.49,    267.04,    336.89,    124.21,    111.77,    101.28,     96.17
  196305,    -99.99,    572.63,    336.35,    109.06,    652.08,    493.46,    319.92,    123.15,    105.44,    780.41,    524.96,    414.49,    573.18,    278.19,    362.05,    130.29,    116.14,    107.10,    103.76
  196306,    -99.99,    582.36,    340.68,    113.89,    668.75,    490.01,    326.40,    127.41,    110.91,    796.82,    541.89,    410.40,    570.37,    283.67,    369.55,    135.24,    119.73,    109.96,    111.88
  196307,      8.87,    486.41,    179.99,     82.68,    481.75,    412.39,    139.01,    108.89,     73.72,    502.59,    457.48,    497.06,    327.12,    175.62,    105.07,    117.54,    100.37,    106.59,     42.60
  196308,      8.77,    485.70,    180.80,     81.62,    481.35,    412.76,    138.99,    108.07,     73.04,    498.80,    461.03,    495.64,    329.30,    175.81,    104.63,    117.96,     98.37,    106.09,     41.55
  196309,      8.74,    509.62,    188.46,     87.18,    506.92,    428.60,    145.31,    115.26,     77.42,    526.97,    483.57,    515.80,    340.78,    183.44,    109.73,    124.53,    106.17,    111.54,     44.69
  196310,      8.72,    503.38,    185.38,     85.68,    498.48,    423.83,    143.91,    114.40,     75.30,    520.89,    472.39,    514.56,    332.47,    181.03,    109.03,    122.97,    105.95,    108.81,     43.38
  196311,      9.38,    522.80,    187.82,     87.55,    521.92,    431.29,    144.61,    118.03,     75.74,    539.17,    501.83,    524.83,    337.74,    180.89,    110.52,    125.23,    110.92,    109.57,     43.52
  196312,      9.40,    514.81,    184.06,     87.57,    507.09,    431.99,    141.99,    115.88,     76.29,    529.32,    481.20,    532.56,    331.42,    176.14,    109.90,    121.74,    110.05,    110.51,     43.70
  196401,      9.43,    527.17,    190.70,     89.57,    520.71,    443.11,    146.07,    119.41,     78.55,    544.43,    493.08,    542.03,    344.19,    182.97,    111.64,    127.11,    111.70,    113.70,     45.07
  196402,     10.21,    541.82,    195.45,     92.28,    536.21,    457.43,    148.70,    120.81,     80.76,    562.18,    505.77,    554.69,    359.47,    186.82,    112.89,    126.40,    115.23,    116.88,     46.37
  196403,     10.33,    549.63,    197.72,     95.91,    543.89,    462.36,    150.34,    125.13,     83.91,    572.91,    509.87,    562.78,    361.24,    189.08,    113.96,    130.43,    119.83,    120.59,     48.99
  196404,     12.38,    553.84,    204.58,     99.00,    549.66,    466.32,    157.52,    130.95,     85.13,    579.15,    515.10,    563.44,    368.53,    200.11,    118.39,    135.24,    126.66,    122.07,     49.96
  196405,     16.59,    555.56,    206.42,     98.02,    549.11,    471.68,    158.87,    129.22,     85.80,    569.40,    525.33,    570.37,    372.30,    201.63,    119.58,    136.15,    122.29,    122.99,     50.15
  196406,     15.23,    562.14,    208.16,    101.30,    558.62,    471.79,    160.48,    132.92,     88.47,    582.88,    530.34,    570.20,    372.69,    203.39,    120.78,    139.15,    126.69,    126.00,     52.24
  196407,     11.76,    605.94,    201.63,     85.32,    580.87,    463.47,    193.06,    134.10,     67.80,    735.38,    377.11,    663.23,    271.93,    195.32,    190.88,    147.85,    121.14,     83.34,     52.75
  196408,     10.91,    618.22,    206.65,     87.40,    594.91,    469.19,    199.79,    137.34,     68.91,    751.03,    389.02,    671.89,    276.20,    200.46,    199.15,    149.99,    125.43,     84.41,     53.90
  196409,      9.97,    608.87,    204.95,     85.61,    586.53,    461.19,    199.00,    135.80,     66.87,    742.05,    382.55,    660.51,    272.79,    201.25,    196.84,    148.26,    124.05,     83.04,     51.11
  196410,     10.60,    622.51,    212.24,     90.17,    603.99,    467.72,    206.93,    141.24,     70.72,    766.44,    390.91,    665.33,    280.95,    209.23,    204.74,    153.49,    129.71,     87.09,     54.45
  196411,     10.19,    625.26,    215.89,     91.21,    606.06,    474.35,    208.53,    142.42,     72.89,    762.83,    400.45,    669.63,    288.50,    211.21,    206.00,    157.15,    128.55,     89.10,     56.69
  196412,      9.71,    619.34,    216.91,     88.14,    600.73,    471.27,    209.38,    140.87,     70.23,    748.62,    406.77,    662.33,    289.42,    213.20,    205.75,    158.18,    124.68,     85.94,     54.51
  196501,      8.56,    631.51,    218.20,     86.61,    609.88,    482.81,    208.42,    140.42,     69.49,    763.36,    408.57,    681.52,    293.69,    215.76,    201.44,    160.74,    121.42,     85.86,     53.23
  196502,     10.10,    653.23,    226.72,     90.97,    638.93,    491.15,    216.46,    146.43,     73.19,    806.90,    418.62,    686.28,    305.44,    222.52,    210.76,    166.82,    127.23,     90.02,     56.57
  196503,     11.48,    653.76,    228.62,     91.66,    641.03,    491.66,    218.19,    146.86,     73.67,    812.82,    416.97,    683.08,    309.49,    224.93,    211.83,    166.90,    128.01,     89.40,     58.05
  196504,     11.20,    645.00,    225.90,     92.31,    632.75,    483.93,    216.06,    146.92,     74.30,    803.82,    409.61,    673.24,    303.75,    222.75,    209.80,    166.03,    128.81,     89.60,     59.00
  196505,     12.90,    667.89,    233.02,     95.67,    660.22,    493.90,    223.65,    151.03,     77.83,    846.42,    417.36,    685.56,    311.50,    230.04,    217.72,    171.57,    131.57,     95.08,     60.59
  196506,     13.15,    662.38,    232.38,     93.13,    651.80,    495.52,    221.34,    149.63,     75.31,    834.63,    413.31,    686.76,    313.52,    227.35,    215.75,    171.38,    129.02,     92.20,     58.41
  196507,     12.34,    556.32,    267.17,     77.10,    632.02,    452.43,    221.85,    101.01,     75.70,    769.28,    445.32,    389.88,    512.50,    222.82,    220.81,    120.27,     80.25,    104.39,     50.16
  196508,     13.11,    563.59,    271.00,     80.35,    641.88,    454.59,    226.63,    102.98,     79.63,    784.34,    448.08,    391.47,    515.22,    227.18,    226.05,    122.58,     81.97,    108.79,     53.38
  196509,     16.70,    578.85,    277.46,     82.44,    662.64,    460.34,    234.85,    104.80,     82.03,    813.35,    458.73,    395.21,    522.90,    235.86,    233.78,    124.82,     83.34,    111.65,     55.37
  196510,     17.28,    600.07,    283.40,     85.78,    687.60,    471.60,    239.84,    108.73,     85.32,    843.99,    476.01,    408.22,    532.48,    242.10,    237.46,    129.03,     86.82,    114.84,     58.30
  196511,     17.62,    617.04,    289.76,     90.68,    709.57,    476.61,    248.17,    113.76,     90.59,    874.88,    485.90,    414.23,    536.93,    248.10,    248.25,    134.96,     90.90,    121.29,     62.33
  196512,     29.49,    613.59,    289.19,     91.08,    705.13,    469.30,    252.60,    114.11,     91.32,    869.80,    482.35,    412.96,    523.78,    253.58,    251.56,    136.08,     90.56,    120.62,     64.35
  196601,     26.23,    623.75,    295.12,     96.81,    718.94,    474.25,    258.89,    119.28,     96.72,    885.94,    493.00,    415.11,    531.43,    256.35,    261.58,    139.76,     97.01,    128.84,     67.00
  196602,     26.83,    624.33,    299.25,    101.62,    719.83,    475.61,    264.15,    124.27,    101.45,    890.07,    490.76,    415.66,    533.96,    256.10,    272.60,    144.63,    101.99,    132.68,     72.72
  196603,     26.16,    612.60,    296.10,    101.78,    709.60,    464.59,    261.34,    123.51,    102.37,    882.10,    477.49,    400.66,    526.82,    252.55,    270.57,    144.57,    100.47,    133.19,     74.37
  196604,     29.53,    602.57,    287.54,     97.97,    699.34,    449.38,    256.40,    120.18,     98.17,    871.80,    467.27,    391.15,    506.05,    245.38,    267.98,    140.91,     97.51,    129.85,     69.39
  196605,     29.95,    618.83,    293.63,    100.68,    717.46,    459.18,    261.96,    125.03,    100.55,    895.59,    479.09,    404.00,    512.89,    251.46,    272.92,    147.02,    100.97,    132.90,     71.33
  196606,     26.24,    589.61,    277.18,     92.25,    682.40,    437.51,    247.22,    114.62,     92.12,    852.07,    455.33,    386.14,    487.16,    234.93,    260.05,    134.92,     92.54,    123.80,     63.69
  196607,      8.33,    479.84,    287.31,    109.70,    552.87,    263.04,    361.19,    174.64,     93.82,    733.43,    343.96,    300.43,    224.63,    332.47,    390.27,    203.47,    143.55,     92.15,     95.28
  196608,      7.93,    472.82,    284.97,    108.64,    544.55,    259.27,    357.56,    175.32,     92.21,    719.82,    340.59,    295.87,    221.93,    331.03,    384.44,    203.87,    144.13,     91.70,     92.65
  196609,      7.33,    433.92,    264.00,     99.21,    500.71,    235.71,    332.73,    162.28,     83.54,    663.58,    311.18,    269.16,    201.57,    303.54,    362.30,    189.18,    133.05,     83.58,     83.50
  196610,      7.54,    429.29,    263.12,     98.31,    493.21,    236.79,    331.86,    161.22,     82.16,    649.18,    311.70,    270.55,    202.56,    301.88,    362.43,    187.05,    133.16,     82.16,     82.17
  196611,      7.23,    442.20,    280.56,    102.31,    505.65,    247.23,    358.69,    169.52,     85.04,    661.20,    324.64,    284.65,    209.31,    323.67,    394.63,    196.75,    139.74,     85.82,     84.36
  196612,      7.92,    457.77,    277.67,    101.84,    524.67,    252.38,    350.29,    170.09,     84.46,    691.32,    329.58,    290.99,    213.49,    316.96,    384.49,    197.42,    140.00,     84.99,     84.00
  196701,      7.82,    460.90,    285.34,    102.38,    527.61,    256.92,    359.65,    172.72,     85.75,    686.42,    341.71,    294.57,    219.01,    322.59,    397.44,    203.80,    138.69,     85.60,     85.87
  196702,     10.03,    498.68,    305.25,    116.32,    571.49,    277.43,    381.72,    189.52,     98.38,    746.66,    366.43,    317.15,    237.16,    338.41,    425.88,    220.75,    155.34,     97.82,     98.86
  196703,     11.03,    507.25,    303.63,    115.50,    582.79,    278.99,    378.01,    188.59,     97.93,    765.14,    369.33,    318.91,    238.52,    334.29,    422.58,    220.44,    153.74,     96.62,     99.06
  196704,     12.06,    528.97,    315.03,    121.59,    608.46,    288.34,    391.33,    197.94,    103.06,    799.81,    384.47,    330.77,    245.33,    346.42,    437.12,    231.27,    161.90,    102.71,    103.36
  196705,     12.64,    560.15,    321.67,    125.30,    648.92,    296.90,    395.56,    205.75,    105.37,    864.88,    396.12,    338.80,    254.42,    350.57,    441.73,    240.27,    168.67,    105.09,    105.61
  196706,     12.50,    534.65,    308.89,    121.70,    618.45,    287.02,    379.08,    198.87,    101.92,    811.01,    387.61,    326.58,    246.92,    336.96,    422.05,    230.75,    164.62,    100.53,    103.11
  196707,     22.46,    543.12,    323.13,     95.36,    556.98,    386.80,    430.64,    122.60,    103.81,    634.99,    461.69,    509.29,    271.86,    573.15,    290.03,    172.92,     79.38,     95.52,    112.40
  196708,     25.12,    569.77,    335.56,    102.94,    582.28,    407.51,    443.88,    130.48,    112.22,    663.83,    482.67,    539.04,    284.92,    582.36,    308.17,    182.91,     85.50,    105.11,    119.67
  196709,     23.76,    565.18,    330.85,    103.45,    579.13,    401.27,    435.63,    130.91,    113.48,    661.13,    479.95,    531.08,    280.28,    571.14,    302.82,    184.82,     84.66,    106.62,    120.63
  196710,     23.74,    588.87,    341.30,    105.26,    601.47,    417.40,    450.38,    135.48,    114.39,    694.64,    488.76,    557.89,    285.69,    593.84,    309.80,    191.12,     88.10,    108.13,    120.87
  196711,     22.92,    581.68,    326.34,     99.90,    596.09,    402.51,    433.24,    127.98,    108.20,    704.07,    465.47,    545.76,    270.01,    581.33,    287.16,    179.84,     84.39,    104.52,    111.97
  196712,     22.75,    585.41,    326.30,     98.74,    603.20,    401.70,    431.40,    127.21,    107.19,    714.13,    469.03,    541.03,    272.82,    580.92,    284.90,    180.00,     82.88,    102.50,    111.98
  196801,     27.00,    615.46,    343.60,    105.27,    634.04,    423.89,    450.63,    138.44,    113.72,    744.80,    500.06,    569.14,    288.68,    605.39,    298.00,    196.82,     89.41,    108.75,    118.80
  196802,     28.72,    578.24,    339.80,    105.03,    593.72,    403.27,    451.06,    137.66,    112.86,    681.69,    487.85,    539.75,    276.22,    607.28,    296.99,    193.58,     90.27,    107.70,    118.21
  196803,     26.34,    557.18,    330.49,     99.50,    573.03,    389.83,    438.52,    131.58,    107.06,    657.16,    471.66,    517.98,    270.55,    589.16,    288.93,    186.36,     85.21,    102.58,    111.73
  196804,     29.44,    567.77,    327.52,     99.39,    589.23,    385.77,    435.82,    130.24,    107.58,    680.70,    478.35,    514.87,    265.61,    588.34,    284.35,    184.99,     83.90,    103.67,    111.66
  196805,     34.15,    629.00,    346.27,    111.96,    657.85,    413.58,    456.32,    143.70,    121.48,    764.97,    527.22,    557.55,    279.62,    610.27,    303.43,    203.07,     94.12,    116.58,    126.67
  196806,     36.43,    644.35,    348.86,    118.77,    675.87,    421.44,    456.93,    147.20,    129.32,    793.92,    531.91,    566.32,    285.80,    604.61,    309.25,    204.97,     99.00,    124.09,    134.81
  196807,     87.68,    445.59,    331.44,    265.61,    475.89,    356.43,    341.28,    383.44,    170.23,    549.75,    385.29,    365.72,    345.85,    274.49,    402.19,    293.35,    470.38,    168.06,    172.30
  196808,     80.27,    426.19,    332.20,    266.77,    451.47,    349.65,    346.53,    385.55,    170.03,    519.48,    367.67,    358.91,    339.22,    267.80,    421.15,    293.26,    475.23,    171.26,    168.87
  196809,     79.42,    430.51,    336.98,    270.79,    456.86,    350.69,    353.51,    391.06,    172.99,    525.37,    372.45,    360.39,    339.76,    271.83,    431.43,    297.97,    480.87,    174.15,    171.90
  196810,     86.04,    446.60,    352.63,    282.85,    470.03,    372.28,    364.35,    411.20,    182.05,    535.11,    389.83,    383.91,    359.07,    281.75,    443.15,    319.69,    499.47,    178.99,    184.89
  196811,     81.13,    445.14,    359.55,    289.17,    463.10,    381.43,    372.40,    422.60,    183.86,    518.33,    395.04,    396.25,    364.79,    290.41,    450.07,    325.39,    516.33,    179.02,    188.34
  196812,     85.18,    469.01,    380.03,    303.76,    492.47,    395.78,    395.67,    443.06,    193.18,    556.04,    414.12,    405.17,    385.18,    305.84,    481.91,    340.13,    542.30,    193.54,    192.85
  196901,     96.02,    463.07,    376.55,    300.95,    485.06,    392.01,    390.63,    437.11,    194.49,    546.77,    409.02,    403.21,    379.26,    305.79,    472.07,    342.60,    527.58,    192.85,    195.98
  196902,     94.29,    454.31,    378.49,    301.48,    474.17,    390.75,    394.64,    436.13,    195.66,    531.40,    403.65,    400.25,    379.87,    305.55,    481.92,    341.58,    525.97,    190.84,    200.07
  196903,     83.79,    431.56,    356.73,    283.90,    450.91,    369.65,    372.69,    412.42,    181.62,    505.91,    383.14,    378.86,    359.10,    285.59,    458.60,    318.68,    500.14,    177.30,    185.60
  196904,     81.71,    448.22,    365.65,    293.34,    469.55,    377.31,    386.03,    420.20,    189.83,    527.09,    398.65,    390.16,    362.57,    293.51,    477.91,    324.24,    509.99,    189.40,    190.23
  196905,     80.36,    461.53,    367.58,    300.49,    485.40,    382.37,    388.69,    429.26,    191.41,    545.45,    411.40,    396.55,    365.90,    297.04,    479.71,    322.92,    528.76,    193.92,    189.05
  196906,     81.74,    459.00,    368.06,    299.24,    482.26,    380.25,    390.93,    431.83,    186.96,    542.41,    408.14,    395.67,    362.34,    299.47,    481.76,    324.12,    532.62,    193.69,    180.56
  196907,     92.91,    365.33,    325.44,    319.87,    358.01,    281.61,    366.07,    373.68,    318.91,    452.12,    230.27,    386.49,    182.24,    381.92,    349.70,    425.08,    321.92,    452.40,    188.03
  196908,     82.34,    346.08,    300.41,    299.28,    339.70,    262.99,    339.51,    345.87,    298.48,    431.42,    214.63,    364.51,    166.30,    357.10,    321.36,    390.43,    301.00,    424.41,    175.01
  196909,     87.15,    368.66,    313.16,    305.32,    364.20,    275.87,    352.86,    359.20,    302.89,    461.47,    231.55,    381.55,    174.69,    365.31,    339.84,    407.87,    310.52,    431.40,    176.90
  196910,     86.94,    366.17,    302.26,    291.53,    362.61,    269.92,    342.70,    342.24,    290.35,    459.31,    230.74,    376.48,    167.90,    362.13,    322.40,    390.45,    294.03,    415.11,    168.86
  196911,     96.57,    390.54,    316.91,    302.43,    387.64,    285.45,    361.56,    353.76,    301.77,    491.12,    246.52,    398.93,    176.80,    384.43,    337.80,    403.69,    303.84,    432.15,    174.80
  196912,     86.30,    380.19,    302.33,    289.62,    378.92,    273.84,    345.64,    334.23,    291.94,    483.46,    236.36,    383.87,    168.49,    367.34,    323.11,    383.76,    284.70,    421.71,    164.74
  197001,     95.38,    387.04,    299.24,    279.22,    388.98,    270.75,    345.88,    327.15,    279.24,    499.59,    238.14,    381.42,    164.79,    364.37,    326.42,    374.78,    279.17,    402.40,    159.32
  197002,     84.88,    356.20,    274.00,    264.22,    356.93,    250.56,    316.06,    301.43,    266.92,    456.13,    221.05,    354.09,    151.44,    339.18,    291.73,    343.84,    258.42,    382.75,    154.15
  197003,     87.19,    368.40,    293.83,    282.94,    368.37,    263.26,    340.25,    321.97,    285.57,    468.83,    230.76,    368.49,    162.51,    367.39,    311.86,    366.01,    277.31,    409.20,    165.18
  197004,     88.89,    360.88,    296.81,    285.28,    357.72,    262.45,    345.91,    324.01,    289.51,    455.71,    223.93,    369.98,    159.49,    379.45,    310.83,    371.07,    276.28,    415.00,    165.70
  197005,     74.03,    319.43,    267.84,    261.78,    313.48,    236.03,    313.69,    297.45,    263.90,    401.37,    193.50,    336.54,    139.28,    344.48,    281.68,    337.03,    257.31,    378.62,    151.46
  197006,     63.72,    293.06,    253.83,    247.76,    285.51,    220.01,    293.22,    289.35,    248.75,    366.96,    173.80,    314.73,    128.34,    318.74,    266.70,    332.74,    245.65,    359.02,    140.70
  197007,     66.79,    302.55,    260.86,    130.18,    366.04,    223.20,    178.67,    296.20,     92.57,    480.68,    251.89,    159.15,    291.95,    192.97,    164.20,    391.49,    206.03,     85.11,    100.07
  197008,     72.39,    318.27,    286.36,    139.57,    383.10,    242.25,    194.05,    325.95,     98.95,    491.53,    275.14,    171.84,    318.62,    209.27,    178.65,    437.22,    221.25,     93.32,    104.63
  197009,     77.65,    331.79,    299.77,    147.68,    399.89,    255.85,    201.66,    339.84,    104.86,    515.58,    285.20,    177.56,    340.81,    218.47,    184.67,    453.03,    233.34,     99.22,    110.55
  197010,     85.19,    357.45,    302.46,    154.03,    431.82,    262.95,    205.25,    343.55,    111.34,    560.21,    304.54,    189.03,    343.16,    220.53,    189.79,    454.26,    239.39,    104.57,    118.19
  197011,     86.20,    352.81,    296.57,    148.93,    427.26,    256.72,    197.62,    340.29,    106.05,    556.89,    298.74,    184.20,    335.40,    211.64,    183.28,    452.76,    234.47,    100.08,    112.11
  197012,     91.81,    368.76,    310.76,    156.92,    446.55,    268.96,    206.94,    357.71,    110.56,    580.14,    314.11,    191.72,    352.37,    222.25,    191.37,    473.11,    249.13,    104.32,    116.87
  197101,    105.57,    397.65,    336.58,    168.06,    480.66,    293.13,    227.08,    380.04,    120.72,    622.54,    340.61,    209.97,    382.92,    243.53,    210.24,    504.56,    262.24,    112.66,    128.86
  197102,    116.43,    418.03,    351.86,    178.75,    502.44,    310.24,    238.95,    395.14,    130.78,    649.35,    358.08,    226.63,    400.07,    258.07,    219.61,    523.31,    273.89,    122.87,    138.73
  197103,    121.71,    429.13,    351.83,    181.91,    516.44,    312.65,    240.82,    396.08,    132.45,    668.80,    368.04,    231.05,    399.89,    261.18,    220.09,    519.05,    279.75,    123.68,    141.31
  197104,    130.92,    454.66,    363.06,    185.84,    547.54,    325.76,    252.11,    402.36,    136.32,    713.61,    385.78,    243.97,    413.68,    274.17,    229.66,    527.69,    283.81,    127.21,    145.53
  197105,    140.64,    473.18,    372.41,    194.45,    566.53,    342.84,    255.20,    412.58,    145.13,    735.14,    402.30,    259.27,    431.78,    278.72,    231.28,    540.04,    292.02,    133.98,    156.39
  197106,    131.55,    460.82,    354.73,    184.58,    553.64,    329.41,    242.56,    390.30,    138.33,    714.39,    396.40,    248.46,    416.04,    265.52,    219.20,    511.04,    276.08,    128.01,    148.76
  197107,    108.37,    588.42,    317.06,    102.33,    736.82,    268.68,    323.09,    252.57,     86.24,    883.08,    591.28,    275.46,    261.99,    378.94,    263.49,    360.56,    142.35,     87.09,     85.45
  197108,    101.82,    563.76,    305.34,     97.05,    707.74,    256.57,    311.82,    242.49,     81.02,    841.10,    574.38,    260.87,    252.34,    368.35,    251.14,    346.01,    136.83,     82.76,     79.41
  197109,    103.56,    592.60,    308.32,    104.37,    744.14,    267.57,    309.96,    248.08,     89.30,    877.56,    610.73,    273.79,    261.45,    364.62,    251.30,    352.09,    141.90,     89.95,     88.69
  197110,    102.29,    594.23,    304.18,    101.91,    747.20,    264.41,    306.03,    245.99,     86.63,    885.61,    608.79,    272.45,    256.49,    362.75,    245.15,    348.40,    140.35,     88.03,     85.33
  197111,     89.97,    570.07,    292.47,     96.71,    719.12,    249.25,    295.71,    236.93,     81.93,    856.91,    581.33,    256.54,    242.08,    352.23,    235.04,    336.81,    133.90,     83.79,     80.20
  197112,     85.49,    572.94,    289.60,     94.37,    724.18,    247.29,    293.63,    233.44,     79.70,    863.28,    584.38,    255.58,    239.14,    349.55,    233.25,    332.54,    131.21,     82.32,     77.28
  197201,    112.23,    638.56,    319.10,    106.33,    805.43,    278.44,    325.12,    254.28,     90.80,    967.70,    641.54,    289.28,    267.76,    386.30,    259.41,    359.23,    145.44,     93.45,     88.37
  197202,    120.48,    657.33,    322.55,    113.03,    829.85,    284.02,    326.96,    259.45,     98.17,   1007.70,    650.22,    296.20,    271.96,    388.31,    260.70,    364.69,    150.31,    100.56,     95.97
  197203,    131.90,    685.45,    324.41,    114.58,    867.55,    290.43,    328.99,    260.37,     98.99,   1057.94,    675.26,    304.27,    276.73,    388.18,    265.06,    363.33,    153.60,    100.40,     97.69
  197204,    127.22,    700.16,    319.77,    115.11,    888.96,    291.07,    322.73,    257.49,     99.96,   1078.77,    696.30,    305.93,    276.35,    380.81,    260.00,    357.48,    153.24,    101.71,     98.34
  197205,    129.50,    708.66,    320.16,    116.16,    899.98,    293.18,    322.91,    258.53,    100.54,   1096.19,    700.82,    309.07,    277.53,    380.62,    260.58,    357.48,    155.37,    102.54,     98.68
  197206,    134.51,    726.75,    320.03,    113.72,    927.18,    288.93,    326.09,    258.14,     98.20,   1140.01,    711.15,    308.15,    270.01,    385.99,    261.39,    358.56,    152.88,    100.65,     95.92
  197207,     88.05,    664.53,    250.71,    172.05,    836.45,    286.32,    264.32,    319.23,     88.26,   1214.72,    421.70,    350.36,    219.63,    221.60,    310.99,    257.22,    375.12,     94.32,     82.25
  197208,     81.89,    667.56,    246.82,    169.86,    845.13,    280.32,    261.92,    314.57,     86.52,   1231.72,    419.08,    343.86,    214.15,    218.08,    309.81,    251.91,    371.05,     92.48,     80.60
  197209,     94.79,    675.76,    261.67,    180.48,    849.66,    292.56,    276.72,    336.19,     90.96,   1233.44,    426.73,    357.31,    225.43,    229.06,    329.05,    271.19,    394.79,     97.55,     84.43
  197210,     87.77,    671.52,    257.96,    179.82,    848.14,    286.09,    271.71,    338.61,     87.57,   1239.68,    416.65,    348.10,    221.80,    224.60,    323.44,    270.24,    400.24,     93.92,     81.24
  197211,     85.96,    674.75,    262.85,    181.54,    854.51,    288.01,    275.94,    344.73,     87.25,   1243.19,    423.98,    346.39,    227.20,    224.47,    332.44,    275.84,    406.83,     94.04,     80.48
  197212,     90.28,    694.65,    278.38,    197.11,    870.65,    305.71,    292.65,    369.28,     95.88,   1258.15,    441.42,    370.28,    239.05,    239.47,    351.03,    293.08,    437.97,    102.06,     89.78
  197301,     93.13,    728.89,    280.85,    198.98,    918.60,    312.00,    294.30,    374.51,     94.64,   1332.32,    460.32,    377.66,    244.51,    237.76,    356.38,    293.83,    447.24,    101.07,     88.30
  197302,     84.33,    708.47,    273.42,    195.46,    896.24,    296.98,    286.49,    372.17,     90.68,   1313.63,    433.89,    359.28,    233.23,    224.46,    354.29,    291.83,    444.95,     97.45,     84.06
  197303,     81.25,    684.29,    258.51,    184.47,    869.54,    282.55,    270.55,    349.52,     86.52,   1278.57,    411.78,    341.43,    222.02,    210.56,    336.79,    274.80,    417.22,     92.87,     80.28
  197304,     73.22,    674.67,    259.28,    186.05,    858.88,    277.72,    271.94,    352.73,     87.18,   1260.54,    409.35,    333.76,    219.85,    207.30,    343.31,    277.52,    420.51,     92.34,     82.12
  197305,     71.76,    631.82,    251.71,    182.11,    802.37,    264.40,    264.10,    347.82,     83.68,   1176.77,    383.36,    316.19,    210.92,    197.17,    338.01,    272.29,    415.50,     89.28,     78.21
  197306,     63.59,    623.88,    244.21,    175.72,    799.16,    254.56,    257.94,    334.39,     78.83,   1185.27,    371.04,    301.07,    206.30,    191.93,    330.48,    258.27,    402.60,     83.97,     73.71
  197307,     38.12,    378.51,    201.69,     72.82,    458.38,    168.57,    225.13,    169.16,     53.38,    658.79,    238.69,    192.75,    144.19,    233.67,    214.25,    225.14,    118.85,     65.26,     42.73
  197308,     40.28,    405.13,    207.44,     76.89,    490.71,    180.76,    228.77,    173.91,     56.99,    699.02,    262.88,    206.34,    154.96,    238.61,    216.24,    229.02,    124.25,     69.67,     45.60
  197309,     38.49,    391.81,    199.79,     75.28,    474.99,    175.09,    219.26,    168.40,     56.15,    673.89,    257.37,    199.52,    150.38,    230.33,    205.25,    221.29,    120.74,     68.31,     45.19
  197310,     50.83,    402.56,    217.73,     82.17,    483.80,    190.05,    238.75,    183.13,     61.42,    672.51,    277.80,    214.97,    164.77,    249.77,    224.79,    240.29,    131.45,     74.22,     49.80
  197311,     44.78,    401.36,    217.08,     82.24,    484.02,    188.49,    239.27,    178.94,     62.93,    673.50,    276.65,    210.73,    165.93,    251.51,    223.84,    235.24,    128.04,     74.02,     52.84
  197312,     37.27,    348.53,    192.29,     71.78,    423.19,    159.98,    208.84,    162.99,     54.35,    597.43,    233.39,    175.81,    144.01,    221.68,    192.63,    218.09,    113.03,     63.45,     46.08
  197401,     42.37,    345.03,    201.95,     74.95,    417.79,    161.51,    222.54,    169.19,     57.93,    585.53,    235.07,    176.69,    146.17,    235.25,    206.60,    228.88,    115.08,     66.87,     49.81
  197402,     41.67,    343.03,    201.40,     79.84,    411.62,    165.31,    220.39,    174.83,     61.18,    576.09,    232.89,    184.07,    146.33,    230.74,    207.46,    230.54,    124.03,     70.39,     52.83
  197403,     41.62,    339.54,    202.58,     81.09,    405.73,    166.71,    218.36,    177.90,     62.80,    564.19,    233.08,    184.60,    148.78,    228.53,    205.64,    236.29,    124.49,     72.63,     53.86
  197404,     39.74,    333.99,    195.86,     79.44,    399.58,    161.29,    212.56,    172.30,     61.39,    555.38,    230.23,    180.18,    142.40,    222.19,    200.48,    227.52,    121.97,     71.00,     52.64
  197405,     36.26,    322.48,    184.09,     75.95,    386.54,    152.42,    201.16,    161.72,     58.93,    537.48,    222.06,    171.59,    133.36,    210.14,    189.88,    211.93,    116.12,     66.70,     51.87
  197406,     31.03,    315.04,    173.32,     70.86,    379.57,    143.78,    188.59,    153.73,     54.19,    532.97,    211.98,    162.79,    124.87,    197.56,    177.20,    202.04,    110.00,     61.39,     47.63
  197407,     29.51,    389.13,    142.60,     38.09,    473.85,    193.64,    160.76,     67.36,     28.45,    698.29,    246.31,    204.82,    181.72,    240.84,     86.45,     72.26,     62.64,     39.03,     18.95
  197408,     29.67,    353.10,    136.25,     36.93,    424.11,    185.13,    155.38,     64.94,     27.52,    617.34,    228.76,    198.81,    170.48,    230.37,     85.58,     69.17,     60.85,     37.32,     18.66
  197409,     27.05,    316.41,    126.92,     34.08,    380.32,    168.47,    145.48,     59.79,     25.40,    554.96,    202.78,    177.92,    158.32,    217.73,     78.26,     63.57,     56.14,     34.33,     17.38
  197410,     26.55,    273.20,    118.75,     31.54,    325.82,    152.48,    137.50,     56.08,     23.52,    464.73,    184.98,    159.66,    144.73,    206.25,     73.77,     60.48,     51.84,     32.05,     15.88
  197411,     28.71,    331.06,    131.26,     33.95,    397.35,    172.84,    153.75,     61.38,     24.90,    570.25,    221.57,    187.37,    157.23,    231.94,     81.26,     66.10,     56.85,     33.28,     17.36
  197412,     29.52,    317.27,    126.49,     31.93,    379.46,    166.97,    147.74,     59.67,     23.03,    541.99,    214.22,    182.06,    150.76,    219.84,     80.91,     65.22,     54.34,     30.70,     16.14
  197501,     28.18,    307.01,    125.92,     30.51,    365.05,    166.16,    147.83,     57.79,     21.88,    519.33,    208.20,    180.82,    150.25,    221.59,     79.00,     63.60,     52.22,     29.76,     14.77
  197502,     35.48,    341.03,    148.42,     37.89,    402.71,    192.97,    172.48,     70.57,     27.44,    573.86,    228.69,    206.94,    177.82,    257.02,     93.60,     77.42,     64.00,     36.41,     19.33
  197503,     37.64,    368.79,    151.25,     38.69,    440.06,    197.66,    176.55,     72.15,     27.75,    638.58,    238.22,    213.80,    180.21,    263.25,     95.66,     78.46,     66.09,     36.27,     20.02
  197504,     37.10,    382.93,    155.53,     41.75,    457.75,    204.81,    179.27,     76.78,     29.83,    665.56,    246.45,    220.23,    188.14,    263.57,    100.07,     82.21,     71.56,     39.33,     21.23
  197505,     37.73,    405.88,    158.92,     44.11,    485.01,    214.34,    182.28,     80.36,     30.96,    699.57,    266.85,    233.28,    193.92,    266.28,    103.38,     83.99,     76.88,     40.83,     22.05
  197506,     41.79,    428.78,    167.47,     45.12,    510.53,    230.23,    190.72,     82.18,     32.09,    732.01,    285.34,    250.46,    208.35,    278.01,    108.72,     87.02,     77.54,     42.12,     23.03
  197507,     29.91,    472.76,    140.48,     32.81,    554.30,    248.26,    145.16,     71.85,     25.84,    803.52,    328.27,    313.89,    177.22,    203.52,     85.15,     97.39,     48.86,     33.57,     19.25
  197508,     30.58,    437.91,    135.18,     31.44,    510.11,    238.10,    138.68,     68.39,     24.81,    732.39,    308.53,    297.24,    173.90,    194.94,     81.00,     92.35,     46.77,     32.28,     18.46
  197509,     26.96,    427.18,    131.62,     30.07,    498.56,    230.82,    134.48,     67.41,     23.47,    713.12,    304.60,    288.32,    168.38,    189.37,     78.38,     91.90,     45.33,     30.98,     17.09
  197510,     25.58,    410.26,    127.43,     28.88,    475.55,    226.15,    130.04,     64.75,     22.35,    680.21,    291.09,    283.07,    164.51,    182.84,     76.08,     87.86,     43.91,     29.61,     16.19
  197511,     25.41,    436.68,    134.15,     30.10,    508.30,    238.47,    135.93,     68.13,     23.07,    731.22,    306.84,    296.95,    175.31,    191.08,     79.92,     92.20,     46.36,     30.91,     16.41
  197512,     23.68,    448.52,    137.77,     31.34,    523.87,    242.74,    139.68,     70.63,     24.00,    754.38,    314.42,    301.56,    179.39,    195.42,     83.06,     95.16,     48.33,     32.02,     17.18
  197601,     26.11,    441.57,    138.08,     31.39,    512.22,    244.36,    139.72,     70.90,     24.10,    736.03,    308.92,    303.79,    180.16,    195.42,     83.13,     95.68,     48.32,     32.23,     17.20
  197602,     32.57,    491.24,    158.89,     37.95,    571.97,    270.89,    160.95,     84.16,     29.60,    821.06,    345.09,    333.57,    203.36,    223.29,     97.22,    113.25,     57.55,     38.82,     21.78
  197603,     34.11,    486.07,    162.73,     40.64,    561.15,    277.36,    163.35,     86.77,     32.36,    794.51,    348.03,    339.23,    210.88,    224.56,    100.78,    116.06,     60.05,     41.60,     24.56
  197604,     40.07,    500.36,    167.00,     41.49,    577.70,    286.16,    166.76,     88.61,     33.23,    819.40,    356.37,    349.31,    218.11,    230.59,    101.71,    119.19,     60.70,     42.64,     25.30
  197605,     42.36,    494.12,    167.38,     40.79,    566.42,    286.99,    168.35,     88.12,     32.56,    802.54,    351.47,    352.54,    216.73,    234.67,    101.20,    119.07,     59.88,     41.63,     24.89
  197606,     41.67,    490.69,    163.56,     39.90,    560.75,    284.89,    165.89,     85.53,     31.82,    789.60,    350.70,    354.08,    210.74,    231.36,     99.79,    114.90,     58.65,     40.69,     24.35
  197607,     41.00,    459.66,    195.85,     47.19,    531.48,    242.97,    258.66,     95.19,     32.91,    698.54,    339.86,    307.68,    178.25,    327.83,    187.69,    109.24,     81.94,     37.99,     28.05
  197608,     12.42,    454.65,    196.38,     47.31,    523.87,    243.39,    259.86,     94.96,     33.34,    687.89,    334.62,    308.60,    177.99,    330.56,    187.08,    109.52,     81.23,     38.41,     28.47
  197609,     11.73,    451.01,    197.40,     46.63,    519.21,    242.71,    262.20,     94.08,     32.90,    683.66,    328.89,    306.89,    178.16,    336.83,    185.37,    108.91,     80.10,     38.27,     27.72
  197610,     11.57,    461.47,    203.86,     47.92,    528.39,    252.93,    270.17,     97.32,     33.19,    694.51,    336.15,    319.64,    186.02,    346.17,    191.92,    111.41,     83.97,     38.73,     27.82
  197611,     11.59,    451.40,    201.25,     46.42,    515.82,    248.32,    267.75,     94.79,     32.16,    675.06,    331.54,    314.05,    182.80,    344.58,    188.65,    109.06,     81.27,     37.82,     26.67
  197612,     11.41,    447.33,    205.87,     47.49,    510.40,    249.96,    272.98,     96.86,     33.41,    661.54,    335.48,    312.49,    187.61,    353.78,    190.31,    112.58,     81.97,     39.33,     27.68
  197701,     13.56,    471.72,    221.12,     51.74,    534.77,    270.44,    291.83,    104.58,     36.21,    688.70,    357.02,    336.67,    204.60,    374.89,    206.31,    120.41,     89.62,     42.40,     30.20
  197702,     13.53,    446.31,    219.00,     51.64,    500.36,    264.09,    290.03,    104.40,     36.22,    638.12,    341.57,    330.28,    198.87,    371.32,    206.05,    120.69,     89.09,     43.03,     29.65
  197703,     13.42,    436.64,    214.96,     50.91,    492.10,    253.99,    286.16,    102.79,     35.56,    626.27,    336.98,    316.71,    192.57,    368.44,    201.44,    118.29,     88.23,     42.43,     28.92
  197704,     14.03,    430.17,    215.49,     51.14,    483.80,    252.44,    286.38,    102.75,     36.14,    614.53,    332.66,    313.14,    193.53,    365.78,    204.60,    119.05,     87.48,     43.40,     29.15
  197705,     14.84,    425.97,    219.89,     52.98,    475.23,    257.16,    291.45,    105.81,     37.40,    597.07,    334.37,    318.48,    197.64,    373.88,    206.55,    122.10,     90.63,     45.26,     29.83
  197706,     14.12,    418.82,    219.15,     52.34,    466.23,    254.63,    291.75,    104.77,     36.84,    584.31,    329.55,    315.58,    195.49,    376.45,    204.51,    120.92,     89.75,     44.48,     29.48
  197707,     11.86,    390.76,    250.77,     58.72,    447.55,    288.10,    227.42,    164.30,     40.63,    500.87,    380.75,    258.59,    320.10,    181.23,    274.64,    230.15,    111.79,     58.75,     27.04
  197708,     12.49,    386.82,    248.95,     57.43,    444.82,    281.31,    226.92,    163.73,     39.60,    498.09,    377.81,    252.31,    312.79,    179.88,    275.00,    231.22,    109.82,     57.39,     26.34
  197709,     12.50,    387.31,    239.75,     55.79,    448.14,    272.81,    219.90,    157.18,     38.35,    505.99,    375.50,    246.36,    301.51,    175.16,    265.36,    219.59,    107.22,     55.94,     25.24
  197710,     12.48,    385.35,    242.94,     55.68,    445.91,    272.01,    224.54,    158.29,     38.37,    499.48,    378.44,    244.79,    301.46,    176.88,    272.96,    222.82,    106.67,     55.94,     25.29
  197711,     12.47,    368.49,    234.51,     54.09,    426.09,    262.12,    215.16,    154.14,     37.09,    477.66,    360.94,    234.55,    291.95,    169.49,    261.56,    217.35,    103.90,     54.35,     24.16
  197712,     13.36,    382.09,    242.86,     57.20,    441.23,    272.66,    222.48,    160.39,     39.62,    494.70,    373.84,    244.32,    303.25,    178.21,    267.61,    224.82,    108.91,     57.54,     26.18
  197801,     12.00,    385.53,    247.03,     58.20,    444.73,    277.13,    227.21,    161.74,     40.25,    502.34,    372.41,    246.69,    309.57,    179.42,    275.91,    225.63,    110.73,     58.58,     26.57
  197802,     12.48,    361.34,    234.27,     56.58,    417.82,    258.84,    215.51,    155.08,     39.52,    474.76,    346.86,    228.96,    290.79,    168.60,    263.18,    216.50,    106.62,     57.09,     26.48
  197803,     12.50,    350.81,    233.43,     56.38,    404.57,    254.60,    216.91,    154.18,     39.34,    456.99,    339.24,    224.81,    286.58,    168.47,    266.13,    214.57,    106.28,     57.02,     26.34
  197804,     13.59,    359.33,    242.30,     59.00,    412.10,    265.74,    225.24,    159.64,     41.58,    461.09,    351.04,    235.65,    298.02,    175.27,    276.51,    221.82,    110.06,     59.93,     28.08
  197805,     14.66,    399.89,    256.27,     62.84,    460.42,    288.37,    237.00,    168.29,     44.15,    516.63,    389.73,    258.17,    320.78,    186.89,    288.10,    231.48,    117.63,     63.18,     30.16
  197806,     16.09,    409.38,    258.90,     64.56,    470.60,    295.11,    238.63,    170.20,     45.85,    529.02,    396.99,    265.38,    326.95,    188.82,    289.41,    233.03,    119.76,     65.13,     31.72
  197807,     20.94,    297.42,    279.55,     90.55,    323.11,    246.06,    277.45,    228.36,     64.27,    324.71,    320.68,    233.20,    261.03,    312.10,    241.85,    300.92,    163.97,     95.30,     40.51
  197808,     22.16,    318.48,    292.20,     95.82,    347.30,    259.09,    292.03,    237.26,     68.30,    349.38,    344.16,    246.29,    273.98,    329.46,    253.57,    309.84,    172.91,     99.66,     44.16
  197809,     25.18,    331.18,    306.13,     99.11,    360.87,    271.72,    307.33,    244.15,     71.11,    363.80,    356.44,    257.12,    288.89,    348.39,    265.99,    320.15,    176.97,    103.65,     46.07
  197810,     24.80,    323.69,    309.31,     98.99,    350.79,    270.74,    310.87,    247.66,     71.04,    352.52,    348.20,    256.20,    287.85,    353.31,    268.28,    326.71,    177.45,    103.85,     45.79
  197811,     17.44,    287.08,    277.96,     85.59,    311.97,    238.33,    278.80,    223.83,     59.99,    316.72,    304.81,    225.14,    253.81,    317.48,    239.99,    299.28,    157.02,     89.27,     37.40
  197812,     18.24,    296.59,    285.31,     87.82,    321.02,    245.66,    288.89,    228.52,     61.81,    327.09,    311.88,    235.25,    257.76,    329.48,    248.44,    304.79,    160.61,     91.96,     38.52
  197901,     18.92,    306.90,    289.85,     88.79,    333.38,    250.45,    292.87,    231.61,     62.67,    347.00,    313.08,    240.59,    261.94,    335.01,    251.02,    310.69,    161.42,     93.41,     38.77
  197902,     21.94,    319.13,    306.66,     95.06,    345.39,    264.89,    309.29,    245.00,     67.57,    356.23,    329.30,    252.94,    278.82,    354.32,    264.41,    328.16,    171.47,     99.49,     42.69
  197903,     20.63,    306.37,    297.01,     92.40,    330.36,    256.34,    299.22,    238.80,     65.42,    341.88,    313.31,    245.86,    268.53,    340.48,    257.66,    319.85,    167.17,     96.72,     41.06
  197904,     23.72,    325.74,    314.09,     99.34,    350.87,    273.06,    318.76,    250.51,     70.81,    361.93,    334.57,    261.91,    285.92,    365.03,    272.16,    332.26,    178.28,    103.38,     45.29
  197905,     24.40,    327.33,    317.56,    100.26,    353.22,    276.84,    322.43,    250.39,     71.39,    364.66,    336.42,    261.77,    294.41,    367.88,    276.49,    330.42,    179.94,    104.88,     45.34
  197906,     23.09,    319.66,    311.89,     98.68,    344.68,    271.54,    316.58,    246.22,     70.22,    356.52,    327.38,    256.09,    289.49,    361.58,    271.08,    324.38,    177.23,    102.90,     44.76
  197907,     24.64,    291.62,    292.09,    120.05,    280.82,    275.42,    379.15,    196.15,     93.10,    278.57,    284.41,    326.34,    227.49,    376.31,    381.82,    196.10,    196.21,    129.79,     65.24
  197908,     23.74,    294.18,    299.75,    122.99,    281.79,    282.26,    390.21,    200.16,     95.94,    277.25,    289.04,    334.06,    233.52,    387.83,    392.45,    200.01,    200.33,    133.25,     67.70
  197909,     25.17,    314.56,    315.11,    130.40,    301.09,    302.41,    406.66,    211.10,    102.57,    294.70,    311.28,    357.96,    250.14,    406.74,    406.59,    211.75,    210.41,    142.12,     72.49
  197910,     25.69,    313.32,    318.08,    129.42,    298.03,    306.42,    410.73,    210.02,    102.01,    290.56,    309.95,    362.82,    253.38,    410.80,    410.66,    211.31,    208.63,    141.28,     72.17
  197911,     20.35,    291.17,    296.98,    117.38,    277.53,    286.79,    383.03,    192.33,     91.94,    270.65,    288.54,    335.21,    240.97,    383.68,    382.41,    193.51,    191.05,    129.41,     63.41
  197912,     23.27,    311.15,    313.64,    122.78,    296.29,    307.17,    400.38,    205.52,     95.37,    290.57,    305.43,    359.03,    257.97,    394.63,    405.84,    208.54,    202.23,    135.82,     64.60
  198001,     28.10,    324.29,    321.10,    127.16,    307.79,    320.67,    406.56,    211.86,     99.94,    300.12,    320.05,    377.66,    266.62,    399.39,    413.36,    216.67,    206.60,    140.28,     69.36
  198002,     30.57,    343.03,    342.28,    136.90,    323.93,    346.04,    430.77,    223.54,    109.14,    311.46,    343.86,    405.43,    289.93,    431.16,    430.41,    229.15,    217.43,    150.52,     77.69
  198003,     30.76,    333.58,    344.71,    135.46,    313.07,    345.74,    434.56,    219.73,    109.04,    301.84,    330.93,    400.07,    294.26,    437.55,    431.72,    226.58,    212.24,    150.84,     77.17
  198004,     22.54,    298.97,    306.50,    116.41,    284.12,    301.97,    389.14,    193.45,     92.12,    274.44,    299.54,    347.31,    259.28,    384.31,    393.78,    199.40,    186.94,    131.05,     62.62
  198005,     24.95,    312.18,    323.37,    123.80,    295.99,    314.33,    411.79,    208.52,     96.66,    285.73,    312.22,    364.70,    266.77,    402.05,    421.12,    214.75,    201.74,    139.13,     64.34
  198006,     25.25,    330.20,    341.15,    132.21,    312.79,    331.84,    436.64,    219.50,    103.78,    302.78,    328.53,    386.60,    279.99,    426.66,    446.16,    224.62,    213.92,    150.24,     68.57
  198007,     27.34,    318.14,    315.82,    165.54,    270.29,    394.64,    336.53,    302.09,    100.52,    231.73,    354.86,    472.30,    314.77,    408.69,    271.52,    277.45,    327.18,    132.06,     79.52
  198008,     29.27,    349.31,    333.04,    171.21,    301.65,    420.92,    352.25,    312.58,    106.30,    259.30,    394.67,    502.60,    336.92,    425.41,    286.56,    292.90,    332.69,    136.84,     85.88
  198009,     29.88,    359.51,    337.88,    173.87,    312.46,    429.37,    357.27,    317.02,    107.18,    269.77,    406.40,    511.50,    345.41,    429.48,    292.68,    294.03,    340.59,    137.33,     86.98
  198010,     35.21,    378.80,    349.15,    173.51,    329.57,    452.85,    367.03,    318.07,    107.69,    285.90,    425.32,    536.95,    366.87,    446.14,    296.80,    298.59,    337.98,    138.62,     87.05
  198011,     36.12,    388.18,    358.40,    172.01,    336.13,    470.07,    380.00,    312.45,    108.36,    295.59,    425.56,    555.61,    382.88,    465.87,    304.54,    294.59,    330.75,    139.54,     87.60
  198012,     39.96,    430.70,    402.02,    177.01,    371.50,    533.07,    434.66,    323.91,    108.90,    325.75,    472.81,    620.95,    443.50,    549.48,    334.50,    301.90,    346.54,    144.43,     85.16
  198101,     39.11,    422.97,    387.53,    178.23,    368.28,    510.67,    417.26,    323.10,    111.19,    323.26,    468.11,    598.95,    420.39,    524.73,    323.27,    301.16,    345.81,    145.58,     88.15
  198102,     36.19,    401.50,    369.20,    182.47,    349.51,    478.35,    398.15,    324.30,    114.71,    303.85,    451.49,    567.47,    387.21,    492.22,    315.65,    298.35,    351.23,    149.55,     91.34
  198103,     36.82,    411.61,    373.09,    184.66,    358.92,    485.34,    400.49,    330.79,    115.92,    309.86,    468.25,    578.49,    390.09,    499.17,    313.49,    305.95,    356.49,    149.54,     93.27
  198104,     42.01,    431.52,    389.60,    194.97,    378.94,    508.95,    410.37,    348.08,    124.39,    327.18,    493.78,    598.09,    416.90,    507.53,    324.17,    324.82,    372.09,    156.76,    102.49
  198105,     45.64,    423.35,    383.44,    198.06,    371.49,    495.32,    403.59,    355.09,    124.71,    322.72,    481.34,    587.19,    400.42,    489.77,    327.14,    329.41,    381.43,    157.55,    102.47
  198106,     56.15,    427.42,    381.52,    201.96,    379.17,    488.74,    398.86,    362.35,    127.20,    333.22,    482.52,    580.66,    394.09,    482.63,    325.07,    336.83,    388.37,    160.56,    104.51
  198107,     50.27,    356.15,    382.31,    202.57,    303.77,    517.79,    377.69,    277.76,    186.91,    197.67,    582.18,    576.03,    454.99,    489.75,    271.24,    324.77,    236.80,    287.05,    109.30
  198108,     51.62,    359.74,    379.13,    200.39,    306.72,    530.71,    367.83,    271.94,    185.28,    199.89,    587.21,    584.02,    473.39,    475.35,    266.06,    315.65,    233.64,    286.66,    106.54
  198109,     46.60,    333.74,    355.04,    194.18,    285.40,    491.25,    345.96,    256.15,    181.75,    182.77,    555.83,    538.96,    439.92,    446.45,    251.48,    295.94,    221.41,    284.96,    101.69
  198110,     44.08,    309.02,    333.49,    191.66,    264.71,    452.09,    325.71,    249.82,    179.59,    166.66,    522.68,    497.61,    403.28,    418.22,    238.49,    285.62,    218.29,    285.23,     97.45
  198111,     51.46,    335.29,    343.46,    200.86,    288.29,    475.95,    339.37,    256.75,    188.67,    185.80,    558.93,    536.10,    411.41,    433.50,    251.23,    290.04,    227.51,    300.96,    101.33
  198112,     59.20,    347.40,    362.00,    208.42,    296.42,    501.56,    358.13,    268.18,    195.82,    186.33,    585.54,    565.07,    433.40,    462.78,    260.82,    305.05,    235.92,    309.87,    106.68
  198201,     59.12,    338.78,    353.36,    206.43,    289.99,    488.11,    346.78,    266.29,    193.69,    182.42,    572.05,    546.97,    424.69,    447.44,    253.22,    302.13,    234.56,    307.74,    104.35
  198202,     57.71,    331.13,    340.67,    206.76,    283.79,    469.88,    336.08,    262.60,    194.76,    175.09,    569.00,    533.38,    401.20,    431.12,    246.60,    295.37,    233.43,    312.83,    102.83
  198203,     58.07,    306.40,    327.25,    201.16,    262.73,    435.58,    325.29,    257.40,    188.38,    158.74,    535.98,    492.65,    374.06,    415.87,    239.76,    288.78,    229.57,    300.16,    101.89
  198204,     55.98,    296.87,    324.36,    204.98,    253.41,    427.76,    320.87,    261.40,    191.88,    152.34,    522.12,    482.93,    368.03,    408.09,    238.79,    292.10,    234.12,    304.66,    104.25
  198205,     63.65,    314.37,    334.89,    210.59,    270.19,    447.28,    330.65,    268.29,    196.00,    161.26,    557.55,    502.47,    386.86,    423.06,    243.43,    296.78,    243.08,    307.08,    109.34
  198206,     65.60,    302.98,    324.84,    202.96,    258.87,    437.21,    320.94,    257.79,    189.50,    153.45,    536.03,    492.25,    377.11,    409.43,    236.85,    286.09,    232.74,    296.21,    106.61
  198207,     23.80,    232.59,    301.60,    222.35,    210.35,    310.16,    273.55,    389.77,    139.15,    147.19,    374.34,    311.94,    308.09,    275.80,    271.27,    350.89,    433.02,    234.35,     72.34
  198208,     24.16,    231.00,    290.20,    218.24,    209.88,    300.31,    263.67,    381.09,    135.88,    144.45,    378.85,    306.04,    293.65,    266.39,    260.92,    339.49,    427.70,    229.06,     70.54
  198209,     27.29,    255.76,    323.36,    244.22,    232.32,    334.09,    293.63,    424.31,    152.51,    160.66,    416.22,    339.16,    328.20,    294.39,    292.86,    377.47,    476.97,    256.86,     78.68
  198210,     30.38,    262.46,    332.90,    247.83,    238.72,    342.79,    304.65,    431.65,    154.20,    164.51,    429.01,    347.29,    337.56,    307.43,    301.86,    384.08,    484.97,    258.66,     79.58
  198211,     38.02,    297.36,    371.28,    273.27,    271.16,    383.05,    337.81,    480.37,    170.80,    190.52,    477.43,    390.81,    374.03,    336.17,    339.48,    434.71,    531.58,    284.60,     89.75
  198212,     41.18,    320.30,    381.07,    283.79,    293.07,    402.31,    347.04,    495.05,    178.20,    208.87,    507.46,    417.63,    384.64,    346.43,    347.64,    445.11,    551.29,    290.66,     97.79
  198301,     51.93,    327.90,    386.03,    292.72,    301.79,    403.69,    352.77,    505.55,    186.13,    210.54,    533.91,    421.14,    383.42,    353.38,    352.15,    454.77,    562.38,    301.85,    103.20
  198302,     56.07,    341.66,    400.07,    310.97,    314.48,    420.96,    365.41,    535.80,    191.87,    221.64,    551.28,    439.23,    399.84,    361.51,    369.29,    468.96,    610.41,    309.08,    107.42
  198303,     55.53,    355.04,    408.83,    317.02,    325.27,    436.97,    376.75,    537.86,    199.77,    230.04,    568.87,    461.55,    408.44,    372.73,    380.76,    472.36,    610.98,    320.41,    112.93
  198304,     59.53,    365.23,    427.93,    329.61,    335.40,    450.17,    393.85,    560.65,    209.39,    236.43,    589.39,    471.92,    425.00,    393.22,    394.47,    497.87,    631.00,    333.05,    119.81
  198305,     77.06,    388.92,    466.06,    354.04,    359.13,    478.49,    428.24,    605.10,    227.44,    251.38,    634.66,    494.88,    459.52,    427.44,    429.03,    546.72,    670.75,    357.00,    132.67
  198306,     81.19,    395.22,    469.72,    354.70,    367.76,    479.31,    433.59,    606.21,    227.29,    261.68,    639.22,    492.14,    464.46,    426.76,    440.35,    546.06,    673.90,    353.13,    134.86
  198307,     93.88,    413.68,    410.55,    383.24,    413.45,    375.93,    415.36,    489.58,    336.78,    377.09,    496.65,    414.37,    328.84,    482.61,    352.85,    489.64,    489.53,    602.50,    162.76
  198308,     86.83,    393.06,    401.22,    381.73,    393.29,    358.88,    403.74,    489.58,    333.16,    359.19,    471.13,    392.36,    318.01,    470.58,    341.79,    486.34,    492.77,    596.37,    162.74
  198309,     87.60,    386.67,    402.57,    398.92,    386.70,    354.41,    404.84,    500.84,    350.85,    350.16,    470.14,    386.60,    315.17,    468.44,    346.12,    492.83,    508.75,    621.36,    173.75
  198310,     95.67,    398.22,    410.77,    405.04,    399.61,    363.44,    415.54,    507.09,    354.29,    362.72,    483.52,    393.97,    326.21,    482.88,    353.21,    492.64,    521.39,    628.98,    173.63
  198311,     98.61,    380.80,    406.70,    401.74,    381.26,    352.43,    412.73,    504.66,    350.05,    342.33,    469.83,    379.41,    319.61,    489.65,    341.77,    489.30,    519.77,    620.03,    172.30
  198312,     99.21,    392.77,    418.08,    409.56,    391.15,    365.69,    426.20,    515.59,    356.72,    348.31,    488.49,    397.75,    326.65,    502.66,    355.70,    500.97,    529.94,    633.03,    175.24
  198401,    102.89,    390.99,    417.41,    408.03,    388.72,    365.60,    422.82,    512.85,    358.63,    346.99,    483.36,    397.98,    326.01,    501.66,    350.60,    505.56,    520.01,    642.68,    171.65
  198402,    111.19,    371.86,    420.41,    422.97,    366.69,    360.56,    425.20,    518.88,    377.28,    325.82,    459.21,    387.75,    327.35,    492.60,    362.96,    511.75,    525.85,    678.50,    179.25
  198403,    104.65,    352.99,    400.91,    361.22,    350.12,    337.28,    403.89,    501.49,    296.47,    307.52,    447.46,    361.84,    307.26,    468.25,    345.20,    496.77,    506.11,    466.29,    183.79
  198404,    102.49,    358.44,    407.84,    364.98,    355.27,    345.79,    407.30,    508.97,    299.13,    311.68,    455.05,    368.16,    318.36,    473.16,    347.46,    506.61,    511.27,    472.33,    184.21
  198405,    100.66,    358.96,    408.50,    371.64,    357.04,    344.61,    410.45,    511.77,    303.31,    312.46,    460.17,    364.86,    319.83,    479.84,    348.02,    500.88,    522.42,    477.26,    185.94
  198406,     92.51,    340.96,    389.01,    348.32,    338.87,    330.72,    385.28,    487.02,    283.16,    295.81,    438.03,    347.39,    310.31,    446.10,    330.24,    482.43,    491.51,    441.82,    175.46
  198407,     34.61,    264.71,    352.34,    410.74,    260.31,    300.56,    364.06,    440.72,    358.12,    218.80,    363.74,    280.94,    323.27,    283.61,    463.44,    362.20,    516.91,    530.21,    230.04
  198408,     32.12,    259.97,    345.90,    401.95,    256.62,    292.53,    360.62,    428.40,    351.35,    216.27,    357.61,    272.39,    315.74,    279.14,    461.01,    350.75,    504.65,    517.50,    227.29
  198409,     36.31,    289.18,    381.06,    447.04,    285.91,    324.36,    393.28,    475.43,    392.14,    241.89,    396.39,    301.35,    350.85,    301.00,    506.43,    391.28,    558.32,    578.84,    251.75
  198410,     37.23,    284.14,    381.64,    463.65,    280.77,    319.59,    393.46,    487.62,    409.17,    236.95,    389.97,    296.57,    346.30,    298.84,    508.62,    398.86,    573.94,    596.67,    266.43
  198411,     36.98,    284.37,    382.53,    462.87,    280.10,    324.14,    393.06,    486.69,    408.25,    234.24,    394.36,    300.12,    351.88,    288.08,    520.86,    397.33,    572.78,    589.45,    270.65
  198412,     36.41,    277.46,    375.64,    466.29,    271.90,    321.75,    385.20,    481.37,    413.76,    226.22,    385.59,    297.96,    349.42,    282.95,    510.18,    387.01,    571.37,    594.77,    276.77
  198501,     38.30,    284.81,    385.55,    479.71,    279.64,    327.80,    396.86,    494.76,    425.35,    234.01,    392.72,    303.93,    355.81,    289.81,    527.50,    397.06,    587.93,    605.51,    288.89
  198502,     45.61,    318.04,    416.30,    511.21,    313.41,    355.80,    430.51,    532.47,    451.04,    265.45,    431.99,    335.20,    379.75,    316.92,    567.21,    429.99,    630.81,    641.98,    306.39
  198503,     46.29,    322.96,    423.98,    521.59,    316.93,    363.07,    438.68,    544.81,    459.58,    267.74,    438.51,    345.45,    383.54,    322.51,    578.32,    441.27,    644.45,    658.72,    309.12
  198504,     47.90,    319.56,    420.47,    530.97,    311.61,    362.98,    435.65,    548.53,    468.23,    261.72,    435.23,    349.24,    378.82,    322.42,    572.22,    438.26,    655.66,    663.26,    320.18
  198505,     47.48,    314.90,    419.28,    541.49,    307.72,    355.57,    433.67,    557.39,    478.96,    257.25,    433.34,    341.59,    371.74,    324.02,    566.00,    445.68,    665.56,    675.80,    328.27
  198506,     50.88,    333.31,    447.90,    561.74,    325.48,    379.08,    465.49,    579.65,    499.22,    270.38,    463.21,    362.42,    398.36,    354.89,    598.83,    470.32,    684.79,    705.22,    341.62
  198507,     63.24,    370.75,    446.50,    408.88,    375.48,    376.35,    394.23,    531.39,    390.17,    307.43,    511.71,    356.30,    403.61,    424.53,    366.17,    596.04,    455.42,    584.68,    253.72
  198508,     64.98,    374.26,    443.08,    403.85,    379.47,    377.84,    391.65,    524.47,    384.69,    312.48,    512.91,    358.33,    404.21,    425.07,    360.80,    586.73,    451.47,    567.57,    255.54
  198509,     64.04,    368.88,    440.54,    410.32,    373.36,    375.86,    389.03,    524.88,    391.52,    307.46,    504.76,    355.26,    403.73,    422.46,    358.26,    582.73,    456.77,    575.41,    260.28
  198510,     65.02,    350.01,    425.44,    394.80,    355.86,    355.18,    375.08,    506.83,    378.71,    294.97,    477.27,    332.22,    386.21,    406.22,    346.59,    568.60,    434.44,    551.88,    254.52
  198511,     68.75,    363.30,    449.41,    417.55,    368.81,    372.39,    393.56,    537.80,    401.75,    304.54,    497.10,    346.56,    407.35,    423.80,    365.59,    607.31,    456.44,    587.32,    268.41
  198512,     70.95,    396.61,    472.43,    437.78,    405.28,    388.36,    425.14,    557.33,    423.27,    334.12,    547.31,    370.41,    412.94,    457.68,    394.75,    630.04,    473.18,    625.37,    278.10
  198601,     78.02,    423.29,    492.23,    458.61,    433.46,    408.07,    446.74,    580.16,    441.52,    358.61,    582.85,    392.66,    429.09,    478.51,    416.93,    649.33,    500.07,    656.86,    287.28
  198602,     83.74,    430.46,    493.61,    467.72,    440.91,    409.91,    456.17,    579.27,    450.39,    363.27,    594.89,    399.18,    424.60,    483.08,    430.86,    638.80,    509.88,    669.42,    293.29
  198603,     89.30,    464.33,    533.69,    498.20,    475.76,    445.42,    494.48,    616.40,    480.69,    387.83,    650.31,    430.23,    466.19,    518.57,    471.69,    680.81,    541.04,    715.66,    312.70
  198604,     97.86,    495.79,    566.20,    520.20,    506.74,    477.27,    524.57,    648.62,    501.98,    411.67,    695.67,    463.28,    496.41,    547.61,    502.86,    720.16,    564.83,    758.26,    318.06
  198605,    104.69,    501.40,    556.98,    501.76,    513.65,    471.77,    518.76,    632.71,    484.87,    423.05,    693.30,    465.09,    480.99,    545.38,    493.40,    709.08,    542.92,    736.46,    304.55
  198606,    116.43,    528.17,    586.96,    528.43,    544.12,    493.86,    539.48,    668.86,    513.30,    447.53,    734.02,    480.88,    511.71,    568.86,    511.40,    757.67,    565.00,    791.32,    315.95
  198607,     52.30,    550.78,    520.94,    502.29,    542.59,    510.23,    488.17,    669.24,    450.57,    358.59,    955.15,    577.24,    433.94,    528.51,    443.56,    700.92,    635.42,    708.31,    286.79
  198608,     51.00,    509.45,    493.07,    494.38,    502.54,    474.18,    459.97,    650.04,    442.93,    331.58,    887.38,    531.74,    408.27,    497.70,    418.11,    671.52,    627.09,    694.85,    281.72
  198609,     54.48,    533.78,    532.72,    541.54,    524.87,    503.92,    487.84,    713.99,    489.64,    342.54,    934.30,    562.60,    436.61,    522.57,    449.39,    750.98,    674.49,    756.75,    316.77
  198610,     51.83,    484.04,    498.13,    502.09,    475.80,    460.04,    457.61,    657.57,    461.47,    306.98,    854.42,    510.77,    402.24,    486.39,    425.55,    705.93,    605.90,    695.08,    310.48
  198611,     54.50,    512.93,    524.24,    529.04,    501.78,    493.86,    478.15,    690.87,    486.68,    331.98,    881.62,    549.25,    430.47,    514.50,    437.50,    742.83,    636.19,    745.39,    321.14
  198612,     49.47,    524.04,    533.60,    539.02,    514.23,    502.54,    486.81,    700.33,    496.05,    337.67,    908.74,    555.78,    440.78,    519.21,    450.23,    751.00,    647.00,    755.41,    328.36
  198701,     54.68,    512.83,    523.45,    533.95,    501.64,    496.62,    470.87,    695.03,    492.90,    331.55,    883.83,    549.53,    435.52,    505.73,    431.86,    751.48,    636.50,    745.21,    330.06
  198702,     72.95,    588.27,    592.98,    593.28,    573.93,    576.23,    520.59,    780.93,    552.29,    379.22,   1014.33,    635.37,    507.84,    558.00,    478.69,    864.89,    694.72,    839.63,    366.06
  198703,     75.64,    633.31,    614.08,    594.37,    622.25,    611.45,    541.95,    785.59,    551.07,    415.01,   1091.13,    669.82,    543.49,    569.71,    510.87,    866.95,    701.77,    838.66,    364.26
  198704,     82.97,    647.38,    630.87,    611.39,    632.96,    630.66,    551.01,    802.33,    577.60,    420.44,   1111.75,    695.90,    556.12,    583.50,    515.10,    906.21,    694.94,    855.49,    395.28
  198705,     80.55,    635.44,    624.06,    602.51,    622.64,    619.25,    538.62,    796.05,    572.66,    407.36,   1106.15,    678.73,    551.42,    569.36,    504.72,    911.58,    676.59,    853.99,    388.09
  198706,     84.24,    644.57,    622.69,    603.93,    634.02,    617.74,    536.07,    801.93,    573.17,    414.37,   1125.89,    680.44,    546.94,    570.46,    498.13,    920.04,    680.57,    847.86,    393.18
  198707,     71.00,    591.43,    668.33,    469.38,    557.39,    719.82,    533.22,    833.35,    411.11,    434.63,    812.83,    723.10,    716.73,    556.38,    511.30,    955.73,    684.64,    587.27,    277.65
  198708,     79.39,    620.89,    693.22,    490.08,    586.58,    742.46,    563.16,    861.41,    429.12,    457.15,    855.91,    754.13,    731.43,    598.10,    530.25,    981.42,    715.38,    606.33,    294.28
  198709,     75.77,    651.38,    723.66,    503.64,    616.46,    776.60,    584.96,    895.86,    439.67,    477.06,    904.90,    785.62,    768.03,    626.40,    546.06,   1026.31,    738.12,    630.63,    295.93
  198710,     80.74,    640.52,    710.26,    495.68,    605.73,    753.88,    579.15,    884.45,    433.46,    460.81,    905.05,    773.31,    735.26,    620.20,    540.43,   1019.78,    721.86,    615.79,    296.54
  198711,     52.80,    486.78,    559.86,    396.22,    464.30,    568.28,    445.09,    731.98,    344.41,    358.27,    683.61,    571.99,    564.70,    472.54,    419.07,    854.31,    584.71,    497.58,    228.75
  198712,     50.27,    446.42,    518.81,    374.55,    424.70,    528.03,    413.59,    679.76,    324.66,    325.59,    630.17,    528.19,    527.88,    432.46,    395.63,    780.99,    556.47,    457.48,    223.98
  198801,     56.82,    490.93,    552.40,    394.85,    466.98,    575.02,    443.80,    705.78,    344.72,    357.65,    692.53,    580.70,    569.38,    462.12,    426.55,    813.13,    575.87,    485.88,    236.84
  198802,     55.13,    500.75,    584.14,    424.93,    475.76,    590.23,    468.34,    760.12,    372.59,    365.40,    703.24,    594.44,    586.05,    497.32,    441.25,    879.97,    613.94,    532.29,    249.99
  198803,     63.02,    533.54,    611.92,    440.51,    506.92,    628.84,    493.11,    780.76,    386.44,    389.46,    747.07,    632.94,    624.80,    526.75,    461.67,    901.20,    633.78,    552.79,    259.50
  198804,     68.61,    521.40,    598.92,    436.63,    492.47,    618.00,    485.44,    760.33,    388.16,    383.83,    713.92,    629.10,    606.95,    514.25,    458.61,    884.61,    610.90,    553.88,    261.20
  198805,     70.99,    522.04,    613.76,    444.37,    493.28,    627.62,    495.60,    775.10,    396.19,    382.87,    717.18,    629.11,    626.13,    520.85,    472.10,    905.89,    617.62,    565.92,    265.55
  198806,     69.86,    523.44,    615.34,    453.11,    493.96,    625.84,    493.85,    792.85,    403.08,    382.69,    719.63,    633.17,    618.54,    520.59,    468.70,    928.47,    630.55,    580.05,    270.00
  198807,     78.62,    556.52,    638.47,    311.72,    586.10,    606.24,    574.88,    568.85,    237.24,    494.75,    723.69,    467.10,    776.05,    584.98,    563.49,    639.13,    507.87,    324.12,    174.25
  198808,     82.36,    546.85,    637.16,    313.99,    578.30,    596.24,    573.48,    570.43,    239.79,    488.47,    714.51,    452.01,    773.29,    584.66,    560.99,    640.14,    509.51,    329.02,    175.57
  198809,     79.77,    531.95,    614.44,    309.78,    563.44,    570.24,    559.84,    556.13,    235.28,    477.45,    693.59,    437.75,    735.14,    568.04,    550.64,    614.21,    505.28,    322.32,    172.63
  198810,     82.59,    559.43,    639.78,    321.62,    594.38,    596.05,    580.91,    576.14,    245.06,    505.61,    728.66,    455.20,    770.70,    582.24,    579.41,    636.62,    522.93,    334.74,    180.37
  198811,     79.65,    568.08,    652.99,    329.62,    601.39,    614.19,    590.64,    587.65,    251.82,    507.56,    743.07,    468.30,    794.07,    587.45,    594.26,    646.82,    535.50,    341.01,    187.84
  198812,     76.52,    558.65,    641.87,    324.84,    592.68,    605.52,    577.61,    579.28,    246.78,    502.51,    726.87,    456.25,    789.65,    575.53,    580.00,    633.49,    531.41,    327.80,    187.84
  198901,     86.22,    569.72,    650.94,    327.29,    605.57,    615.84,    587.62,    582.36,    247.43,    523.61,    726.90,    463.05,    804.59,    590.47,    584.41,    633.50,    537.53,    328.37,    189.17
  198902,     99.77,    608.18,    694.46,    346.22,    652.63,    649.04,    624.10,    615.10,    265.49,    564.18,    782.81,    476.25,    861.66,    628.61,    618.98,    678.20,    559.89,    352.50,    203.03
  198903,    103.59,    598.12,    680.57,    343.05,    640.61,    635.67,    612.97,    607.89,    262.92,    558.17,    761.93,    472.10,    837.84,    611.13,    615.07,    669.56,    553.95,    349.17,    200.93
  198904,    105.91,    616.72,    694.53,    354.88,    659.41,    646.11,    631.52,    625.58,    271.65,    578.93,    778.27,    489.82,    838.71,    632.45,    630.45,    687.24,    572.15,    361.36,    207.06
  198905,    112.92,    654.72,    728.01,    369.91,    701.31,    678.10,    661.80,    655.94,    282.82,    615.33,    828.54,    516.58,    877.26,    651.94,    673.10,    722.63,    598.06,    377.37,    214.77
  198906,    117.47,    687.88,    743.30,    383.53,    735.67,    678.04,    691.88,    682.33,    294.17,    646.44,    867.19,    545.38,    841.58,    680.21,    705.27,    758.94,    616.31,    395.22,    221.97
  198907,    165.03,    623.43,    687.09,    414.18,    577.34,    735.76,    678.86,    672.64,    318.90,    527.91,    672.73,    750.33,    717.90,    754.48,    609.42,    669.85,    675.25,    491.08,    200.46
  198908,    181.40,    684.80,    731.35,    436.37,    631.12,    802.92,    717.26,    717.26,    335.31,    575.29,    739.30,    832.97,    766.02,    788.94,    651.09,    722.78,    712.08,    513.19,    212.53
  198909,    194.10,    696.75,    752.15,    447.56,    640.52,    825.73,    739.07,    731.31,    344.10,    581.29,    755.27,    852.50,    793.03,    810.73,    673.15,    734.48,    728.33,    528.09,    216.96
  198910,    191.63,    704.68,    745.83,    451.26,    652.41,    815.89,    735.55,    734.53,    346.66,    600.45,    752.81,    848.85,    775.57,    811.26,    665.70,    734.74,    734.33,    531.28,    218.82
  198911,    176.16,    695.87,    717.84,    440.01,    647.74,    789.89,    707.76,    709.17,    341.03,    598.62,    742.18,    829.31,    741.81,    787.64,    634.48,    712.89,    705.70,    525.23,    213.87
  198912,    186.17,    716.65,    727.55,    443.53,    664.58,    810.57,    717.98,    720.09,    342.42,    614.75,    761.71,    861.22,    749.13,    800.78,    642.27,    724.16,    716.27,    533.01,    211.15
  199001,    184.22,    733.62,    741.90,    456.17,    678.23,    819.50,    740.49,    748.91,    348.36,    631.38,    769.23,    887.00,    737.97,    825.63,    662.90,    749.43,    748.42,    538.54,    216.58
  199002,    166.71,    674.28,    693.13,    423.96,    619.85,    767.22,    686.86,    694.16,    326.74,    573.18,    709.62,    825.01,    697.66,    771.60,    609.43,    701.82,    686.99,    506.19,    201.79
  199003,    164.48,    682.59,    706.94,    434.50,    628.52,    783.47,    699.47,    704.17,    333.99,    579.65,    722.48,    831.54,    725.40,    784.20,    621.65,    702.50,    705.75,    519.51,    204.23
  199004,    171.69,    714.60,    721.75,    438.18,    658.41,    813.96,    708.46,    713.85,    337.73,    609.39,    752.18,    868.11,    747.99,    791.45,    632.27,    721.52,    706.69,    533.22,    201.18
  199005,    164.26,    711.55,    698.48,    418.48,    660.40,    799.66,    682.63,    683.92,    321.55,    615.51,    745.41,    850.02,    737.95,    766.43,    604.85,    689.16,    678.99,    510.82,    189.19
  199006,    176.78,    788.70,    759.10,    450.76,    736.63,    881.00,    737.01,    729.70,    348.29,    697.20,    811.26,    929.31,    821.77,    828.10,    652.28,    737.08,    722.83,    559.47,    200.77
  199007,    102.55,    849.37,    787.96,    290.94,    803.93,    867.43,    979.54,    497.78,    228.78,    748.81,    909.91,   1000.20,    739.11,   1057.94,    894.69,    497.82,    497.74,    402.59,    131.51
  199008,    102.22,    839.75,    785.56,    286.47,    794.77,    858.63,    988.97,    486.14,    224.02,    743.03,    893.89,    989.91,    732.44,   1085.81,    884.99,    481.00,    492.42,    395.66,    128.08
  199009,     87.98,    756.29,    717.94,    257.08,    720.29,    766.41,    910.55,    439.20,    200.13,    678.30,    800.79,    877.01,    660.42,   1000.12,    814.35,    434.89,    444.45,    356.16,    112.85
  199010,     81.49,    711.38,    686.08,    239.71,    681.76,    721.81,    877.09,    407.35,    185.18,    635.13,    771.02,    810.14,    636.27,    963.59,    784.16,    398.19,    418.53,    335.40,    101.99
  199011,     75.75,    713.53,    671.27,    239.37,    688.02,    706.07,    862.88,    404.57,    182.59,    639.73,    780.91,    798.49,    616.82,    960.33,    757.84,    387.60,    425.31,    332.32,     99.04
  199012,     84.27,    769.44,    714.91,    251.07,    739.93,    759.58,    916.31,    431.33,    191.06,    694.08,    828.21,    867.34,    655.52,   1016.43,    808.37,    418.92,    446.50,    349.92,    102.34
  199101,     92.29,    798.90,    732.03,    256.08,    767.14,    785.93,    937.02,    443.35,    194.26,    720.83,    855.73,    903.86,    671.75,   1048.11,    818.92,    432.26,    456.91,    358.21,    102.64
  199102,    101.42,    850.54,    761.46,    269.02,    816.05,    828.23,    966.28,    471.36,    203.73,    766.66,    910.53,    964.54,    696.28,   1060.86,    865.72,    463.60,    480.77,    371.71,    109.93
  199103,    114.83,    922.01,    811.44,    289.50,    889.19,    890.60,   1021.41,    503.55,    220.57,    835.57,    991.20,   1029.88,    755.05,   1120.93,    915.57,    496.02,    512.67,    398.60,    120.42
  199104,    124.31,    962.20,    830.00,    300.63,    935.72,    918.28,   1032.54,    519.74,    228.82,    883.41,   1034.47,   1049.29,    791.15,   1148.48,    909.21,    510.13,    531.33,    414.18,    123.71
  199105,    128.16,    963.14,    839.48,    303.49,    938.10,    919.69,   1042.51,    528.38,    230.12,    890.27,   1027.79,   1044.93,    798.15,   1166.51,    910.57,    521.47,    536.67,    417.01,    124.14
  199106,    133.04,   1013.13,    862.36,    318.69,    984.33,    960.91,   1065.13,    550.96,    243.28,    938.14,   1070.69,   1106.84,    819.33,   1184.96,    936.85,    545.75,    557.20,    429.67,    136.27
  199107,    123.85,    993.78,    827.21,    230.21,    980.88,   1254.41,    653.47,    495.28,    150.05,   1101.76,    781.72,   1033.45,   1509.27,    757.44,    554.19,    520.16,    473.04,    213.79,    101.41
  199108,    134.14,   1055.61,    861.53,    240.62,   1048.12,   1305.55,    683.57,    516.07,    156.69,   1193.26,    809.64,   1078.74,   1564.58,    792.77,    579.05,    541.96,    492.87,    224.20,    105.13
  199109,    139.87,   1093.17,    876.28,    247.14,   1093.08,   1314.42,    703.00,    526.94,    162.39,   1250.90,    834.94,   1093.47,   1566.74,    813.06,    598.52,    555.75,    501.16,    234.14,    107.22
  199110,    148.75,   1077.11,    880.62,    245.35,   1073.82,   1314.03,    702.98,    533.88,    159.34,   1234.30,    811.11,   1087.21,   1573.06,    807.47,    604.09,    566.03,    504.79,    230.33,    104.51
  199111,    152.26,   1098.48,    898.43,    250.53,   1097.66,   1328.59,    719.14,    549.01,    163.08,   1269.02,    818.05,   1100.99,   1588.60,    826.04,    618.84,    588.17,    513.57,    235.80,    106.59
  199112,    145.97,   1070.20,    857.54,    237.76,   1082.55,   1255.36,    684.29,    528.51,    153.11,   1269.38,    777.85,   1032.27,   1509.66,    784.63,    590.71,    570.87,    490.30,    220.37,    100.04
  199201,    171.68,   1231.58,    927.49,    261.89,   1255.06,   1375.55,    744.19,    571.92,    172.80,   1487.52,    876.20,   1159.80,   1620.92,    854.20,    641.31,    621.26,    527.19,    247.38,    113.52
  199202,    183.80,   1213.99,    923.49,    273.03,   1233.76,   1362.32,    740.59,    577.47,    186.84,   1449.27,    884.46,   1153.77,   1600.22,    848.13,    640.02,    631.85,    528.50,    258.74,    129.52
  199203,    194.77,   1224.19,    933.18,    293.05,   1242.47,   1367.59,    757.15,    598.48,    203.41,   1457.36,    897.30,   1168.76,   1595.86,    865.38,    655.39,    644.10,    557.53,    274.44,    146.43
  199204,    192.09,   1191.82,    925.18,    301.23,   1201.44,   1349.82,    756.19,    606.28,    208.87,   1409.48,    866.21,   1162.58,   1563.64,    874.30,    646.10,    642.89,    573.15,    269.12,    159.74
  199205,    181.39,   1195.57,    964.76,    309.01,   1195.65,   1408.79,    785.27,    621.64,    213.54,   1396.36,    873.51,   1195.31,   1651.39,    915.04,    665.73,    655.15,    591.07,    265.04,    171.46
  199206,    182.92,   1220.65,    968.38,    311.19,   1224.48,   1418.57,    789.09,    622.66,    216.07,   1438.85,    884.36,   1209.08,   1654.80,    911.29,    677.20,    657.51,    590.88,    268.19,    173.71
  199207,    111.76,    965.92,   1085.39,    328.48,    973.04,    915.90,   1272.91,    723.65,    244.02,   1124.67,    715.89,    943.69,    881.02,   1218.57,   1339.59,    880.88,    600.30,    302.75,    201.84
  199208,    118.64,   1011.10,   1133.84,    339.15,   1023.62,    957.70,   1322.08,    754.31,    249.00,   1185.44,    749.71,    971.95,    939.74,   1275.16,   1379.68,    914.05,    627.95,    313.09,    202.41
  199209,    114.09,   1000.76,   1109.72,    325.68,   1016.99,    928.96,   1305.63,    734.76,    235.38,   1180.46,    742.09,    950.06,    902.48,   1265.39,   1354.96,    889.75,    612.24,    303.23,    185.73
  199210,    126.67,   1018.84,   1123.23,    332.44,   1026.72,    963.86,   1318.99,    743.05,    239.49,   1181.93,    766.12,    994.11,    926.16,   1277.70,   1369.60,    891.66,    625.58,    310.90,    186.87
  199211,    136.12,   1050.34,   1119.51,    338.35,   1060.48,    983.42,   1298.23,    750.76,    245.06,   1219.86,    794.61,   1018.59,    939.53,   1266.39,   1337.43,    906.54,    628.91,    319.44,    190.46
  199212,    148.69,   1103.73,   1149.15,    355.95,   1111.75,   1034.72,   1323.00,    772.95,    262.90,   1274.55,    841.19,   1078.62,    980.07,   1302.11,   1348.50,    936.75,    644.48,    335.74,    208.96
  199301,    157.02,   1116.89,   1183.61,    372.39,   1115.13,   1074.96,   1355.95,    802.72,    276.20,   1272.61,    854.74,   1122.37,   1015.40,   1348.20,   1365.50,    973.07,    669.59,    350.10,    221.54
  199302,    165.95,   1110.32,   1203.64,    395.42,   1098.75,   1093.37,   1376.87,    829.44,    298.17,   1243.92,    859.40,   1146.42,   1026.90,   1359.01,   1399.04,   1002.26,    694.01,    370.64,    244.31
  199303,    162.45,   1081.55,   1246.97,    406.81,   1057.13,   1108.87,   1432.17,    859.36,    305.47,   1192.15,    834.90,   1157.68,   1047.67,   1403.81,   1467.53,   1043.66,    715.96,    380.92,    248.76
  199304,    179.24,   1106.48,   1292.58,    424.59,   1075.12,   1148.94,   1491.54,    882.35,    322.28,   1206.78,    858.78,   1204.40,   1079.32,   1461.48,   1528.93,   1072.18,    735.30,    390.61,    270.64
  199305,    182.07,   1054.25,   1279.88,    419.10,   1016.87,   1123.92,   1476.96,    868.83,    320.80,   1136.93,    819.26,   1170.64,   1065.09,   1451.87,   1508.18,   1064.19,    717.62,    384.01,    273.15
  199306,    194.15,   1100.97,   1311.05,    423.59,   1061.12,   1175.11,   1501.17,    880.22,    325.69,   1191.64,    846.94,   1224.84,   1112.27,   1476.62,   1531.62,   1089.82,    719.75,    390.56,    276.67
  199307,    184.37,   1099.26,   1089.20,    386.52,   1040.30,   1070.84,   1179.65,    959.10,    271.63,   1059.41,   1011.33,   1263.02,    826.25,   1372.48,    964.35,   1185.64,    740.64,    426.41,    160.06
  199308,    197.02,   1083.29,   1102.64,    393.51,   1015.35,   1079.53,   1191.68,    976.53,    275.16,   1029.10,    994.52,   1271.95,    834.35,   1386.14,    974.50,   1207.51,    755.06,    430.53,    163.90
  199309,    220.57,   1123.83,   1146.81,    409.99,   1057.46,   1114.49,   1238.36,   1017.39,    286.61,   1069.65,   1039.12,   1308.19,    868.07,   1438.22,   1015.09,   1258.16,    786.59,    451.01,    168.49
  199310,    229.69,   1123.51,   1162.57,    411.81,   1059.21,   1112.65,   1250.69,   1036.46,    288.28,   1074.04,   1036.89,   1301.93,    871.56,   1440.72,   1038.94,   1293.33,    789.56,    450.86,    171.29
  199311,    254.75,   1164.14,   1159.69,    410.32,   1108.41,   1127.85,   1239.45,   1032.45,    288.01,   1122.13,   1087.75,   1318.83,    884.32,   1430.15,   1027.50,   1289.78,    784.40,    448.31,    172.97
  199312,    239.45,   1160.18,   1130.10,    400.78,   1113.38,   1105.14,   1211.31,    995.45,    282.97,   1131.14,   1086.69,   1289.69,    868.55,   1396.37,   1004.45,   1241.35,    759.11,    442.56,    168.66
  199401,    253.19,   1185.84,   1158.49,    411.86,   1133.69,   1142.71,   1238.18,   1016.50,    290.73,   1146.84,   1113.92,   1330.00,    903.63,   1424.82,   1030.10,   1266.53,    777.58,    454.74,    173.10
  199402,    257.96,   1216.95,   1208.15,    421.10,   1155.56,   1197.58,   1280.12,   1051.79,    299.40,   1162.33,   1145.40,   1387.14,    955.95,   1475.16,   1063.23,   1329.29,    785.88,    472.40,    173.60
  199403,    253.81,   1202.43,   1180.60,    404.31,   1142.23,   1194.54,   1244.93,   1004.19,    288.52,   1148.87,   1132.29,   1369.47,    972.97,   1430.89,   1039.08,   1270.86,    749.40,    449.92,    170.93
  199404,    246.96,   1146.44,   1130.73,    391.38,   1085.27,   1141.20,   1204.16,    959.78,    279.65,   1092.53,   1074.44,   1315.81,    919.44,   1392.12,    996.64,   1205.48,    724.39,    439.85,    162.23
  199405,    239.78,   1155.53,   1146.73,    397.85,   1093.21,   1153.62,   1219.42,    978.32,    283.92,   1100.19,   1082.80,   1329.14,    932.57,   1422.02,    995.62,   1227.05,    738.02,    445.03,    166.33
  199406,    242.80,   1169.79,   1159.91,    399.62,   1101.39,   1168.07,   1245.38,    975.38,    289.96,   1109.10,   1089.89,   1359.03,    927.58,   1461.67,   1006.31,   1234.50,    725.81,    456.84,    168.17
  199407,    256.17,   1115.21,    870.86,    296.66,   1108.04,   1045.62,    902.99,    659.00,    192.76,   1031.69,   1232.03,   1139.34,    955.64,    816.57,    995.54,    699.32,    627.96,    310.71,    118.87
  199408,    267.14,   1149.47,    901.73,    307.17,   1144.84,   1076.41,    931.09,    688.09,    197.72,   1062.05,   1279.09,   1165.00,    991.18,    826.22,   1042.33,    729.06,    656.69,    320.07,    121.13
  199409,    282.67,   1210.01,    930.19,    320.33,   1210.84,   1119.16,    951.42,    714.02,    207.09,   1122.50,   1354.63,   1207.23,   1034.27,    840.67,   1069.22,    756.06,    681.87,    338.52,    124.85
  199410,    258.84,   1204.44,    907.31,    311.83,   1214.89,   1082.75,    933.29,    697.92,    200.79,   1144.15,   1329.82,   1169.50,    998.95,    817.34,   1055.75,    738.87,    666.36,    326.42,    121.72
  199411,    258.39,   1228.97,    933.29,    313.16,   1245.60,   1105.43,    956.24,    705.28,    201.35,   1176.51,   1357.83,   1173.68,   1038.94,    819.60,   1099.88,    754.36,    667.64,    327.38,    121.55
  199412,    244.66,   1187.65,    900.19,    299.39,   1215.43,   1045.80,    923.85,    672.74,    194.44,   1150.70,   1320.19,   1095.09,    997.99,    783.61,   1070.92,    728.36,    630.26,    317.47,    117.00
  199501,    256.60,   1208.61,    914.20,    304.22,   1239.03,   1062.16,    934.63,    683.56,    198.20,   1170.33,   1349.85,   1107.96,   1017.36,    796.92,   1077.97,    742.99,    637.95,    325.27,    118.67
  199502,    257.91,   1235.36,    935.17,    318.49,   1269.87,   1073.56,    961.67,    708.93,    207.30,   1192.55,   1394.78,   1121.88,   1026.09,    817.15,   1112.50,    765.44,    665.64,    343.27,    122.08
  199503,    274.27,   1291.53,    966.75,    335.75,   1328.24,   1123.06,    986.62,    736.09,    220.36,   1242.91,   1466.58,   1171.00,   1076.28,    840.79,   1138.08,    788.10,    696.11,    367.47,    128.56
  199504,    278.86,   1334.37,   1002.15,    341.18,   1370.02,   1170.16,   1026.54,    750.13,    224.47,   1285.40,   1507.12,   1216.96,   1124.39,    846.86,   1212.25,    799.59,    711.22,    372.84,    131.46
  199505,    289.20,   1362.90,   1034.28,    355.18,   1406.84,   1189.63,   1063.34,    770.91,    234.95,   1316.74,   1552.30,   1218.65,   1161.38,    859.05,   1275.03,    815.43,    735.90,    389.65,    138.27
  199506,    297.85,   1412.24,   1071.81,    373.50,   1461.29,   1225.67,   1101.98,    806.91,    247.09,   1367.41,   1613.13,   1251.70,   1200.39,    891.80,   1321.50,    849.24,    773.43,    410.73,    144.41
  199507,    260.35,   1446.17,    957.05,    330.23,   1480.26,   1162.08,   1071.98,    646.83,    235.67,   1435.65,   1547.78,   1331.80,    979.30,   1356.43,    770.76,    689.08,    611.38,    393.01,    133.85
  199508,    274.58,   1512.60,    992.31,    344.62,   1552.38,   1210.75,   1108.14,    673.79,    244.88,   1512.50,   1612.21,   1379.41,   1029.02,   1418.54,    778.71,    709.83,    643.30,    406.89,    140.43
  199509,    283.11,   1519.14,   1005.71,    359.62,   1556.87,   1226.02,   1116.07,    699.23,    255.79,   1519.37,   1613.22,   1392.46,   1046.59,   1418.84,    792.07,    731.39,    671.84,    423.20,    147.21
  199510,    293.51,   1589.76,   1041.50,    379.00,   1639.59,   1262.14,   1152.05,    730.04,    269.88,   1610.70,   1682.86,   1421.63,   1089.68,   1459.37,    823.74,    759.48,    705.15,    446.54,    154.97
  199511,    283.49,   1590.82,   1030.30,    370.62,   1639.71,   1247.62,   1156.58,    710.48,    263.84,   1622.58,   1665.42,   1426.39,   1054.28,   1473.38,    819.33,    735.84,    689.00,    434.60,    152.10
  199512,    296.41,   1650.01,   1081.29,    391.00,   1709.86,   1282.18,   1210.18,    751.87,    277.11,   1686.77,   1744.43,   1445.75,   1105.92,   1538.63,    861.06,    780.23,    728.02,    458.27,    159.22
  199601,    299.99,   1676.69,   1106.18,    397.52,   1741.44,   1292.61,   1242.74,    771.86,    276.84,   1700.30,   1803.07,   1454.19,   1120.10,   1573.93,    891.37,    795.46,    752.18,    451.17,    163.47
  199602,    303.47,   1734.27,   1136.58,    415.84,   1806.30,   1323.42,   1282.88,    794.80,    287.89,   1760.23,   1875.33,   1486.65,   1149.51,   1624.25,    919.04,    801.38,    789.37,    471.34,    168.70
  199603,    313.54,   1771.18,   1152.63,    429.60,   1837.58,   1364.40,   1299.79,    813.12,    296.21,   1810.31,   1878.19,   1542.90,   1175.55,   1646.42,    928.72,    807.06,    818.15,    486.16,    172.09
  199604,    320.80,   1788.95,   1178.43,    437.28,   1852.04,   1394.49,   1321.61,    834.26,    301.58,   1819.91,   1900.18,   1571.25,   1208.82,   1655.93,    959.80,    834.85,    833.77,    496.66,    174.47
  199605,    337.72,   1847.70,   1203.91,    437.71,   1906.87,   1456.82,   1340.36,    838.44,    304.88,   1875.44,   1953.93,   1644.62,   1259.06,   1695.59,    954.89,    853.32,    825.99,    520.55,    164.15
  199606,    350.00,   1923.76,   1222.27,    454.31,   1993.50,   1483.97,   1357.49,    865.83,    315.60,   1973.33,   2023.56,   1684.58,   1273.17,   1707.56,    975.04,    877.67,    856.00,    535.12,    170.55
  199607,    301.07,   1820.92,   1151.68,    360.67,   1947.49,   1455.43,   1102.36,    764.14,    243.65,   1850.35,   2104.24,   1395.59,   1514.06,   1265.58,    951.52,    852.83,    696.83,    396.94,    141.66
  199608,    274.99,   1707.59,   1106.70,    349.16,   1827.53,   1381.22,   1059.10,    741.53,    233.36,   1731.73,   1981.50,   1305.13,   1455.76,   1232.17,    901.33,    818.66,    682.66,    382.14,    134.81
  199609,    289.91,   1755.83,   1157.02,    362.99,   1874.49,   1436.98,   1111.84,    769.25,    243.17,   1768.27,   2045.21,   1358.00,   1514.67,   1278.05,    958.77,    853.46,    705.59,    394.81,    142.22
  199610,    304.45,   1877.06,   1207.03,    376.76,   2010.50,   1507.95,   1156.40,    797.64,    254.22,   1904.44,   2181.99,   1428.79,   1585.32,   1338.44,    988.52,    890.73,    726.77,    411.27,    150.15
  199611,    302.78,   1876.34,   1246.48,    392.63,   2010.36,   1521.21,   1200.97,    834.89,    263.39,   1882.11,   2217.92,   1426.24,   1614.02,   1371.35,   1044.25,    930.20,    762.25,    428.79,    153.52
  199612,    324.32,   2005.89,   1333.00,    421.05,   2147.87,   1621.15,   1286.72,    900.23,    280.47,   2009.49,   2372.03,   1529.11,   1711.10,   1477.56,   1111.61,   1004.98,    820.84,    454.69,    165.34
  199701,    339.64,   1978.17,   1322.30,    424.28,   2117.12,   1611.94,   1273.00,    894.52,    283.68,   1987.51,   2326.26,   1509.27,   1712.25,   1469.52,   1094.81,    988.79,    822.93,    460.61,    166.28
  199702,    352.80,   2104.04,   1383.64,    450.32,   2259.07,   1696.25,   1327.27,    949.45,    295.62,   2140.77,   2450.33,   1577.21,   1812.28,   1552.02,   1121.74,   1023.90,    892.13,    477.74,    174.91
  199703,    342.97,   2102.92,   1385.77,    465.63,   2263.24,   1677.18,   1332.63,    972.56,    306.79,   2142.16,   2458.35,   1559.58,   1792.04,   1547.76,   1136.51,   1046.19,    915.88,    495.66,    181.01
  199704,    341.88,   2003.58,   1358.22,    446.73,   2148.91,   1658.96,   1295.05,    928.71,    295.82,   2005.17,   2380.70,   1515.78,   1799.69,   1508.91,   1099.33,    999.63,    874.01,    478.38,    173.78
  199705,    356.88,   2126.79,   1411.04,    460.36,   2295.11,   1708.40,   1352.94,    970.81,    298.28,   2153.19,   2524.56,   1558.57,   1855.02,   1592.55,   1133.70,   1037.89,    919.40,    484.59,    173.67
  199706,    398.26,   2298.47,   1503.10,    487.29,   2472.86,   1846.64,   1441.18,   1022.86,    319.98,   2354.23,   2663.97,   1705.54,   1984.98,   1706.25,   1197.60,   1100.18,    963.35,    522.21,    184.06
  199707,    300.86,   2347.42,   1383.23,    366.28,   2458.61,   1895.44,   1372.53,    815.81,    276.05,   2585.34,   2271.82,   2039.22,   1756.11,   1456.99,   1279.92,   1008.41,    636.54,    392.85,    188.67
  199708,    324.51,   2540.92,   1506.01,    394.94,   2655.16,   2061.53,   1516.96,    867.05,    296.53,   2784.95,   2464.91,   2224.61,   1903.51,   1598.75,   1427.59,   1061.83,    687.48,    418.46,    203.89
  199709,    311.51,   2451.46,   1457.82,    394.59,   2538.15,   2019.71,   1475.47,    853.29,    295.37,   2657.02,   2364.39,   2212.08,   1832.04,   1565.31,   1377.83,   1029.19,    690.37,    414.41,    205.58
  199710,    334.61,   2595.26,   1558.94,    427.82,   2683.74,   2150.66,   1580.35,    912.32,    323.75,   2794.23,   2522.43,   2350.98,   1954.22,   1671.17,   1482.62,   1102.72,    736.07,    458.04,    223.27
  199711,    330.40,   2504.12,   1519.19,    417.57,   2592.49,   2074.18,   1537.94,    903.19,    313.38,   2712.11,   2417.57,   2259.78,   1891.23,   1626.68,   1442.77,   1092.05,    727.59,    441.13,    217.31
  199712,    336.21,   2625.77,   1563.44,    428.37,   2715.66,   2146.86,   1591.62,    939.88,    316.80,   2831.23,   2545.51,   2377.21,   1919.82,   1695.15,   1480.76,   1136.70,    757.59,    445.25,    221.05
  199801,    357.71,   2686.62,   1621.79,    447.49,   2783.97,   2190.88,   1654.52,    990.00,    326.82,   2882.08,   2638.03,   2417.69,   1967.77,   1767.90,   1533.52,   1196.36,    800.08,    462.83,    224.96
  199802,    376.91,   2762.44,   1601.18,    447.15,   2888.45,   2182.81,   1616.86,    985.89,    330.23,   3018.34,   2696.97,   2416.70,   1951.06,   1692.65,   1536.12,   1201.63,    787.49,    463.75,    229.98
  199803,    412.54,   2982.09,   1736.93,    479.09,   3115.72,   2363.11,   1769.54,   1057.18,    353.25,   3276.44,   2877.36,   2614.33,   2114.22,   1845.85,   1687.84,   1280.25,    849.52,    491.87,    249.51
  199804,    454.63,   3159.04,   1841.74,    521.28,   3315.96,   2472.69,   1871.91,   1148.20,    384.89,   3455.83,   3108.19,   2729.49,   2216.38,   1953.40,   1784.86,   1393.12,    919.94,    523.89,    279.68
  199805,    467.50,   3190.35,   1883.36,    525.68,   3357.25,   2516.56,   1894.19,   1158.12,    395.71,   3494.03,   3153.95,   2732.25,   2301.27,   1993.67,   1788.09,   1423.64,    908.02,    535.44,    291.27
  199806,    452.18,   3138.60,   1842.63,    523.08,   3292.83,   2464.41,   1864.08,   1151.76,    391.72,   3425.43,   3095.88,   2718.15,   2212.12,   1959.40,   1762.83,   1409.93,    909.70,    521.99,    294.09
  199807,    507.94,   3557.96,   1527.15,    466.10,   4091.98,   2336.91,   1331.13,   1016.19,    314.50,   4680.75,   3273.23,   2256.46,   2428.37,   1586.77,   1079.52,   1126.74,    910.34,    465.87,    198.64
  199808,    509.06,   3538.74,   1509.75,    445.35,   4089.57,   2316.82,   1290.26,    979.16,    303.78,   4598.95,   3374.29,   2188.30,   2462.58,   1519.48,   1065.10,   1107.93,    856.77,    448.71,    191.52
  199809,    416.37,   3067.32,   1233.39,    384.32,   3560.98,   1910.97,   1067.02,    834.18,    256.90,   4013.11,   2923.15,   1859.99,   1968.63,   1261.30,    876.21,    917.34,    754.90,    383.70,    158.86
  199810,    476.97,   3339.04,   1294.48,    409.93,   3900.07,   2013.88,   1087.13,    907.28,    276.10,   4409.31,   3188.24,   1966.72,   2067.06,   1323.31,    854.37,   1024.93,    795.36,    409.66,    171.58
  199811,    548.70,   3651.20,   1408.01,    431.95,   4268.39,   2207.09,   1128.87,   1019.84,    288.74,   4800.54,   3529.57,   2149.86,   2272.28,   1342.07,    919.94,   1208.58,    841.40,    425.69,    180.75
  199812,    568.25,   3938.39,   1452.75,    454.71,   4636.18,   2323.14,   1148.57,   1040.95,    307.21,   5175.44,   3888.90,   2245.80,   2410.92,   1397.36,    904.35,   1217.86,    872.83,    449.38,    193.29
  199901,    673.95,   4303.02,   1495.98,    476.51,   5091.64,   2417.61,   1191.65,   1071.70,    322.73,   5697.04,   4257.42,   2374.62,   2465.99,   1426.98,    960.68,   1246.93,    906.81,    463.97,    206.91
  199902,    736.80,   4557.86,   1513.43,    477.63,   5432.09,   2490.45,   1156.56,   1093.02,    327.39,   6089.40,   4531.77,   2427.15,   2562.21,   1349.39,    969.13,   1303.79,    894.77,    464.47,    213.59
  199903,    738.96,   4376.94,   1494.88,    471.93,   5212.60,   2451.53,   1133.37,   1072.49,    323.43,   5891.42,   4294.93,   2351.60,   2565.11,   1329.79,    941.76,   1275.35,    881.04,    456.47,    212.86
  199904,    617.11,   4605.56,   1565.59,    488.07,   5507.65,   2529.96,   1187.23,   1138.52,    327.89,   6321.22,   4415.80,   2415.04,   2659.99,   1408.73,    972.06,   1355.33,    932.97,    454.03,    223.18
  199905,    665.84,   4762.19,   1700.59,    529.54,   5655.18,   2758.83,   1293.34,   1224.04,    348.82,   6349.37,   4729.16,   2609.32,   2929.50,   1537.96,   1053.46,   1424.24,   1034.43,    483.41,    236.92
  199906,    721.72,   4673.04,   1686.11,    539.74,   5529.42,   2725.50,   1286.58,   1225.38,    364.80,   6180.74,   4658.96,   2601.61,   2867.45,   1503.80,   1071.08,   1435.78,   1026.98,    510.85,    243.07
  199907,    615.34,   5572.92,   1602.19,    255.92,   6633.28,   2741.68,   1386.92,    665.05,    206.98,   8828.87,   3933.44,   2915.57,   2573.59,   1702.06,   1096.88,   1049.69,    368.59,    281.88,    136.86
  199908,    615.84,   5456.03,   1564.13,    246.26,   6487.57,   2675.92,   1347.43,    646.09,    201.70,   8603.47,   3890.79,   2850.59,   2507.50,   1626.74,   1088.98,   1037.02,    348.11,    274.80,    133.24
  199909,    616.30,   5499.55,   1519.59,    240.80,   6560.15,   2619.75,   1308.48,    629.29,    196.00,   8893.55,   3737.97,   2808.11,   2439.31,   1579.33,   1058.19,   1002.11,    343.56,    266.41,    129.35
  199910,    649.84,   5462.35,   1448.83,    234.00,   6518.95,   2561.30,   1243.14,    591.88,    191.21,   8872.43,   3690.45,   2781.77,   2350.63,   1512.91,    995.75,    935.71,    331.11,    254.91,    130.55
  199911,    676.25,   5883.39,   1552.87,    239.13,   6999.77,   2818.03,   1302.81,    615.16,    194.75,   9620.80,   3870.98,   3047.10,   2599.25,   1572.55,   1057.49,    977.28,    339.69,    259.80,    132.83
  199912,    758.81,   6232.98,   1537.31,    246.00,   7437.90,   2882.91,   1283.98,    602.83,    201.53,  10207.45,   4124.79,   3161.87,   2614.98,   1544.48,   1046.36,    942.43,    346.11,    269.57,    136.39
  200001,    901.05,   6824.22,   1581.18,    261.45,   8239.99,   2961.66,   1299.31,    631.65,    211.43,  11331.04,   4536.55,   3215.10,   2718.85,   1560.64,   1059.51,    971.92,    373.49,    280.27,    144.32
  200002,    905.84,   6549.34,   1533.27,    255.12,   7914.62,   2863.63,   1238.16,    610.31,    204.97,  10801.44,   4458.11,   3059.28,   2676.64,   1482.15,   1013.98,    933.85,    366.67,    265.49,    145.93
  200003,   1076.34,   6774.64,   1495.57,    271.86,   8258.37,   2811.16,   1197.39,    606.61,    218.63,  11336.41,   4590.66,   2994.27,   2636.97,   1444.04,    972.79,    895.13,    389.67,    271.92,    166.79
  200004,   1211.58,   7416.41,   1631.77,    296.35,   9008.97,   3103.83,   1316.20,    665.83,    240.23,  12392.23,   4963.47,   3370.73,   2848.38,   1590.26,   1068.12,    989.92,    421.00,    302.92,    179.53
  200005,   1040.06,   7138.21,   1603.17,    285.18,   8667.67,   2976.53,   1316.29,    663.03,    230.36,  11807.34,   4895.16,   3245.35,   2719.35,   1574.35,   1081.12,   1006.42,    406.15,    299.93,    163.01
  200006,    922.72,   6909.30,   1609.61,    285.68,   8376.68,   2882.21,   1416.92,    653.88,    231.93,  11441.88,   4721.33,   3187.48,   2588.30,   1773.27,   1092.49,    989.39,    403.96,    303.57,    162.88
  200007,    869.66,   6082.90,   1184.49,    247.16,   6971.52,   2169.53,   1296.22,    566.27,    178.68,   8183.60,   4985.49,   2774.03,   1538.07,   1854.35,    757.81,    709.98,    423.37,    217.18,    134.09
  200008,    850.84,   5919.52,   1222.17,    256.37,   6762.13,   2174.79,   1352.95,    586.18,    183.29,   7794.17,   5069.73,   2775.07,   1553.33,   1928.22,    798.12,    731.07,    442.93,    226.79,    132.98
  200009,    941.20,   6424.58,   1310.53,    277.92,   7347.56,   2331.88,   1455.95,    633.19,    195.48,   8524.73,   5425.62,   2980.34,   1661.91,   2050.44,    878.90,    777.13,    490.36,    240.39,    143.18
  200010,    888.26,   6113.63,   1334.35,    284.35,   6977.14,   2298.88,   1466.37,    673.51,    198.12,   7952.42,   5386.72,   2910.31,   1657.91,   2046.47,    899.54,    842.24,    507.74,    242.46,    146.49
  200011,    771.02,   6037.69,   1334.53,    290.66,   6863.32,   2361.73,   1440.16,    670.88,    202.71,   7699.91,   5500.75,   2971.87,   1724.87,   1986.96,    907.29,    828.42,    517.06,    246.12,    151.54
  200012,    605.79,   5422.17,   1272.66,    293.33,   6118.88,   2246.04,   1342.39,    670.98,    205.61,   6718.42,   5141.89,   2808.69,   1661.22,   1822.87,    874.29,    830.75,    515.33,    251.54,    150.72
  200101,    634.47,   5490.52,   1387.90,    310.10,   6130.52,   2474.76,   1423.50,    745.18,    212.38,   6599.89,   5367.89,   3073.93,   1854.66,   1877.22,    982.75,    942.13,    554.13,    257.77,    157.08
  200102,    712.80,   5818.88,   1408.38,    318.77,   6486.87,   2610.31,   1459.10,    731.00,    227.31,   7059.00,   5558.61,   3300.48,   1897.48,   1956.32,    975.09,    921.59,    545.40,    271.13,    173.03
  200103,    595.41,   5187.20,   1401.60,    315.36,   5718.49,   2537.31,   1444.65,    740.70,    222.15,   6027.98,   5215.58,   3171.18,   1880.68,   1907.33,    996.68,    940.14,    546.12,    277.60,    153.45
  200104,    546.80,   4807.33,   1389.12,    313.02,   5246.72,   2502.66,   1438.39,    729.83,    220.92,   5409.20,   4983.01,   3120.61,   1865.45,   1890.89,   1001.49,    922.25,    540.98,    277.16,    150.47
  200105,    603.45,   5314.88,   1483.16,    336.06,   5844.87,   2687.62,   1510.13,    769.18,    242.83,   6144.27,   5363.85,   3296.92,   2054.26,   2018.79,   1027.91,    978.39,    564.30,    297.70,    173.89
  200106,    625.14,   5372.30,   1526.22,    360.16,   5900.28,   2754.00,   1551.83,    802.98,    262.88,   6158.09,   5487.89,   3369.44,   2112.38,   2071.03,   1060.97,   1010.18,    598.42,    320.06,    189.43
  200107,    535.14,   6307.80,   1712.95,    355.02,   7595.61,   2630.61,   1769.42,    803.56,    239.71,   8494.66,   6546.13,   2690.75,   2568.24,   1543.91,   1968.20,   1022.46,    629.92,    337.01,    121.60
  200108,    536.75,   6245.04,   1696.39,    342.54,   7503.03,   2622.20,   1751.48,    784.71,    229.41,   8389.91,   6460.37,   2692.68,   2550.03,   1521.99,   1954.02,   1005.10,    610.50,    322.53,    114.63
  200109,    516.87,   5904.63,   1634.59,    311.60,   7048.92,   2527.72,   1705.87,    724.98,    221.18,   7879.37,   6074.49,   2641.27,   2412.02,   1486.41,   1897.53,    975.29,    524.81,    309.40,    111.58
  200110,    462.54,   5429.52,   1465.78,    281.63,   6507.76,   2252.96,   1541.13,    640.22,    205.66,   7329.58,   5546.49,   2349.62,   2154.46,   1361.05,   1699.78,    863.74,    460.24,    295.16,     93.70
  200111,    484.44,   5631.46,   1499.49,    281.68,   6778.54,   2290.43,   1561.51,    659.94,    201.04,   7648.13,   5758.73,   2361.51,   2217.40,   1373.56,   1727.38,    896.98,    470.09,    278.06,    103.49
  200112,    557.74,   6114.83,   1604.47,    319.81,   7367.89,   2479.23,   1649.86,    734.95,    226.28,   8396.88,   6168.11,   2573.43,   2381.90,   1454.81,   1820.47,    983.16,    536.38,    311.12,    116.78
  200201,    611.94,   6216.68,   1670.37,    334.85,   7469.43,   2567.50,   1734.47,    765.01,    237.01,   8409.24,   6367.78,   2690.82,   2440.43,   1528.27,   1914.11,   1021.04,    560.60,    323.04,    125.80
  200202,    600.51,   6185.29,   1651.16,    338.22,   7435.18,   2521.21,   1735.76,    773.84,    232.98,   8346.06,   6365.81,   2682.20,   2355.75,   1534.86,   1911.13,   1011.74,    582.14,    313.87,    127.88
  200203,    581.58,   6047.40,   1655.97,    328.73,   7249.58,   2534.69,   1748.31,    759.61,    222.09,   8137.67,   6201.89,   2679.36,   2386.39,   1539.56,   1931.33,    983.93,    576.70,    298.30,    122.82
  200204,    616.79,   6305.79,   1763.20,    357.30,   7534.88,   2719.00,   1839.09,    830.56,    238.53,   8396.87,   6520.99,   2882.37,   2550.13,   1635.63,   2016.32,   1074.29,    632.61,    315.96,    137.37
  200205,    630.65,   5932.00,   1768.48,    352.65,   7034.44,   2682.79,   1869.72,    833.99,    228.03,   7839.61,   6095.08,   2852.44,   2509.32,   1671.12,   2043.09,   1070.37,    640.94,    292.70,    143.84
  200206,    620.97,   5863.22,   1768.31,    347.69,   6932.30,   2692.07,   1852.83,    834.55,    223.58,   7651.29,   6091.69,   2854.94,   2526.43,   1618.28,   2056.71,   1083.24,    632.02,    282.97,    145.30
  200207,    417.07,   5102.28,   1622.46,    441.09,   5685.27,   2705.16,   1752.33,   1002.83,    266.94,   7070.77,   4304.92,   3454.57,   2025.50,   2290.42,   1262.20,   1038.64,    967.63,    401.12,    136.86
  200208,    404.47,   4774.78,   1473.51,    382.12,   5373.67,   2427.87,   1605.10,    892.76,    227.26,   6786.90,   3971.00,   3094.76,   1821.60,   2140.07,   1114.16,    936.05,    850.03,    341.66,    115.59
  200209,    447.38,   4775.59,   1503.29,    404.13,   5390.07,   2428.95,   1635.92,    928.89,    240.20,   6866.80,   3932.77,   3061.85,   1852.35,   2184.30,   1134.27,    962.64,    895.57,    359.42,    122.52
  200210,    440.22,   4276.10,   1359.71,    371.96,   4827.99,   2158.69,   1501.59,    851.79,    219.22,   6220.41,   3451.35,   2744.23,   1623.95,   2012.92,   1032.77,    878.21,    825.88,    332.88,    107.21
  200211,    501.65,   4705.15,   1424.63,    398.71,   5336.61,   2294.77,   1576.35,    895.77,    238.49,   6887.65,   3803.26,   2953.17,   1693.75,   2166.88,   1038.15,    919.72,    872.35,    360.28,    116.88
  200212,    572.19,   4985.02,   1500.56,    417.65,   5647.66,   2425.85,   1668.18,    915.17,    265.28,   7270.89,   4052.24,   3145.53,   1770.81,   2254.82,   1135.14,    967.09,    864.40,    393.60,    134.23
  200301,    561.32,   4690.17,   1444.79,    396.17,   5305.23,   2286.94,   1616.97,    893.19,    250.07,   6779.99,   3847.46,   2986.43,   1650.43,   2177.46,   1110.82,    965.14,    822.52,    365.17,    131.97
  200302,    589.80,   4587.58,   1419.56,    386.71,   5180.78,   2237.47,   1599.86,    869.40,    243.58,   6605.70,   3764.13,   2930.14,   1611.02,   2161.56,   1088.71,    937.56,    802.31,    353.00,    131.09
  200303,    596.94,   4527.22,   1392.46,    374.07,   5121.76,   2187.12,   1569.26,    850.94,    234.85,   6587.00,   3659.36,   2863.51,   1577.21,   2123.36,   1065.28,    921.40,    780.96,    341.84,    124.48
  200304,    652.07,   4633.94,   1413.62,    377.31,   5266.12,   2195.28,   1602.99,    865.23,    234.09,   6897.69,   3647.36,   2874.23,   1581.87,   2159.93,   1098.39,    935.17,    795.77,    338.36,    127.48
  200305,    717.66,   5011.81,   1543.03,    423.65,   5690.87,   2396.69,   1754.14,    949.85,    265.04,   7508.16,   3877.18,   3134.63,   1726.66,   2345.33,   1212.87,   1016.14,    883.70,    386.90,    139.02
  200306,    796.58,   5264.55,   1673.97,    467.11,   5958.30,   2580.18,   1896.05,   1036.18,    294.10,   7718.73,   4201.35,   3350.56,   1877.21,   2512.41,   1330.37,   1104.91,    967.93,    423.13,    158.89
  200307,    731.53,   5485.81,   1887.06,    615.79,   6492.99,   3032.60,   1847.00,   1115.59,    363.67,   7421.35,   5343.59,   3201.44,   2877.86,   1897.09,   1801.90,    988.12,   1215.25,    567.79,    181.44
  200308,    789.92,   5641.50,   1949.25,    634.98,   6627.85,   3205.38,   1892.67,   1142.07,    381.02,   7548.20,   5491.52,   3419.58,   3007.65,   1935.26,   1854.42,   1022.08,   1236.13,    594.86,    187.58
  200309,    854.96,   5781.67,   1996.61,    674.34,   6778.78,   3281.93,   1953.98,   1193.00,    407.95,   7632.89,   5722.62,   3545.55,   3038.04,   2025.09,   1889.84,   1055.81,   1300.37,    632.14,    204.74
  200310,    876.30,   5744.00,   1985.73,    663.97,   6753.60,   3241.55,   1932.38,   1175.51,    406.93,   7621.34,   5680.60,   3473.75,   3026.76,   2007.66,   1864.18,   1066.54,   1260.75,    622.31,    209.70
  200311,    975.71,   6075.71,   2134.14,    720.66,   7052.54,   3533.88,   2086.16,   1274.36,    441.50,   7936.68,   5963.45,   3871.85,   3223.01,   2146.52,   2032.05,   1154.47,   1368.40,    667.39,    233.42
  200312,   1006.25,   6153.35,   2181.51,    752.57,   7123.68,   3594.27,   2150.22,   1301.89,    467.74,   7993.55,   6048.72,   3948.05,   3271.61,   2239.49,   2070.23,   1167.22,   1407.89,    702.53,    249.11
  200401,   1054.40,   6400.38,   2281.39,    789.19,   7421.57,   3745.45,   2235.66,   1356.64,    494.25,   8293.87,   6337.72,   4085.12,   3435.66,   2308.85,   2169.79,   1224.14,   1460.77,    736.19,    268.85
  200402,   1139.15,   6519.83,   2344.69,    831.96,   7573.28,   3773.90,   2323.19,   1402.49,    534.69,   8442.26,   6498.30,   4117.37,   3462.45,   2431.55,   2226.43,   1272.69,   1504.78,    793.80,    292.67
  200403,   1155.62,   6622.27,   2405.71,    857.99,   7700.82,   3835.46,   2389.52,   1430.52,    553.79,   8658.79,   6522.98,   4157.04,   3546.28,   2524.34,   2269.78,   1286.20,   1543.05,    824.90,    298.90
  200404,   1171.58,   6537.00,   2402.86,    863.50,   7585.53,   3830.83,   2383.36,   1436.06,    558.16,   8558.65,   6394.38,   4139.53,   3551.19,   2525.79,   2256.60,   1288.07,   1551.57,    830.54,    302.17
  200405,   1118.22,   6563.27,   2319.38,    839.08,   7658.82,   3793.15,   2210.09,   1414.75,    540.76,   8682.31,   6411.00,   4049.40,   3560.61,   2443.02,   2002.91,   1293.71,   1508.80,    806.83,    289.50
  200406,   1164.47,   6635.95,   2363.93,    853.74,   7718.18,   3874.04,   2252.04,   1432.87,    555.66,   8728.03,   6489.76,   4155.72,   3617.11,   2469.87,   2060.45,   1317.35,   1521.55,    820.81,    303.13
  200407,    880.53,   4943.73,   2585.43,   1109.63,   5368.18,   3905.49,   2115.11,   1765.38,    878.45,   5463.07,   5244.62,   3633.02,   4159.02,   2046.04,   2192.07,   1895.91,   1637.40,   1326.42,    515.39
  200408,    785.77,   4736.46,   2533.10,   1086.13,   5097.62,   3857.20,   2004.36,   1782.35,    862.72,   5124.95,   5061.86,   3618.04,   4080.17,   1869.06,   2156.10,   1978.44,   1591.54,   1314.16,    497.15
  200409,    788.32,   4733.46,   2574.96,   1092.81,   5092.22,   3891.37,   2031.07,   1804.86,    870.36,   5104.44,   5076.23,   3620.22,   4142.13,   1899.03,   2180.03,   2023.27,   1591.81,   1322.60,    501.75
  200410,    833.21,   4788.33,   2635.55,   1127.43,   5125.94,   3969.30,   2102.30,   1844.51,    906.22,   5131.45,   5118.72,   3739.72,   4181.57,   1962.84,   2259.85,   2075.43,   1620.39,   1377.57,    522.54
  200411,    840.49,   4881.84,   2669.09,   1129.41,   5218.42,   4025.25,   2161.81,   1862.34,    885.71,   5221.55,   5214.33,   3830.60,   4204.66,   2004.40,   2339.28,   2066.19,   1666.51,   1410.27,    451.95
  200412,    915.41,   5065.43,   2816.23,   1215.41,   5397.78,   4213.06,   2320.92,   1955.38,    961.02,   5385.10,   5414.41,   4023.39,   4386.89,   2106.94,   2563.60,   2149.95,   1769.93,   1519.05,    496.57
  200501,    991.64,   5250.86,   2910.92,   1269.93,   5614.82,   4314.15,   2368.27,   2080.55,    998.83,   5646.60,   5573.12,   4111.71,   4501.10,   2125.54,   2644.57,   2314.95,   1857.20,   1570.85,    519.53
  200502,    962.66,   5088.71,   2884.20,   1259.31,   5449.93,   4204.45,   2338.84,   2066.37,   1000.08,   5472.60,   5420.15,   3959.02,   4431.05,   2075.67,   2636.27,   2322.92,   1822.71,   1565.28,    522.85
  200503,    954.68,   5180.16,   2942.95,   1314.85,   5499.75,   4353.82,   2404.96,   2103.11,   1055.95,   5514.32,   5480.63,   4183.32,   4511.24,   2121.04,   2725.09,   2341.19,   1874.70,   1653.08,    554.25
  200504,    993.24,   5115.01,   2864.02,   1309.77,   5436.22,   4215.78,   2359.05,   2093.06,   1044.81,   5454.36,   5412.35,   4114.78,   4308.76,   2078.03,   2676.97,   2320.56,   1875.41,   1646.84,    534.28
  200505,    964.34,   5030.37,   2785.83,   1282.07,   5367.60,   4105.41,   2271.23,   2056.61,   1020.07,   5374.10,   5359.03,   3984.87,   4216.67,   2002.51,   2574.44,   2278.66,   1843.13,   1615.21,    515.97
  200506,   1038.89,   5235.77,   2887.70,   1347.93,   5607.56,   4235.67,   2352.65,   2133.66,   1078.57,   5622.54,   5587.91,   4079.68,   4378.80,   2072.48,   2670.79,   2350.78,   1924.45,   1696.65,    554.72
  200507,    692.89,   4773.48,   2977.07,   1498.47,   4886.84,   3864.84,   2794.41,   2575.32,   1249.34,   4318.21,   5578.79,   4476.21,   3237.07,   2651.97,   2942.93,   3095.78,   2099.36,   2066.09,    628.67
  200508,    756.98,   5029.41,   3075.70,   1562.23,   5158.51,   4027.33,   2892.52,   2665.99,   1304.10,   4560.04,   5890.51,   4692.52,   3339.21,   2719.81,   3073.56,   3191.75,   2184.04,   2142.17,    665.57
  200509,    782.96,   4955.11,   3064.91,   1577.42,   5094.46,   3945.27,   2917.22,   2685.51,   1298.99,   4506.18,   5811.20,   4593.58,   3274.56,   2837.10,   3001.46,   3159.08,   2249.32,   2143.11,    648.78
  200510,    827.02,   4981.45,   3115.03,   1608.81,   5089.01,   4005.35,   2985.45,   2725.63,   1331.27,   4530.44,   5772.60,   4702.11,   3284.39,   2910.21,   3064.19,   3213.79,   2277.40,   2199.76,    660.08
  200511,    782.88,   4944.03,   3058.74,   1574.76,   5095.44,   3888.75,   2919.01,   2679.83,   1313.18,   4538.27,   5774.62,   4550.31,   3205.69,   2809.06,   3034.38,   3209.22,   2202.13,   2167.25,    647.97
  200512,    866.76,   5155.63,   3187.77,   1627.82,   5310.21,   4057.98,   3046.35,   2783.81,   1354.34,   4720.03,   6026.24,   4754.56,   3336.90,   2945.08,   3152.13,   3337.64,   2282.87,   2227.83,    669.01
  200601,    885.76,   5142.19,   3216.76,   1639.75,   5298.63,   4066.23,   3070.36,   2800.47,   1371.69,   4708.39,   6016.76,   4736.22,   3372.54,   2977.82,   3167.54,   3369.45,   2278.91,   2249.49,    679.71
  200602,    945.45,   5280.90,   3340.99,   1704.15,   5430.39,   4208.04,   3185.69,   2934.48,   1410.18,   4809.27,   6183.02,   4893.39,   3498.27,   3074.50,   3302.78,   3512.31,   2403.62,   2273.48,    726.60
  200603,    974.98,   5292.22,   3397.25,   1699.78,   5465.12,   4210.20,   3209.79,   2980.63,   1414.83,   4829.39,   6238.24,   4846.75,   3549.24,   3057.24,   3370.55,   3644.40,   2370.83,   2287.88,    723.59
  200604,   1041.46,   5393.70,   3464.56,   1745.03,   5539.03,   4324.28,   3292.43,   3033.51,   1449.92,   4892.44,   6333.77,   5018.28,   3607.15,   3151.42,   3440.67,   3689.56,   2436.30,   2326.44,    749.07
  200605,   1012.70,   5396.47,   3507.90,   1811.72,   5507.63,   4397.67,   3297.29,   3103.80,   1528.43,   4871.50,   6285.72,   5108.59,   3668.52,   3102.61,   3503.11,   3799.04,   2475.05,   2483.22,    764.20
  200606,   1011.81,   5235.43,   3400.19,   1766.93,   5328.55,   4259.45,   3221.39,   3025.59,   1475.49,   4743.75,   6043.16,   4992.98,   3512.73,   3000.97,   3454.48,   3674.44,   2440.57,   2377.87,    746.65
  200607,    762.11,   5312.43,   3432.70,   1531.64,   5555.54,   3990.85,   3643.02,   2746.22,   1169.67,   4763.81,   6582.75,   4726.46,   3229.03,   3142.66,   4241.30,   3257.47,   2289.16,   1873.43,    492.14
  200608,    749.36,   5261.62,   3456.78,   1553.69,   5481.47,   3986.04,   3672.18,   2795.25,   1185.63,   4675.70,   6522.34,   4735.50,   3203.92,   3141.33,   4303.68,   3318.79,   2324.29,   1912.67,    488.95
  200609,    801.32,   5418.27,   3506.77,   1552.50,   5652.75,   4086.25,   3727.26,   2786.02,   1202.40,   4806.71,   6751.41,   4858.04,   3280.73,   3189.59,   4367.51,   3335.39,   2287.38,   1921.05,    510.99
  200610,    821.97,   5541.67,   3582.64,   1592.38,   5785.38,   4175.71,   3798.84,   2851.14,   1242.36,   4947.15,   6872.49,   4961.20,   3353.78,   3222.75,   4485.18,   3422.09,   2328.20,   1982.22,    526.11
  200611,    887.16,   5732.04,   3720.65,   1665.24,   6010.39,   4282.54,   3938.83,   2996.24,   1297.60,   5208.24,   7043.63,   5073.20,   3444.39,   3344.38,   4644.06,   3601.77,   2439.21,   2066.73,    548.28
  200612,    923.66,   5844.57,   3786.11,   1715.03,   6097.57,   4395.14,   3999.32,   3080.06,   1329.57,   5329.45,   7088.03,   5242.31,   3505.94,   3371.64,   4742.35,   3679.95,   2528.77,   2114.39,    565.13
  200701,    965.41,   5881.27,   3865.47,   1776.04,   6122.31,   4468.60,   4085.49,   3158.89,   1377.86,   5284.34,   7214.51,   5309.42,   3574.12,   3455.64,   4825.22,   3754.00,   2612.22,   2202.80,    583.40
  200702,   1024.26,   6033.94,   3963.21,   1792.16,   6330.06,   4540.76,   4049.22,   3291.58,   1414.70,   5452.42,   7484.38,   5336.32,   3687.45,   3538.97,   4647.99,   4074.87,   2581.48,   2253.03,    604.00
  200703,   1044.72,   5927.05,   3906.71,   1773.77,   6213.81,   4475.31,   3969.41,   3259.43,   1400.65,   5344.76,   7348.30,   5249.25,   3646.99,   3480.09,   4539.24,   4044.55,   2549.70,   2211.03,    611.88
  200704,   1015.65,   5985.23,   3981.48,   1781.06,   6280.28,   4500.15,   4074.68,   3299.17,   1409.53,   5430.96,   7390.27,   5289.06,   3648.73,   3565.71,   4664.70,   4133.69,   2546.74,   2210.59,    626.47
  200705,   1055.13,   6248.37,   4126.35,   1884.66,   6554.79,   4688.90,   4251.71,   3391.17,   1512.45,   5684.77,   7695.34,   5518.45,   3802.54,   3714.40,   4881.19,   4215.56,   2646.68,   2292.82,    735.68
  200706,   1115.14,   6478.12,   4284.87,   1945.74,   6772.96,   4883.53,   4446.57,   3484.87,   1560.53,   5900.58,   7910.09,   5767.13,   3948.81,   3879.71,   5105.74,   4323.34,   2729.85,   2366.42,    760.24
  200707,   1407.39,   6208.24,   3826.76,   2103.13,   6275.60,   4877.28,   4216.16,   2976.67,   1799.44,   5413.23,   7382.30,   6025.78,   3840.12,   4967.24,   3375.37,   3082.08,   2864.34,   2261.41,   1394.64
  200708,   1325.71,   6085.61,   3671.74,   1985.27,   6154.10,   4764.65,   4043.44,   2816.03,   1689.70,   5366.72,   7163.22,   5898.00,   3745.21,   4733.67,   3276.51,   2901.95,   2724.19,   2141.41,   1296.13
  200709,   1322.75,   6200.07,   3739.13,   1996.17,   6277.96,   4860.47,   4081.42,   2862.96,   1696.88,   5487.95,   7293.95,   5985.98,   3854.21,   4769.64,   3316.08,   2978.78,   2740.02,   2168.67,   1283.94
  200710,   1384.14,   6506.61,   3810.39,   2057.44,   6593.89,   5020.78,   4199.58,   2900.69,   1752.94,   5783.68,   7632.51,   6266.34,   3899.13,   4902.23,   3413.55,   2981.40,   2815.42,   2217.99,   1342.71
  200711,   1386.07,   6707.18,   3878.57,   2072.26,   6857.05,   5133.18,   4261.68,   2923.73,   1739.84,   6081.37,   7855.98,   6294.90,   4079.59,   4985.02,   3455.90,   2953.52,   2892.58,   2230.45,   1305.64
  200712,   1253.18,   6496.58,   3655.62,   1972.23,   6639.77,   4951.96,   4024.08,   2749.32,   1639.99,   5819.38,   7697.15,   6105.03,   3901.19,   4662.05,   3310.72,   2712.48,   2787.55,   2111.00,   1220.01
  200801,   1199.72,   6496.91,   3628.33,   1979.91,   6661.92,   4925.19,   3982.39,   2719.58,   1662.18,   5875.63,   7664.24,   6048.27,   3899.24,   4628.23,   3265.62,   2681.90,   2758.60,   2112.35,   1253.20
  200802,   1146.51,   6032.90,   3442.69,   1898.38,   6121.61,   4650.40,   3794.39,   2634.38,   1581.48,   5341.48,   7112.22,   5789.35,   3616.69,   4473.63,   3048.22,   2597.42,   2672.45,   2036.81,   1165.16
  200803,   1113.95,   5887.22,   3319.14,   1824.94,   5982.47,   4546.98,   3654.74,   2515.99,   1504.80,   5092.97,   7101.52,   5626.93,   3569.74,   4259.54,   2988.24,   2425.58,   2609.39,   1961.48,   1088.46
  200804,   1078.37,   5840.62,   3254.65,   1813.71,   5854.50,   4630.67,   3568.19,   2439.95,   1517.74,   5143.33,   6747.87,   5802.49,   3571.22,   4159.74,   2917.31,   2348.81,   2534.37,   1955.54,   1115.31
  200805,   1171.19,   6088.36,   3456.12,   1912.40,   6172.68,   4735.06,   3826.41,   2572.49,   1602.77,   5408.59,   7130.18,   5857.95,   3720.14,   4473.52,   3119.94,   2483.57,   2663.63,   2094.80,   1152.91
  200806,   1209.65,   6262.69,   3508.15,   1961.15,   6395.04,   4806.03,   3894.56,   2577.37,   1657.53,   5609.73,   7383.64,   5903.57,   3811.57,   4459.42,   3281.10,   2465.84,   2691.71,   2133.18,   1215.00
  200807,    675.88,   6397.10,   3259.99,   1029.28,   6260.57,   5259.43,   3599.77,   1925.89,    702.79,   5279.11,   7629.39,   6769.73,   3789.34,   4096.41,   3147.34,   2057.26,   1817.43,    950.72,    387.58
  200808,    686.23,   6368.36,   3168.63,   1106.59,   6216.06,   5223.67,   3509.52,   1976.71,    740.72,   5251.54,   7551.95,   6781.28,   3693.95,   4077.84,   2987.69,   1971.44,   1981.08,   1004.90,    401.65
  200809,    733.61,   6484.47,   3230.73,   1129.55,   6313.24,   5325.90,   3589.68,   2033.95,    750.01,   5348.73,   7646.91,   6945.96,   3730.17,   4183.21,   3047.84,   2022.34,   2043.68,   1005.83,    418.95
  200810,    649.98,   5845.75,   2927.85,   1106.39,   5675.46,   4821.54,   3344.05,   1863.92,    725.38,   4740.37,   6964.37,   6304.02,   3356.97,   3875.48,   2853.82,   1667.02,   2029.59,    997.49,    371.26
  200811,    500.22,   4909.40,   2415.96,    881.01,   4742.86,   4057.43,   2818.53,   1420.81,    599.72,   3987.17,   5788.88,   5357.77,   2776.79,   3331.11,   2350.17,   1252.46,   1563.35,    833.97,    290.84
  200812,    471.38,   4551.71,   2254.13,    740.70,   4361.50,   3824.56,   2633.11,   1227.75,    507.16,   3509.68,   5547.96,   5066.22,   2613.00,   3196.89,   2115.16,   1139.58,   1302.56,    700.62,    248.46
  200901,    486.16,   4653.47,   2289.49,    757.39,   4464.99,   3904.76,   2666.82,   1228.17,    533.72,   3583.23,   5692.64,   5163.52,   2680.44,   3292.78,   2092.03,   1146.69,   1297.74,    734.52,    263.42
  200902,    411.92,   4423.09,   2075.20,    611.33,   4322.17,   3564.49,   2406.75,   1027.83,    433.44,   3468.98,   5509.54,   4695.46,   2467.89,   2930.68,   1925.64,   1014.94,   1038.79,    612.45,    188.63
  200903,    371.41,   4053.81,   1825.45,    511.27,   3987.05,   3205.47,   2115.29,    847.69,    377.43,   3298.36,   4935.92,   4233.52,   2205.71,   2600.96,   1668.32,    866.68,    831.50,    536.62,    157.65
  200904,    423.25,   4317.99,   2002.69,    574.54,   4217.87,   3482.10,   2329.31,    955.65,    411.19,   3415.73,   5319.41,   4587.09,   2400.98,   2856.40,   1840.18,    948.36,    961.82,    573.02,    184.47
  200905,    493.70,   4679.42,   2253.90,    682.23,   4564.18,   3779.36,   2653.02,   1114.37,    495.35,   3760.12,   5670.03,   4989.65,   2595.38,   3255.98,   2093.72,   1101.22,   1125.53,    680.17,    236.13
  200906,    515.87,   4907.06,   2415.51,    731.20,   4805.52,   3982.81,   2818.63,   1195.76,    533.16,   4012.62,   5882.70,   5178.50,   2809.46,   3458.97,   2226.59,   1194.33,   1196.96,    724.49,    262.82
  200907,   1066.70,   5558.37,   2461.59,    744.40,   6146.80,   4060.61,   2177.08,   1343.13,    539.38,   6057.53,   6236.80,   4036.73,   4081.96,   2456.30,   1925.38,   1410.31,   1292.63,    745.87,    398.34
  200908,   1140.82,   5949.73,   2676.44,    844.56,   6544.26,   4431.21,   2362.81,   1486.78,    617.23,   6424.16,   6665.01,   4407.74,   4452.11,   2682.30,   2074.91,   1532.13,   1452.42,    841.44,    463.37
  200909,   1266.67,   6042.74,   2787.04,    952.55,   6616.73,   4597.16,   2444.61,   1585.75,    728.81,   6463.05,   6771.67,   4556.05,   4633.98,   2745.32,   2172.87,   1639.23,   1545.37,    914.87,    600.60
  200910,   1339.05,   6265.44,   2923.94,   1047.12,   6884.58,   4776.93,   2540.22,   1675.69,    829.67,   6734.74,   7036.90,   4662.69,   4878.88,   2852.72,   2257.91,   1752.93,   1617.38,    995.43,    713.91
  200911,   1261.27,   6195.46,   2837.33,    978.07,   6780.90,   4712.31,   2474.33,   1600.93,    758.15,   6742.47,   6819.75,   4677.50,   4743.24,   2820.27,   2162.98,   1668.05,   1550.31,    939.70,    630.59
  200912,   1404.39,   6590.26,   2973.59,   1020.00,   7236.08,   4965.02,   2561.33,   1661.20,    806.54,   7192.54,   7280.11,   4924.95,   5000.75,   2915.23,   2240.98,   1778.86,   1572.44,    987.38,    679.19
  201001,   1564.53,   6747.55,   3099.98,   1049.24,   7373.15,   5138.06,   2701.58,   1732.71,    818.92,   7384.71,   7361.44,   5135.33,   5140.50,   3022.53,   2410.24,   1851.68,   1642.89,   1019.62,    675.90
  201002,   1623.33,   6482.96,   3040.72,   1022.76,   7082.06,   4977.32,   2664.28,   1656.28,    823.77,   7108.49,   7055.34,   4934.37,   5015.45,   3007.07,   2351.29,   1823.30,   1530.18,    994.77,    701.12
  201003,   1702.00,   6647.10,   3144.94,   1105.08,   7273.76,   5067.47,   2788.82,   1735.07,    905.46,   7302.61,   7244.76,   5020.06,   5109.53,   3167.58,   2445.30,   1901.88,   1609.12,   1041.80,    806.41
  201004,   1898.01,   7007.99,   3393.23,   1216.80,   7682.85,   5404.57,   3012.32,   1854.84,   1016.54,   7707.84,   7657.78,   5256.83,   5535.99,   3371.04,   2687.07,   2028.26,   1723.02,   1154.19,    915.40
  201005,   1972.20,   7068.96,   3512.58,   1270.43,   7731.56,   5578.93,   3099.78,   1909.17,   1069.35,   7751.76,   7711.32,   5343.27,   5789.17,   3437.86,   2792.43,   2081.46,   1777.75,   1194.49,    977.36
  201006,   1796.46,   6554.16,   3224.76,   1169.87,   7174.69,   5163.00,   2831.38,   1751.66,    984.61,   7131.83,   7217.67,   4930.72,   5370.74,   3155.48,   2535.87,   1905.25,   1634.22,   1100.64,    898.30
  201007,   1002.89,   5394.49,   3047.19,   1286.41,   5466.81,   4087.89,   3362.38,   2491.25,    920.00,   5583.96,   5344.68,   5191.25,   3017.74,   3206.55,   3520.40,   2514.63,   2468.31,   1137.40,    791.52
  201008,   1198.35,   5771.38,   3284.63,   1368.85,   5872.67,   4336.49,   3620.84,   2678.03,    983.45,   6001.27,   5738.22,   5485.50,   3214.84,   3402.39,   3840.84,   2751.97,   2605.45,   1223.55,    841.29
  201009,   1119.91,   5527.20,   3145.57,   1275.89,   5629.62,   4143.39,   3517.49,   2502.72,    902.88,   5792.59,   5459.66,   5234.40,   3089.62,   3236.15,   3802.83,   2533.24,   2472.96,   1146.88,    757.75
  201010,   1247.15,   6107.40,   3449.67,   1378.69,   6255.89,   4519.25,   3836.49,   2725.87,    983.99,   6456.93,   6047.71,   5686.58,   3391.75,   3535.47,   4138.59,   2812.17,   2641.96,   1242.78,    829.27
  201011,   1403.68,   6413.56,   3594.13,   1404.00,   6593.21,   4700.41,   4000.85,   2818.40,    997.44,   6836.79,   6340.90,   5905.94,   3536.31,   3712.48,   4289.23,   2922.34,   2716.41,   1295.22,    819.05
  201012,   1484.73,   6486.33,   3620.69,   1430.93,   6633.92,   4813.30,   3982.78,   2868.96,   1022.86,   6897.39,   6360.19,   6072.53,   3601.67,   3705.71,   4259.86,   2986.50,   2753.28,   1280.15,    866.54
  201101,   1637.51,   6820.40,   3924.79,   1600.03,   6967.70,   5110.59,   4300.17,   3140.73,   1171.94,   7264.85,   6660.52,   6405.51,   3873.53,   3952.51,   4651.62,   3301.27,   2981.73,   1403.42,   1031.65
  201102,   1608.62,   6975.17,   4014.80,   1673.59,   7097.83,   5263.79,   4367.88,   3244.68,   1243.03,   7360.07,   6826.69,   6631.46,   3957.23,   3968.62,   4774.47,   3437.96,   3053.89,   1426.50,   1130.03
  201103,   1682.42,   7149.64,   4219.39,   1751.41,   7282.02,   5468.94,   4601.62,   3382.64,   1292.68,   7595.21,   6960.65,   6780.14,   4203.27,   4145.86,   5065.82,   3551.61,   3216.39,   1509.10,   1158.44
  201104,   1732.94,   7197.23,   4299.25,   1739.24,   7374.39,   5479.66,   4705.59,   3382.91,   1279.36,   7744.46,   6992.61,   6706.55,   4295.37,   4221.77,   5194.79,   3567.50,   3203.70,   1508.28,   1136.57
  201105,   1766.93,   7476.97,   4429.06,   1780.06,   7672.64,   5687.70,   4850.92,   3460.02,   1298.46,   8092.68,   7243.73,   6937.81,   4472.56,   4402.71,   5300.80,   3624.43,   3301.48,   1567.63,   1131.86
  201106,   1789.51,   7418.63,   4374.87,   1741.61,   7634.87,   5609.53,   4815.54,   3365.70,   1275.90,   8102.57,   7156.00,   6822.98,   4421.80,   4383.24,   5247.85,   3535.00,   3202.46,   1572.98,   1092.96
  201107,   1835.53,   6280.04,   4582.33,   2048.17,   6074.52,   6524.38,   3971.42,   3601.98,   1673.83,   6410.84,   5656.44,   6861.52,   6202.92,   3691.74,   4237.10,   4044.91,   3207.20,   2631.16,   1056.16
  201108,   1761.50,   6212.77,   4449.96,   1966.00,   6023.75,   6368.87,   3887.93,   3481.51,   1589.94,   6480.40,   5457.04,   6745.58,   6008.48,   3606.62,   4154.13,   3878.23,   3129.43,   2505.80,    999.66
  201109,   1613.70,   5937.97,   4125.47,   1801.50,   5729.44,   6011.59,   3584.21,   3307.46,   1422.10,   6202.49,   5140.76,   6529.17,   5519.89,   3376.22,   3781.03,   3685.82,   2971.81,   2284.77,    867.63
  201110,   1486.86,   5541.61,   3798.67,   1618.92,   5338.29,   5593.36,   3264.92,   3092.35,   1240.78,   5866.68,   4683.32,   6117.21,   5097.46,   3137.04,   3385.89,   3439.68,   2785.44,   2024.48,    734.53
  201111,   1700.06,   6095.72,   4267.22,   1835.27,   5867.75,   6257.93,   3702.76,   3388.02,   1428.26,   6388.00,   5222.86,   6748.00,   5795.81,   3538.87,   3856.59,   3724.83,   3088.51,   2328.60,    851.32
  201112,   1697.47,   6072.37,   4288.48,   1783.41,   5820.06,   6301.58,   3688.98,   3426.17,   1350.80,   6336.12,   5176.79,   6795.07,   5834.77,   3546.26,   3823.40,   3790.05,   3107.34,   2210.70,    793.71
  201201,   1735.39,   6083.20,   4347.96,   1820.19,   5790.30,   6364.60,   3753.14,   3525.80,   1371.21,   6312.32,   5140.35,   6919.90,   5839.42,   3560.82,   3932.88,   3900.34,   3194.48,   2261.45,    793.09
  201202,   1899.50,   6421.44,   4511.99,   1946.04,   6225.07,   6555.15,   3898.05,   3614.88,   1499.92,   6811.85,   5495.73,   6980.30,   6151.69,   3679.26,   4104.77,   3942.05,   3320.74,   2417.29,    900.10
  201203,   1996.94,   6747.30,   4654.62,   2060.95,   6574.58,   6776.37,   4027.25,   3751.38,   1602.26,   7305.15,   5669.16,   7237.40,   6339.03,   3761.29,   4277.56,   4070.64,   3465.40,   2553.42,    979.32
  201204,   2070.15,   7012.00,   4725.88,   2171.96,   6852.24,   6914.46,   4087.83,   3873.91,   1701.32,   7656.10,   5852.60,   7465.21,   6393.90,   3832.19,   4329.32,   4175.50,   3603.86,   2688.95,   1049.95
  201205,   2048.78,   6978.94,   4725.82,   2126.09,   6836.50,   6888.49,   4057.36,   3896.38,   1639.54,   7651.51,   5825.33,   7385.47,   6418.92,   3803.27,   4298.24,   4208.45,   3616.24,   2629.86,    988.77
  201206,   1884.24,   6577.83,   4425.12,   1966.81,   6401.71,   6499.47,   3815.27,   3728.09,   1469.45,   7194.87,   5419.36,   7080.41,   5946.87,   3557.32,   4062.55,   3987.58,   3493.60,   2367.95,    874.76
  201207,   1844.48,   7836.73,   4130.10,   1671.95,   7941.48,   6326.12,   4575.22,   2740.03,   1284.67,   8035.53,   7839.50,   7563.05,   4990.43,   4456.49,   4696.28,   2545.41,   2914.64,   1134.49,   1390.58
  201208,   1837.10,   7933.66,   4191.50,   1669.29,   8005.16,   6477.11,   4587.21,   2799.43,   1269.22,   8104.82,   7897.08,   7745.38,   5111.65,   4444.73,   4734.20,   2635.15,   2945.74,   1105.75,   1385.79
  201209,   1874.36,   8106.21,   4291.12,   1743.10,   8166.99,   6678.98,   4680.23,   2848.91,   1343.69,   8303.51,   8017.67,   7945.64,   5309.22,   4598.27,   4764.79,   2659.00,   3017.92,   1154.43,   1478.93
  201210,   1897.34,   8281.17,   4429.44,   1830.20,   8332.32,   6876.95,   4836.95,   2936.69,   1421.06,   8488.56,   8161.87,   8145.76,   5499.09,   4728.35,   4948.13,   2727.47,   3123.46,   1193.94,   1584.95
  201211,   1883.69,   8094.63,   4334.78,   1859.57,   8088.49,   6815.20,   4696.36,   2931.79,   1459.65,   8120.82,   8053.29,   8110.91,   5412.79,   4603.65,   4790.92,   2718.23,   3124.27,   1183.02,   1660.75
  201212,   1913.54,   8155.66,   4351.39,   1861.40,   8179.15,   6832.40,   4701.07,   2933.04,   1456.10,   8207.46,   8148.25,   8093.54,   5467.41,   4641.98,   4760.87,   2712.70,   3130.21,   1193.57,   1647.12
  201301,   1932.98,   8178.89,   4421.10,   1969.21,   8180.75,   6894.41,   4799.84,   3012.03,   1562.17,   8088.57,   8282.59,   8173.99,   5503.57,   4791.05,   4808.66,   2765.35,   3233.40,   1239.01,   1800.19
  201302,   2138.83,   8506.23,   4675.44,   2118.95,   8443.04,   7315.12,   5049.04,   3221.92,   1687.11,   8280.25,   8623.39,   8672.94,   5838.75,   5057.62,   5040.49,   2962.65,   3454.59,   1322.34,   1957.73
  201303,   2119.36,   8611.72,   4728.27,   2152.86,   8532.49,   7402.55,   5116.71,   3274.16,   1717.83,   8326.43,   8761.50,   8820.70,   5847.70,   5130.35,   5103.18,   3035.87,   3487.25,   1346.54,   1994.93
  201304,   2319.91,   8970.83,   4935.01,   2250.53,   8912.55,   7701.59,   5309.11,   3455.87,   1790.66,   8693.20,   9155.78,   9123.91,   6123.17,   5334.03,   5284.29,   3214.81,   3673.46,   1412.86,   2072.27
  201305,   2454.25,   9139.64,   5001.40,   2308.78,   9113.51,   7786.51,   5388.01,   3513.80,   1840.09,   8816.12,   9445.32,   9207.88,   6202.71,   5445.64,   5329.90,   3249.41,   3753.13,   1435.96,   2145.64
  201306,   2578.35,   9325.06,   5107.40,   2474.82,   9269.04,   8011.45,   5495.82,   3658.49,   1981.02,   8906.90,   9675.50,   9470.94,   6371.77,   5593.25,   5398.00,   3296.65,   3983.66,   1491.79,   2348.40
  201307,   2897.78,   8217.90,   5739.36,   2352.24,   7528.29,   9347.38,   5173.25,   3887.24,   1997.03,   6614.25,   8699.67,   9941.93,   8674.04,   6009.72,   4390.24,   4265.59,   3511.42,   2362.91,   1723.26
  201308,   3128.02,   8677.08,   6017.95,   2513.60,   8009.54,   9744.27,   5432.25,   4105.18,   2149.90,   7032.30,   9262.81,  10341.21,   9057.18,   6274.35,   4644.17,   4522.52,   3692.01,   2516.53,   1873.27
  201309,   3036.95,   8520.25,   5812.70,   2410.68,   7889.18,   9440.30,   5258.21,   3951.84,   2063.97,   6885.69,   9169.60,  10088.98,   8693.65,   6070.69,   4501.12,   4383.49,   3525.95,   2397.95,   1810.89
  201310,   3214.43,   8885.11,   6001.23,   2491.22,   8261.86,   9745.58,   5425.85,   4078.45,   2137.60,   7291.76,   9504.61,  10433.24,   8956.87,   6274.49,   4635.06,   4546.21,   3616.91,   2486.00,   1874.38
  201311,   3346.47,   9259.36,   6272.58,   2588.05,   8617.70,  10214.07,   5631.94,   4236.29,   2223.88,   7549.30,   9983.84,  10857.78,   9475.00,   6430.66,   4887.88,   4737.85,   3741.44,   2590.68,   1946.23
  201312,   3406.32,   9577.21,   6399.44,   2728.80,   8887.96,  10536.45,   5727.94,   4329.18,   2382.41,   7768.55,  10328.79,  11295.38,   9668.21,   6469.09,   5034.88,   4839.79,   3825.49,   2736.68,   2113.53
  201401,   3509.29,   9783.48,   6648.64,   2789.72,   9127.31,  10837.82,   5923.04,   4442.47,   2436.82,   7961.71,  10632.56,  11422.73,  10165.54,   6676.41,   5216.03,   4981.25,   3911.05,   2811.47,   2150.87
  201402,   3460.84,   9498.39,   6432.35,   2689.77,   8841.23,  10554.72,   5742.73,   4264.20,   2344.91,   7743.33,  10264.84,  11132.99,   9887.31,   6538.03,   4990.76,   4750.47,   3784.60,   2698.32,   2074.30
  201403,   3681.90,  10042.83,   6743.70,   2798.77,   9398.53,  11080.21,   5957.38,   4488.35,   2429.75,   8166.00,  10993.80,  11644.24,  10431.57,   6731.08,   5217.32,   5009.90,   3972.20,   2785.92,   2155.25
  201404,   3617.69,   9940.15,   6798.26,   2915.95,   9202.72,  11097.94,   6051.30,   4648.97,   2518.24,   7899.42,  10890.89,  11767.69,  10327.72,   6854.98,   5282.55,   5117.55,   4185.29,   2910.62,   2216.76
  201405,   3631.47,   9909.89,   6675.41,   2897.81,   9189.28,  10745.24,   6090.52,   4725.06,   2470.03,   7742.39,  11063.45,  11695.75,   9652.16,   6909.81,   5313.33,   5175.16,   4273.37,   2861.29,   2171.27
  201406,   3751.23,  10127.45,   6773.92,   2946.29,   9436.48,  10890.79,   6195.32,   4788.88,   2511.44,   7907.76,  11416.64,  11852.35,   9788.42,   7074.99,   5367.81,   5237.40,   4337.18,   2913.75,   2203.62
  201407,   3318.42,   9334.64,   6642.80,   3311.15,   7664.82,  10570.69,   7811.82,   4093.79,   2944.29,   7218.20,   8264.52,  13360.60,   7329.79,   7803.16,   7820.32,   3878.75,   4283.84,   4188.27,   2026.88
  201408,   3291.91,   9177.29,   6491.62,   3226.65,   7500.86,  10403.94,   7651.89,   3970.03,   2882.38,   7161.54,   7953.28,  13202.88,   7140.27,   7529.76,   7770.80,   3779.70,   4138.69,   4101.87,   1980.70
  201409,   3404.17,   9627.37,   6712.81,   3347.42,   7895.45,  10862.14,   7859.78,   4088.12,   3015.48,   7606.05,   8278.87,  13771.61,   7467.76,   7716.52,   7999.78,   3932.23,   4225.79,   4287.36,   2073.16
  201410,   3318.93,   9513.50,   6535.60,   3270.56,   7794.22,  10703.66,   7691.86,   3907.65,   2973.46,   7536.48,   8134.08,  13629.69,   7288.10,   7593.61,   7787.12,   3741.33,   4054.00,   4226.88,   2048.01
  201411,   3531.69,   9817.27,   6659.45,   3352.07,   8030.84,  11047.50,   7849.32,   3976.94,   3040.63,   7787.32,   8350.41,  14110.57,   7468.04,   7783.92,   7912.74,   3758.13,   4170.68,   4307.94,   2089.49
  201412,   3668.89,  10195.71,   6799.40,   3351.59,   8342.85,  11408.95,   8044.45,   3963.65,   3053.88,   8022.37,   8764.36,  14626.73,   7646.62,   7886.18,   8197.90,   3774.18,   4131.94,   4352.56,   2083.22
  201501,   3668.65,  10089.71,   6881.73,   3429.23,   8291.03,  11397.64,   8073.31,   4012.17,   3132.89,   7978.62,   8700.26,  14395.81,   7901.71,   8018.95,   8125.61,   3797.41,   4202.85,   4483.74,   2125.37
  201502,   3616.12,   9942.33,   6697.87,   3223.82,   8222.28,  11197.23,   7773.81,   3870.73,   2918.24,   8039.80,   8460.72,  14095.75,   7838.09,   7683.41,   7861.10,   3689.75,   4032.24,   4252.63,   1918.84
  201503,   3805.78,  10621.79,   7066.26,   3401.25,   8765.18,  11906.65,   8252.50,   4037.03,   3098.60,   8587.37,   8997.89,  15125.30,   8199.57,   8133.19,   8367.71,   3855.68,   4199.32,   4495.04,   2050.54
  201504,   3781.41,  10451.23,   6996.19,   3377.54,   8641.42,  11728.41,   8141.25,   4003.40,   3079.07,   8552.64,   8757.13,  14831.59,   8166.39,   8059.85,   8219.54,   3820.10,   4168.96,   4461.21,   2038.77
  201505,   3846.00,  10509.27,   7054.06,   3434.60,   8626.58,  11860.37,   8200.73,   4071.80,   3137.01,   8596.06,   8666.18,  15087.06,   8194.24,   8026.67,   8368.79,   3906.68,   4221.43,   4522.34,   2093.56
  201506,   3872.66,  10637.72,   7152.46,   3454.31,   8772.69,  11959.39,   8319.72,   4097.72,   3167.04,   8762.93,   8785.30,  15206.71,   8307.75,   8119.02,   8514.23,   3965.99,   4217.86,   4565.64,   2116.59
  201507,   3328.73,  10101.64,   6535.49,   2940.71,  10229.38,   9730.74,   6500.62,   4091.32,   2367.12,  10006.41,  10523.59,   9808.15,   9649.74,   6571.67,   6436.04,   3640.12,   4554.17,   2759.47,   1948.73
  201508,   3138.19,  10329.26,   6588.84,   2943.72,  10454.22,   9924.52,   6521.59,   4106.97,   2361.63,  10351.61,  10590.26,  10044.16,   9798.92,   6581.54,   6466.91,   3642.26,   4585.34,   2740.43,   1954.61
  201509,   2988.92,   9668.61,   6209.63,   2756.98,   9768.96,   9316.10,   6161.73,   3899.35,   2199.17,   9683.03,   9883.62,   9438.84,   9186.77,   6163.53,   6160.10,   3478.94,   4334.97,   2555.84,   1813.15
  201510,   2843.32,   9454.36,   6011.40,   2648.64,   9572.74,   9004.18,   5992.07,   3801.66,   2089.31,   9448.24,   9738.32,   9185.57,   8812.40,   5951.20,   6029.20,   3396.69,   4219.94,   2439.50,   1708.29
  201511,   3097.26,  10208.87,   6529.15,   2826.25,  10346.97,   9761.09,   6512.72,   4014.80,   2254.50,  10222.74,  10513.58,   9896.92,   9617.45,   6423.08,   6594.38,   3619.29,   4420.76,   2620.68,   1856.66
  201512,   3102.94,  10280.11,   6495.16,   2869.80,  10367.70,   9808.28,   6456.16,   4044.45,   2309.29,  10243.71,  10535.09,  10080.90,   9522.76,   6282.12,   6614.66,   3665.12,   4432.57,   2705.08,   1882.22
  201601,   3040.74,  10117.06,   6339.89,   2781.78,  10189.09,   9681.72,   6286.11,   3915.55,   2222.93,  10204.38,  10168.51,   9953.47,   9394.20,   6017.04,   6531.90,   3521.75,   4315.87,   2602.06,   1812.36
  201602,   2958.00,   9600.48,   6021.49,   2554.88,   9488.01,   9355.68,   6000.24,   3728.53,   1995.52,   9424.44,   9573.20,   9859.33,   8829.62,   5683.92,   6285.91,   3371.39,   4094.07,   2358.26,   1601.40
  201603,   3026.28,   9590.52,   5981.59,   2508.24,   9504.05,   9285.11,   5966.12,   3763.90,   1898.03,   9393.48,   9652.46,   9789.71,   8757.89,   5644.28,   6256.67,   3343.68,   4194.08,   2289.89,   1468.90
  201604,   3245.72,  10198.40,   6388.99,   2727.87,  10108.03,   9874.14,   6393.39,   4049.99,   2069.52,   9950.84,  10320.44,  10406.66,   9319.57,   6039.62,   6713.77,   3566.91,   4549.61,   2479.43,   1623.60
  201605,   3242.34,  10181.16,   6474.21,   2852.34,  10133.70,   9773.58,   6565.93,   4154.72,   2196.33,  10075.50,  10212.09,  10289.96,   9235.77,   6219.35,   6883.01,   3667.52,   4658.61,   2590.29,   1767.58
  201606,   3285.58,  10375.85,   6597.59,   2889.05,  10295.69,   9970.40,   6704.36,   4181.87,   2252.26,  10305.16,  10282.91,  10559.21,   9356.98,   6427.66,   6958.34,   3747.65,   4626.53,   2667.30,   1800.09
  201607,   3430.31,  10657.60,   6274.15,   2587.25,  11235.16,   9148.73,   5457.26,   3945.05,   2390.05,  12422.25,   9929.37,   9286.88,   9015.16,   6146.99,   4805.19,   5074.96,   3005.02,   2894.92,   1650.55
  201608,   3569.72,  11240.55,   6419.16,   2704.91,  11880.85,   9481.34,   5589.64,   4027.99,   2519.17,  13045.49,  10617.38,   9716.24,   9255.81,   6367.34,   4846.91,   5139.60,   3098.56,   3037.10,   1758.21
  201609,   3621.08,  11216.70,   6464.62,   2807.54,  11866.32,   9463.05,   5652.57,   4087.23,   2631.28,  12907.89,  10739.01,   9681.45,   9252.66,   6446.31,   4894.78,   5186.61,   3177.19,   3135.25,   1887.72
  201610,   3722.69,  11323.70,   6440.54,   2822.86,  11978.39,   9530.90,   5598.36,   4064.00,   2658.97,  12930.14,  10947.57,   9779.38,   9290.79,   6301.90,   4934.17,   5158.28,   3164.80,   3169.90,   1902.71
  201611,   3668.50,  11100.04,   6298.97,   2840.74,  11663.88,   9376.68,   5505.63,   4023.44,   2688.87,  12498.88,  10759.08,   9763.91,   9003.88,   6224.04,   4829.93,   5078.33,   3157.66,   3221.32,   1899.07
  201612,   3761.51,  11362.32,   6660.31,   3202.24,  11871.23,   9841.77,   5807.24,   4339.24,   3074.79,  12809.94,  10853.33,  10154.31,   9541.01,   6460.96,   5190.23,   5398.09,   3468.29,   3604.10,   2287.93
  201701,   3863.24,  11518.91,   6794.75,   3336.10,  11981.07,   9979.40,   5934.67,   4511.65,   3220.89,  12986.97,  10893.18,  10419.02,   9559.35,   6523.99,   5376.70,   5647.21,   3574.98,   3780.49,   2392.83
  201702,   4040.37,  11885.23,   6874.05,   3342.78,  12367.75,  10254.00,   5926.72,   4558.60,   3217.46,  13318.01,  11333.55,  10736.21,   9793.33,   6528.71,   5354.72,   5730.88,   3601.56,   3797.79,   2359.75
  201703,   4374.61,  12412.78,   7005.19,   3474.68,  12968.43,  10522.42,   6028.95,   4683.87,   3351.32,  13840.76,  12015.53,  11090.10,   9984.01,   6703.00,   5391.02,   5846.76,   3729.11,   3922.50,   2502.38
  201704,   4386.20,  12594.20,   7000.21,   3407.08,  13169.32,  10597.86,   6014.44,   4663.16,   3262.12,  14018.34,  12244.36,  11221.48,  10006.61,   6720.56,   5351.20,   5833.86,   3706.54,   3810.87,   2442.77
  201705,   4422.52,  12917.26,   7094.57,   3385.54,  13508.55,  10836.05,   6108.22,   4656.96,   3232.88,  14423.81,  12516.79,  11513.76,  10193.64,   6846.83,   5407.07,   5824.83,   3700.52,   3779.84,   2416.23
  201706,   4521.81,  13285.00,   7115.63,   3323.47,  13890.73,  11013.18,   6132.74,   4645.64,   3147.96,  14821.50,  12884.90,  11853.88,  10213.48,   6924.79,   5378.28,   5822.98,   3686.71,   3674.04,   2360.67
  201707,   3497.46,  13006.40,   6796.49,   3844.32,  13131.04,  11686.77,   6710.88,   4795.98,   2979.19,  13771.62,  12465.67,  12713.55,  10663.79,   6933.92,   6491.75,   3751.76,   5853.13,   3589.22,   2397.75
  201708,   3504.96,  13240.69,   6896.96,   3908.23,  13470.90,  11773.66,   6771.31,   4903.96,   3023.01,  14130.90,  12787.41,  12700.38,  10850.37,   7053.05,   6494.49,   3853.31,   5970.98,   3661.15,   2414.87
  201709,   3523.60,  13385.62,   6890.44,   3867.01,  13711.39,  11758.66,   6721.92,   4900.12,   2978.44,  14191.00,  13216.26,  12622.25,  10891.84,   7057.00,   6392.71,   3868.22,   5938.48,   3607.34,   2379.18
  201710,   3603.92,  13574.73,   7071.26,   4063.99,  13878.85,  12000.65,   6927.37,   5078.42,   3137.02,  14619.77,  13116.20,  12865.14,  11132.91,   7092.23,   6765.43,   3946.36,   6210.49,   3752.71,   2545.77
  201711,   3652.05,  14023.74,   7191.88,   4186.71,  14484.77,  12143.65,   7061.08,   5142.82,   3266.51,  15153.65,  13798.34,  12956.62,  11321.44,   7444.80,   6685.53,   3983.00,   6295.37,   3901.65,   2660.24
  201712,   3836.43,  14549.65,   7434.36,   4333.60,  15082.88,  12447.52,   7380.17,   5294.89,   3374.05,  15968.01,  14186.09,  13327.42,  11557.62,   7798.33,   6972.43,   4041.86,   6532.06,   4039.50,   2740.89
  201801,   3962.08,  14712.96,   7529.04,   4451.44,  15254.94,  12634.94,   7494.94,   5357.65,   3458.24,  16187.40,  14310.14,  13478.79,  11778.24,   7927.36,   7071.83,   3984.77,   6713.03,   4078.58,   2856.69
  201802,   4103.96,  15693.42,   7940.74,   4677.75,  16474.06,  13291.79,   7848.76,   5591.58,   3627.37,  17830.12,  15104.49,  13924.56,  12649.39,   8352.69,   7355.67,   4097.37,   7071.42,   4301.58,   2977.37
  201803,   3963.29,  15356.41,   7570.19,   4493.26,  16254.31,  12713.90,   7441.40,   5315.79,   3529.03,  17442.94,  15053.75,  13312.34,  12110.90,   7920.17,   6969.56,   3925.80,   6692.32,   4231.74,   2851.70
  201804,   3915.36,  14996.01,   7434.89,   4375.34,  15861.34,  12293.89,   7419.09,   5263.66,   3419.58,  17151.37,  14562.69,  13029.36,  11547.10,   7871.38,   6970.09,   3957.79,   6556.81,   4136.56,   2732.57
  201805,   3870.28,  15164.81,   7435.71,   4438.41,  15964.01,  12420.52,   7438.70,   5322.55,   3460.72,  17424.15,  14508.78,  13349.81,  11480.46,   7894.63,   6986.08,   3972.91,   6658.97,   4146.30,   2800.31
  201806,   3975.70,  15757.11,   7589.33,   4456.55,  16696.17,  12735.84,   7545.89,   5401.26,   3451.67,  18044.86,  15352.02,  13631.67,  11826.11,   8037.16,   7058.19,   4060.34,   6729.03,   4165.54,   2762.14
  201807,   4223.84,  15666.45,   6544.48,   4044.73,  16453.48,  10720.81,   6188.51,   6436.40,   2410.40,  17579.48,  15190.17,  13535.02,   8218.20,   6585.14,   5898.04,   5600.19,   7143.05,   3442.87,   1417.06
  201808,   4417.25,  16196.29,   6760.56,   4214.80,  16954.81,  11234.19,   6396.33,   6639.69,   2501.07,  18235.66,  15512.38,  14156.83,   8626.14,   6807.74,   6094.46,   5649.50,   7486.00,   3580.71,   1465.64
  201809,   4509.99,  17069.42,   6880.31,   4247.33,  18004.62,  11503.21,   6513.95,   6681.98,   2532.74,  19386.86,  16452.27,  14538.85,   8815.41,   7007.68,   6153.21,   5701.33,   7519.74,   3644.04,   1473.44
  201810,   4726.39,  17108.54,   6869.91,   4173.45,  18072.20,  11543.79,   6437.08,   6592.50,   2497.95,  19548.60,  16414.10,  14500.96,   8925.47,   6948.73,   6062.08,   5697.74,   7356.88,   3587.52,   1468.92
  201811,   4565.14,  15624.82,   6435.25,   3924.27,  16345.38,  10846.23,   6091.25,   6210.11,   2288.93,  17380.11,  15179.72,  13677.87,   8330.32,   6512.84,   5784.28,   5244.49,   7038.98,   3327.95,   1308.15
  201812,   4689.69,  15830.73,   6541.57,   4003.93,  16478.93,  11072.71,   6208.20,   6364.75,   2308.95,  17922.12,  14857.58,  14068.05,   8404.33,   6756.12,   5809.72,   5374.90,   7216.49,   3339.89,   1321.36
  201901,   4245.09,  14498.18,   5876.30,   3541.77,  15052.57,  10220.31,   5491.86,   5667.31,   2012.96,  16440.25,  13483.88,  12989.03,   7754.89,   5977.80,   5136.62,   4790.66,   6421.63,   2919.82,   1144.45
  201902,   4670.43,  15750.05,   6385.52,   3863.99,  16395.99,  10976.07,   6054.72,   6091.96,   2254.60,  17984.79,  14604.26,  13992.39,   8300.82,   6507.62,   5722.58,   5156.23,   6898.71,   3268.67,   1286.76
  201903,   4960.60,  16417.65,   6610.71,   3902.08,  17168.52,  11310.29,   6273.32,   6189.19,   2287.60,  18777.58,  15324.49,  14379.13,   8610.14,   6758.45,   5919.09,   5302.62,   6950.59,   3336.69,   1289.53
  201904,   5128.82,  16836.05,   6615.45,   3832.27,  17712.46,  11369.37,   6261.87,   6123.78,   2222.13,  19357.79,  15826.09,  14444.56,   8675.85,   6815.20,   5859.60,   5279.75,   6848.30,   3235.79,   1255.26
  201905,   5371.68,  17494.20,   6820.74,   4107.37,  18427.17,  11788.57,   6497.59,   6388.91,   2384.31,  20147.79,  16448.19,  14941.79,   9018.24,   7158.09,   6021.60,   5302.96,   7323.41,   3490.75,   1329.42
  201906,   5138.90,  16351.92,   6349.40,   3769.63,  17148.11,  11067.25,   6126.28,   5855.29,   2181.96,  18881.89,  15159.53,  14176.97,   8335.13,   6670.56,   5732.80,   4848.38,   6726.94,   3176.41,   1231.16
  201907,   5475.16,  18000.54,   6437.35,   2741.28,  19194.91,  11012.62,   5094.67,   5651.06,   2424.27,  22559.77,  15652.96,  15395.70,   6700.47,   6178.88,   4106.23,   8453.24,   3278.85,   3485.35,   1467.09
  201908,   5511.75,  18404.02,   6441.61,   2799.43,  19559.21,  11258.96,   5153.12,   5676.52,   2469.26,  22980.82,  15989.29,  15887.78,   6660.49,   6214.50,   4185.84,   8409.43,   3357.91,   3590.61,   1468.06
  201909,   5437.38,  18248.20,   6196.43,   2604.38,  19510.69,  10911.37,   4988.78,   5436.36,   2249.85,  23240.86,  15653.49,  15501.64,   6351.29,   6001.24,   4063.11,   8095.85,   3201.25,   3282.77,   1319.28
  201910,   5521.42,  18273.95,   6449.33,   2769.38,  19445.39,  11127.73,   5165.01,   5738.00,   2394.98,  22930.80,  15830.10,  15720.89,   6564.88,   6200.73,   4214.97,   8524.51,   3399.72,   3462.08,   1431.37
  201911,   5553.32,  18866.98,   6557.76,   2810.08,  20216.71,  11330.26,   5272.10,   5811.03,   2413.17,  23692.76,  16609.50,  15961.24,   6714.62,   6265.62,   4361.09,   8594.02,   3476.92,   3506.00,   1423.63
  201912,   5762.82,  19685.70,   6755.27,   2907.51,  21045.40,  11843.32,   5406.47,   5981.58,   2524.68,  24579.85,  17399.80,  16757.80,   6945.17,   6391.27,   4496.87,   8865.73,   3550.76,   3695.01,   1469.22
  202001,   5905.01,  20215.71,   6959.01,   3069.99,  21707.93,  12061.21,   5585.76,   6190.34,   2680.38,  25210.88,  18094.83,  16991.72,   7147.13,   6595.59,   4646.47,   9116.54,   3721.11,   3911.13,   1572.33
  202002,   6016.41,  20536.43,   6798.03,   2919.30,  22163.83,  12081.12,   5536.24,   5876.30,   2540.35,  26085.65,  18118.68,  17008.57,   7153.66,   6637.33,   4520.16,   8596.53,   3555.44,   3742.49,   1458.80
  202003,   5745.27,  19108.40,   6106.23,   2589.51,  20609.16,  11148.00,   5021.96,   5227.46,   2226.19,  24503.75,  16579.43,  15849.17,   6446.83,   6030.89,   4094.64,   7630.25,   3197.40,   3310.48,   1244.51
  202004,   4844.31,  17343.54,   5022.73,   1870.30,  18874.27,   9750.00,   4156.57,   4065.79,   1558.49,  22404.75,  15209.30,  14023.50,   5490.90,   4985.31,   3386.36,   6040.74,   2392.58,   2373.59,    818.19
  202005,   5542.15,  19864.04,   5608.19,   2102.72,  21612.44,  11071.89,   4649.36,   4527.00,   1758.83,  25785.05,  17267.07,  16039.05,   6155.07,   5546.93,   3818.77,   6703.18,   2679.08,   2627.51,    967.62
  202006,   5986.22,  21103.62,   5820.02,   2185.01,  22941.01,  11780.44,   4860.96,   4595.90,   1837.10,  27293.47,  18393.87,  17076.45,   6538.28,   5789.40,   3995.36,   6747.62,   2764.53,   2729.07,   1017.30
  202007,   7661.42,  19352.48,   6192.68,   2343.73,  21693.87,  11523.33,   5416.38,   4557.50,   1470.29,  28823.88,  13128.89,  14214.62,   8510.96,   5653.19,   5153.48,   5333.85,   3906.24,   2151.98,    735.81
  202008,   8102.18,  20769.19,   6411.47,   2460.44,  23335.50,  12163.93,   5663.14,   4653.35,   1553.18,  31240.46,  13864.46,  15128.16,   8856.46,   5959.34,   5334.16,   5369.90,   4058.21,   2241.45,    796.54
  202009,   8789.57,  22755.93,   6614.59,   2593.41,  25787.71,  12889.56,   5840.85,   4787.74,   1624.56,  35149.43,  14630.20,  16110.81,   9295.32,   6150.33,   5498.39,   5385.37,   4290.26,   2340.45,    829.12
  202010,   8742.41,  21856.13,   6456.71,   2478.10,  24742.61,  12478.67,   5743.36,   4584.75,   1537.05,  33370.89,  14426.79,  15518.61,   9097.40,   6102.85,   5343.76,   5145.64,   4121.00,   2222.26,    770.53
  202011,   8514.84,  21316.37,   6434.94,   2522.26,  23818.71,  12612.12,   5772.89,   4543.16,   1598.22,  32021.22,  14032.81,  15793.69,   9069.52,   6095.91,   5413.83,   5053.91,   4125.14,   2289.99,    818.79
  202012,   9693.59,  23643.01,   7366.35,   2980.58,  26553.99,  13919.98,   6636.29,   5264.28,   1949.38,  35544.18,  15822.83,  17237.01,  10226.56,   6904.50,   6338.16,   5881.69,   4760.70,   2789.29,    993.22
  202101,   9918.46,  24758.34,   7702.81,   3172.30,  28078.36,  14325.46,   6922.75,   5502.26,   2099.85,  37778.35,  16493.98,  17473.35,  10807.89,   7109.28,   6715.40,   6079.83,   5027.20,   3012.00,   1046.87
  202102,   9886.80,  24707.86,   7729.09,   3233.54,  27958.41,  14375.97,   6920.73,   5584.61,   2177.97,  37484.18,  16576.19,  17573.25,  10789.05,   6966.03,   6869.96,   6214.46,   5063.60,   3050.75,   1176.56
  202103,  10287.18,  24945.27,   8319.32,   3572.75,  27974.09,  15030.83,   7501.17,   6094.53,   2437.45,  37194.84,  16950.56,  18252.57,  11451.13,   7349.96,   7670.02,   6750.29,   5549.00,   3445.20,   1277.12
  202104,  11008.03,  25479.61,   8739.20,   3827.39,  28283.59,  15728.42,   7921.87,   6493.14,   2620.42,  37383.94,  17404.00,  19243.48,  11847.98,   7864.16,   7986.08,   7182.60,   5921.54,   3682.17,   1389.24
  202105,  11504.06,  27126.25,   9031.39,   4020.08,  30036.68,  16598.80,   8287.45,   6761.57,   2728.42,  40029.18,  18110.15,  20658.64,  12130.05,   8244.77,   8335.15,   7359.63,   6262.91,   3853.47,   1427.20
  202106,  11549.44,  26839.32,   9258.86,   4236.33,  29554.90,  16733.31,   8558.24,   6991.38,   2925.84,  39036.77,  18237.82,  20784.92,  12272.16,   8417.44,   8717.02,   7577.02,   6508.10,   4097.03,   1575.42
  202107,   9167.90,  25904.24,   7776.77,   5489.11,  28597.51,  15082.90,   6886.77,   8663.55,   3808.74,  42847.58,  14038.49,  20080.55,   9609.28,   8364.87,   5344.17,   7485.95,   9827.96,   4583.08,   2735.36
  202108,   9367.25,  26671.88,   7738.29,   5344.79,  29379.53,  15496.25,   6800.01,   8566.61,   3661.56,  44211.00,  14266.70,  20807.93,   9677.09,   8268.75,   5266.95,   7421.38,   9694.69,   4369.53,   2673.36
  202109,   9472.41,  27651.27,   7856.61,   5476.60,  30356.87,  16096.74,   6877.25,   8695.69,   3796.72,  45937.71,  14564.90,  21807.49,   9840.38,   8319.87,   5381.98,   7562.69,   9798.97,   4531.37,   2772.82
  202110,   9334.15,  26176.30,   7553.91,   5511.75,  28800.51,  15167.24,   6625.98,   8575.09,   3871.78,  43535.31,  13905.99,  20499.45,   9323.97,   8014.65,   5186.45,   7407.35,   9716.49,   4615.38,   2829.69
  202111,   9816.61,  28269.24,   7811.42,   5874.66,  31317.19,  15986.69,   6792.60,   9041.79,   4134.34,  47659.89,  14796.86,  21693.48,   9692.70,   8093.32,   5448.84,   7727.76,  10330.93,   4955.00,   2980.74
  202112,   9750.88,  28183.98,   7595.98,   5603.41,  31500.08,  15543.16,   6672.27,   8654.36,   3881.65,  48301.25,  14376.69,  21037.87,   9481.25,   7809.13,   5493.31,   7299.88,   9983.09,   4666.41,   2784.67
  202201,  10137.07,  28968.30,   8048.38,   5884.90,  32217.24,  16330.19,   7075.67,   9167.80,   3998.51,  49090.83,  15158.74,  21954.39,  10121.66,   8270.89,   5836.02,   7639.37,  10672.90,   4823.25,   2850.40
  202202,   9333.25,  26637.90,   7745.91,   6176.31,  29552.39,  15213.41,   6840.63,   9292.13,   4239.52,  44906.22,  13987.67,  20336.07,   9575.14,   7966.61,   5672.79,   7485.03,  11085.33,   5115.32,   3016.58
  202203,   8936.20,  25794.42,   7729.43,   6203.09,  28771.91,  14683.15,   6847.12,   9301.01,   4256.92,  43752.21,  13585.28,  19373.93,   9520.25,   7958.28,   5694.64,   7465.61,  11136.41,   5130.25,   3022.66
  202204,   8869.01,  26892.56,   7869.97,   6329.36,  30038.14,  15139.48,   6962.50,   9613.99,   4234.60,  45676.13,  14184.16,  20088.03,   9707.35,   8110.60,   5775.98,   7605.54,  11606.87,   5121.12,   2978.96
  202205,   8260.00,  24008.82,   7335.26,   5917.95,  26714.11,  13767.43,   6511.99,   8964.10,   3975.66,  40009.89,  13271.42,  18147.37,   8973.75,   7601.10,   5386.17,   7116.58,  10811.62,   4807.37,   2790.62
  202206,   8217.22,  23404.56,   7595.57,   6236.03,  25904.11,  13753.19,   6722.43,   9424.33,   4234.15,  38818.47,  12918.40,  17971.39,   9149.00,   7798.77,   5605.47,   7580.46,  11268.20,   5125.66,   2952.81
  202207,   6357.80,  23888.27,   6163.65,   4067.58,  29166.99,  10234.28,   6150.14,   7097.53,   2895.78,  39457.69,  16737.01,  14463.07,   5980.84,   5927.68,   6359.17,   6401.48,   7814.96,   4352.57,   1484.90
  202208,   6936.34,  26724.06,   6525.52,   4403.03,  33000.59,  10940.12,   6498.20,   7687.53,   3103.06,  45081.11,  18196.46,  15525.13,   6328.22,   6300.34,   6684.62,   6810.97,   8594.31,   4665.14,   1583.82
  202209,   6957.20,  25478.87,   6391.55,   4293.07,  31301.64,  10598.81,   6364.26,   7582.83,   3013.22,  42791.48,  17263.15,  15076.21,   6108.28,   6239.06,   6482.55,   6775.67,   8415.05,   4513.09,   1551.41
  202210,   6274.72,  23161.11,   5808.77,   3921.21,  28205.30,   9964.20,   5676.19,   6886.50,   2769.20,  38649.20,  15520.70,  14152.57,   5751.12,   5635.33,   5714.90,   6169.44,   7628.38,   4171.00,   1397.22
  202211,   7062.65,  24477.99,   6436.84,   4504.46,  29791.52,  10700.14,   6234.30,   7924.78,   3133.45,  40524.75,  16651.22,  14995.15,   6379.64,   6230.26,   6238.15,   6958.07,   8918.45,   4718.17,   1582.67
  202212,   7620.56,  25696.47,   6744.25,   4670.23,  31196.84,  11360.57,   6480.82,   8252.83,   3259.14,  42223.46,  17688.22,  15912.61,   6754.16,   6392.98,   6565.27,   7323.24,   9208.33,   4918.49,   1631.83
  202301,   7453.23,  23876.79,   6455.03,   4460.73,  28792.71,  10863.93,   6200.54,   7897.14,   3091.44,  38774.26,  16593.03,  15176.04,   6500.32,   6146.75,   6252.25,   6973.85,   8846.26,   4639.72,   1563.32
  202302,   8084.82,  25856.71,   6834.07,   4717.10,  31566.64,  11327.53,   6637.16,   8287.57,   3285.31,  42805.65,  17853.38,  15775.36,   6812.71,   6538.86,   6731.92,   7297.56,   9308.85,   4918.98,   1672.95
  202303,   7866.38,  25526.45,   6606.62,   4549.59,  31255.81,  11090.39,   6419.86,   7918.15,   3209.72,  43032.90,  16964.52,  15478.81,   6595.26,   6374.81,   6463.14,   7035.59,   8828.68,   4778.40,   1644.48
  202304,   8037.94,  27271.34,   6531.69,   4283.39,  33540.02,  11443.30,   6388.82,   7587.84,   2967.62,  46561.26,  17787.73,  16164.67,   6635.30,   6154.66,   6615.86,   6732.72,   8473.29,   4430.46,   1491.70
  202305,   8316.69,  27687.60,   6557.24,   4351.29,  33891.44,  11604.04,   6421.49,   7685.88,   3024.25,  46897.65,  18147.07,  16599.89,   6577.64,   6193.22,   6642.11,   6834.25,   8567.71,   4532.04,   1502.95
  202306,   8043.46,  28788.34,   6302.81,   4075.10,  35676.87,  11460.37,   6162.44,   7188.16,   2879.77,  49909.53,  18436.55,  16518.81,   6370.99,   5969.48,   6347.73,   6536.19,   7861.00,   4342.66,   1410.29
  202307,   9367.08,  30775.11,   8969.04,   2047.46,  36862.93,  11067.77,   9643.66,   5498.53,   1845.81,  46406.38,  26010.84,  15399.14,   7340.43,  11881.75,   7533.05,   9201.39,   2623.12,   3185.16,    833.25
  202308,   9731.08,  31884.49,   9383.71,   2207.36,  38039.34,  11698.33,  10025.93,   5874.47,   1997.29,  47905.54,  26877.57,  16424.08,   7647.69,  12415.91,   7764.93,   9803.53,   2806.28,   3450.95,    893.82
  202309,   9605.62,  31550.16,   9131.09,   2087.77,  37542.48,  11576.01,   9771.94,   5651.34,   1875.13,  47421.79,  26365.90,  16377.59,   7465.07,  12186.00,   7489.41,   9486.89,   2690.94,   3228.02,    837.91
  202310,   9069.82,  29819.39,   8889.78,   2015.64,  35405.10,  11055.09,   9584.54,   5465.36,   1816.98,  44565.35,  25041.98,  15619.58,   7149.40,  12147.90,   7161.75,   9209.14,   2575.81,   3134.50,    800.28
  202311,   8906.86,  29274.41,   8517.73,   1925.98,  34872.62,  10402.88,   9265.41,   5291.97,   1730.08,  43877.38,  24685.42,  14869.24,   6574.58,  11700.38,   6956.93,   8917.28,   2480.29,   2997.35,    747.45
  202312,   9809.05,  32188.74,   9208.14,   2153.89,  38527.37,  11175.58,  10008.55,   5743.96,   1964.66,  48919.05,  26726.64,  15955.66,   7049.62,  12563.18,   7603.70,   9717.86,   2684.50,   3415.47,    844.65
  202401,  10496.37,  33517.22,   9787.35,   2439.26,  40032.73,  11839.12,  10665.73,   6153.66,   2247.38,  50680.48,  27977.32,  16857.64,   7492.09,  13351.08,   8155.89,  10275.70,   2973.79,   3852.75,    991.25
  202402,  10541.20,  34176.95,   9948.68,   2372.90,  40946.32,  11788.80,  10934.87,   6172.57,   2198.25,  51945.06,  28488.56,  16852.89,   7389.14,  13738.38,   8324.39,  10470.62,   2856.93,   3750.15,    977.89
  202403,  11042.06,  36263.06,  10553.53,   2438.30,  43668.51,  12172.69,  11725.92,   6447.91,   2257.51,  55491.28,  30352.77,  17354.88,   7688.81,  15097.19,   8577.17,  11002.74,   2937.16,   3845.56,   1003.01
  202404,  11597.46,  37238.13,  11048.47,   2632.81,  44690.55,  12912.49,  12151.05,   6835.02,   2462.37,  56598.92,  31349.90,  18393.28,   8136.37,  15568.14,   8948.94,  11681.88,   3099.18,   4184.65,   1098.77
  202405,  10841.56,  36017.05,  10469.10,   2488.67,  42859.02,  12819.55,  11506.90,   6491.06,   2326.58,  54232.99,  30073.11,  18672.79,   7721.57,  14770.47,   8449.34,  11071.80,   2932.68,   3960.71,   1035.99
  202406,  11142.67,  38146.13,  10848.11,   2605.78,  45538.69,  13303.25,  11962.52,   6763.25,   2438.06,  58938.88,  30659.86,  19527.82,   7862.35,  15474.27,   8697.43,  11548.57,   3059.83,   4140.67,   1082.52
  202407,   6593.80,  39543.58,   9039.59,   3347.96,  49909.60,  13504.26,   8397.46,   7929.79,   2231.86,  63467.30,  34633.97,  17035.56,  10277.57,   6942.19,   9696.30,   8984.59,   6980.10,   4451.93,    820.83
  202408,   6985.64,  39516.25,   9524.27,   3616.47,  49648.09,  13953.12,   8853.43,   8519.74,   2381.94,  63261.41,  34309.80,  17439.51,  10768.43,   7410.47,  10136.07,   9522.64,   7610.54,   4712.17,    896.46
  202409,   7468.71,  40471.86,   9626.04,   3698.26,  50780.13,  14466.95,   8779.54,   8774.80,   2392.71,  65285.97,  34429.91,  18083.03,  11120.90,   7533.07,   9887.06,   9730.11,   7906.04,   4727.19,    898.48
  202410,   7711.51,  41895.93,   9740.13,   3672.85,  52392.25,  15049.30,   8882.50,   8766.95,   2377.75,  67242.58,  35582.51,  19123.00,  11294.07,   7572.99,  10053.71,   9798.44,   7828.90,   4695.28,    890.56
  202411,   7940.31,  41644.46,   9659.66,   3742.43,  52018.63,  14877.99,   8797.79,   8778.05,   2478.84,  66875.64,  35252.92,  19013.25,  11080.59,   7530.36,   9926.73,   9880.11,   7776.18,   4898.15,    911.09
  202412,   8445.97,  44467.22,  10312.60,   4121.92,  55407.29,  15926.49,   9277.22,   9588.52,   2764.23,  71120.76,  37675.06,  20430.43,  11792.94,   8050.02,  10377.61,  10853.90,   8447.46,   5487.89,   1007.67
  202501,   8182.79,  44125.92,   9601.86,   3863.53,  55287.47,  15140.09,   8540.62,   8957.77,   2602.68,  71252.08,  37271.85,  19514.30,  11113.50,   7471.73,   9508.40,  10156.61,   7873.30,   5153.37,    948.93
  202502,   8612.21,  45320.56,   9999.70,   4078.70,  56260.74,  16209.50,   8813.40,   9486.86,   2745.67,  70981.23,  39700.19,  21236.41,  11566.71,   7790.12,   9739.55,  10767.54,   8329.23,   5472.82,    972.76
  202503,   9013.40,  44148.84,   9921.37,   4160.16,  54719.96,  15813.01,   8826.00,   9657.43,   2740.06,  70569.49,  36992.79,  20777.05,  11262.65,   7618.44,   9933.96,  10750.11,   8674.03,   5458.17,    961.67
  202504,   8815.34,  40938.93,   9631.13,   4018.69,  50701.17,  14962.63,   8693.32,   9344.29,   2590.26,  65139.18,  34597.24,  19461.99,  10838.23,   7320.00,   9952.99,  10265.78,   8518.23,   5170.13,    901.00
  202505,   9048.04,  41404.63,   9254.66,   3938.96,  51554.28,  14576.41,   8281.05,   9156.24,   2508.56,  67108.70,  34253.40,  19105.06,  10412.49,   7103.37,   9343.83,  10000.91,   8399.37,   5007.55,    858.47
  202506,   9549.48,  44675.01,   9519.89,   4130.11,  55572.96,  15528.73,   8371.47,   9458.44,   2733.39,  73129.47,  36106.79,  20683.56,  10758.33,   7334.45,   9310.59,  10562.08,   8465.96,   5470.74,    927.80
  202507,   7434.71,  47321.61,  11352.93,   2963.51,  59056.71,  14273.85,  10632.46,  10220.79,   1739.03,  74476.91,  42032.40,  18007.23,  11191.35,   7364.05,  14284.61,  12966.29,   7286.34,   2034.85,   1524.05
  202508,   7406.16,  49017.66,  11577.45,   3000.27,  61238.38,  14475.37,  10806.11,  10392.15,   1749.18,  77432.22,  43408.79,  18144.27,  11474.66,   7609.27,  14340.84,  13227.24,   7384.19,   2005.81,   1562.49
  202509,   7751.29,  49775.02,  11921.40,   3220.80,  62020.34,  14708.16,  11150.88,  10957.15,   1912.51,  78470.64,  43908.39,  18713.74,  11445.34,   7853.33,  14798.37,  14011.57,   7741.32,   2170.11,   1722.33
  202510,   7716.03,  52383.50,  12121.65,   3318.80,  65398.61,  14938.95,  11466.29,  10967.02,   2018.73,  83445.09,  45462.13,  19015.56,  11647.87,   7974.49,  15315.85,  13970.34,   7792.08,   2188.04,   1892.54
  202511,   7565.22,  54273.51,  12208.40,   3359.94,  67977.34,  15287.21,  11592.16,  10761.10,   2059.82,  86379.34,  47641.56,  19107.91,  12163.52,   8033.60,  15516.82,  13480.42,   7862.00,   2163.26,   1982.68
  202512,   7875.70,  53933.80,  12436.66,   3439.40,  67285.16,  15409.97,  11907.81,  11067.60,   2122.81,  83926.91,  48951.03,  19585.91,  11998.43,   8329.72,  15857.07,  13976.99,   7965.86,   2229.96,   2042.67
  202601,   7932.44,  54073.44,  12611.52,   3578.31,  67528.72,  15468.45,  12256.96,  11245.82,   2209.62,  84382.56,  48949.24,  19681.52,  12014.89,   8383.59,  16535.50,  13988.01,   8297.12,   2308.28,   2135.31
  202602,   8388.45,  53997.88,  13365.37,   3732.94,  67340.50,  16010.70,  13064.33,  11665.80,   2339.24,  81570.07,  51653.98,  19893.92,  12794.70,   8764.46,  17761.68,  14604.53,   8517.17,   2423.80,   2275.55
  202603,   8663.16,  52807.83,  13745.70,   3707.03,  65312.59,  16481.70,  13446.75,  11892.82,   2352.61,  79514.55,  49656.52,  20712.26,  12968.43,   9149.84,  18106.28,  15211.50,   8336.09,   2459.16,   2273.15
  202604,   8048.95,  50018.24,  13347.98,   3613.71,  61899.77,  15518.56,  13057.26,  11738.74,   2301.60,  75809.29,  46561.18,  19494.16,  12230.78,   8763.18,  17713.72,  15199.11,   8059.36,   2403.63,   2226.30
  202605,   8390.00,  55951.41,  14330.08,   4117.51,  69926.58,  16832.43,  14038.07,  12096.56,   2797.09,  83118.89,  55319.18,  20341.04,  13900.40,   9062.08,  19391.98,  15400.60,   8595.69,   2602.77,   2942.40
  202606,   8687.95,  59571.37,  15111.41,   4238.26,  74613.48,  17627.21,  15160.01,  12039.52,   3023.22,  91372.68,  56102.44,  21073.78,  14783.19,   9203.61,  21520.23,  15394.28,   8422.22,   2700.73,   3264.56


    Sum of BE / Sum of ME
,<= 0,Lo 30,Med 40,Hi 30,Lo 20,Qnt 2,Qnt 3,Qnt 4,Hi 20,Lo 10,2-Dec,3-Dec,4-Dec,5-Dec,6-Dec,7-Dec,8-Dec,9-Dec,Hi 10
  1927, -2.9634,  0.4815,  1.0355,  2.0650,  0.3580,  0.7503,  1.0203,  1.4137,  2.9929,  0.2820,  0.4853,  0.7043,  0.8449,  0.9700,  1.0910,  1.2662,  1.6043,  2.4795,  3.7487
  1928, -1.9034,  0.3060,  0.8345,  1.8625,  0.2527,  0.5830,  0.8627,  1.2690,  2.4341,  0.2061,  0.3854,  0.5144,  0.6302,  0.7261,  0.9419,  1.1403,  1.4373,  1.9676,  3.8512
  1929, -0.8326,  0.2286,  0.6428,  1.4251,  0.1937,  0.3879,  0.6247,  0.9252,  1.9299,  0.1692,  0.2477,  0.3387,  0.4694,  0.5555,  0.7305,  0.8255,  1.0806,  1.5686,  3.8092
  1930, -3.5084,  0.4281,  1.0851,  2.5970,  0.3482,  0.7144,  1.0736,  1.8965,  4.1416,  0.2592,  0.4942,  0.6349,  0.8755,  0.9947,  1.3312,  1.6936,  2.0735,  2.7448,  8.4734
  1931, -1.2413,  0.6074,  1.7742,  5.0495,  0.5013,  1.2375,  1.8302,  2.8481,  6.9115,  0.3904,  0.6949,  1.0687,  1.4472,  1.6289,  2.0686,  2.4499,  3.7538,  5.3450, 13.3427
  1932,-10.3117,  1.7038,  6.3029, 19.8702,  1.5029,  2.8314,  6.1614, 11.4693, 31.5143,  1.1490,  1.8796,  2.5340,  3.9077,  5.2493,  7.5891,  9.4060, 14.4873, 21.6172, 50.5090
  1933, -3.4816,  0.7099,  1.6879,  4.3555,  0.6274,  1.0463,  1.6932,  2.7620,  5.8699,  0.4003,  0.7703,  1.0133,  1.1225,  1.6315,  1.7998,  2.4547,  3.0896,  4.5742,  8.9970
  1934, -2.1056,  0.5742,  1.4222,  5.1562,  0.4572,  1.0108,  1.5463,  3.0186,  6.9961,  0.4050,  0.5824,  0.8761,  1.1245,  1.3991,  1.7901,  2.2496,  3.5625,  5.4136, 10.1306
  1935, -2.7189,  0.4549,  1.3031,  6.2348,  0.4022,  0.8757,  1.2552,  2.5662,  7.6885,  0.3306,  0.4765,  0.7686,  0.9358,  1.1401,  1.5032,  2.0922,  3.8893,  5.2819, 12.7430
  1936, -1.0467,  0.3043,  0.8873,  2.8628,  0.2671,  0.6032,  0.8432,  1.5951,  4.0352,  0.2190,  0.3658,  0.5244,  0.6920,  0.7806,  0.9800,  1.3577,  1.7822,  2.8575,  8.3463
  1937, -1.0949,  0.3249,  0.7743,  2.0947,  0.2801,  0.5309,  0.7715,  1.1317,  2.7192,  0.2143,  0.3599,  0.4999,  0.5619,  0.7086,  0.8209,  1.0570,  1.2073,  1.8158,  5.2770
  1938, -6.1710,  0.5370,  1.2369,  4.6300,  0.4021,  0.8744,  1.2793,  2.0706,  6.8378,  0.3008,  0.5552,  0.8287,  0.9458,  1.1990,  1.3895,  1.8102,  2.4152,  3.9624, 12.7532
  1939,-32.2525,  0.4579,  1.2336,  5.4483,  0.3889,  0.8737,  1.2191,  2.0843,  7.9181,  0.2975,  0.5234,  0.7921,  0.9090,  1.1059,  1.4025,  1.9551,  2.5010,  4.2366, 14.6312
  1940,-15.6369,  0.5291,  1.4099,  4.8894,  0.4201,  0.8840,  1.3634,  2.2857,  7.1396,  0.3445,  0.6094,  0.7955,  1.0291,  1.2880,  1.6261,  2.0387,  2.7395,  3.4625, 13.5251
  1941,-10.1535,  0.5673,  1.3390,  4.0041,  0.4427,  0.9064,  1.3742,  2.1607,  7.9169,  0.3744,  0.6196,  0.8433,  1.0281,  1.2329,  1.4953,  1.8139,  2.3957,  3.2699, 11.8738
  1942, -6.4521,  0.7338,  1.7928,  5.3237,  0.5515,  1.2223,  1.7917,  2.7303,  8.6287,  0.4494,  0.7330,  1.1341,  1.3609,  1.6037,  2.0278,  2.5560,  2.9762,  4.1285, 13.2168
  1943, -5.4178,  0.5425,  1.1431,  3.1063,  0.4118,  0.8312,  1.1668,  1.8156,  4.7928,  0.3562,  0.5817,  0.7971,  0.9170,  1.1163,  1.2508,  1.4425,  2.0857,  2.6320,  6.9695
  1944,-44.8855,  0.5094,  1.0387,  2.7340,  0.4042,  0.8108,  1.0666,  1.4877,  3.3411,  0.3538,  0.5347,  0.7602,  0.8735,  1.0243,  1.1329,  1.3797,  1.6135,  2.0874,  6.0470
  1945,-99.9900,  0.4056,  0.8448,  1.9837,  0.3649,  0.6639,  0.8664,  1.1465,  2.2784,  0.3268,  0.4579,  0.5809,  0.7158,  0.8214,  0.9369,  1.0513,  1.2625,  1.5806,  3.2293
  1946, -0.6928,  0.3156,  0.6257,  1.4603,  0.2865,  0.4446,  0.6238,  0.7825,  1.7551,  0.2199,  0.3544,  0.4208,  0.4676,  0.5593,  0.6608,  0.7250,  0.8858,  1.2096,  2.4891
  1947, -1.2103,  0.4250,  0.8677,  2.3234,  0.3806,  0.6856,  0.8590,  1.1633,  2.6055,  0.3125,  0.4748,  0.6248,  0.7360,  0.8509,  0.8657,  1.0940,  1.2955,  1.7005,  4.1079
  1948, -0.2375,  0.4665,  0.8740,  2.0173,  0.4196,  0.6949,  0.9139,  1.1988,  2.3708,  0.3532,  0.5029,  0.6564,  0.7227,  0.8719,  1.0001,  1.0759,  1.3029,  1.5298,  3.5986
  1949, -4.7952,  0.6598,  1.2991,  3.2733,  0.5402,  1.0219,  1.3311,  1.8763,  4.4299,  0.4389,  0.6788,  0.9588,  1.1143,  1.2347,  1.4325,  1.6615,  2.0598,  2.3896,  6.0751
  1950, -6.6196,  0.5151,  1.0968,  2.6650,  0.4567,  0.8690,  1.1350,  1.5420,  3.0866,  0.3746,  0.5770,  0.7778,  0.9233,  1.0721,  1.2401,  1.4675,  1.6625,  1.9391,  4.9294
  1951,-16.7036,  0.5158,  0.9898,  2.1857,  0.4531,  0.7972,  0.9651,  1.4203,  2.7956,  0.3712,  0.6020,  0.7551,  0.8580,  0.9457,  0.9910,  1.2949,  1.5245,  1.7480,  3.7571
  1952, -7.5753,  0.5123,  0.9785,  2.1582,  0.4344,  0.7450,  0.9989,  1.3825,  2.5505,  0.3713,  0.5778,  0.6942,  0.8325,  0.9548,  1.0810,  1.2222,  1.5488,  1.9112,  3.1256
  1953, -9.5628,  0.5668,  1.0925,  2.3138,  0.4811,  0.8664,  1.1727,  1.5951,  2.8230,  0.4081,  0.6477,  0.7938,  0.9337,  1.0565,  1.2504,  1.5085,  1.6680,  2.0937,  3.4409
  1954, -0.9456,  0.4653,  0.9797,  2.2930,  0.3923,  0.7705,  1.0603,  1.4654,  2.9308,  0.3275,  0.5645,  0.6989,  0.8255,  0.9510,  1.1520,  1.3698,  1.5713,  2.0437,  3.6472
  1955, -1.2267,  0.3734,  0.7941,  1.6663,  0.3084,  0.5953,  0.8038,  1.0094,  1.9754,  0.2534,  0.4424,  0.5651,  0.6650,  0.7240,  0.8528,  0.9189,  1.1654,  1.4247,  2.4901
  1956, -0.2998,  0.3528,  0.8003,  1.7236,  0.3175,  0.5727,  0.8205,  1.0786,  2.2129,  0.2492,  0.4445,  0.5242,  0.6415,  0.7636,  0.8651,  0.9721,  1.2208,  1.5399,  2.7256
  1957, -0.2542,  0.3880,  0.8491,  1.9536,  0.3308,  0.5982,  0.8715,  1.1848,  2.4044,  0.2631,  0.4614,  0.5533,  0.6996,  0.8305,  0.8962,  1.0682,  1.3196,  1.7066,  3.0458
  1958, -1.8240,  0.4317,  0.8882,  2.1984,  0.3793,  0.6571,  0.8925,  1.3247,  2.7457,  0.2739,  0.4932,  0.6192,  0.7162,  0.8594,  1.0442,  1.2478,  1.4359,  1.8288,  3.6714
  1959, -1.9861,  0.3347,  0.6968,  1.5452,  0.2661,  0.5584,  0.6910,  1.0571,  1.9329,  0.2160,  0.3842,  0.5306,  0.6005,  0.6706,  0.7671,  0.9826,  1.1293,  1.3379,  2.4300
  1960, -1.3457,  0.3194,  0.7290,  1.8390,  0.2623,  0.5614,  0.7430,  1.1724,  2.0798,  0.2151,  0.3937,  0.5364,  0.5944,  0.7069,  0.8827,  1.0195,  1.3437,  1.5841,  3.1426
  1961, -1.1374,  0.3199,  0.6752,  1.5723,  0.2209,  0.4826,  0.7081,  1.0343,  1.9890,  0.1875,  0.3332,  0.4641,  0.5358,  0.6564,  0.7513,  0.8962,  1.1371,  1.4010,  2.5343
  1962,-99.9900,  0.3733,  0.7609,  1.9002,  0.3193,  0.5937,  0.8039,  1.1897,  2.2798,  0.2541,  0.4154,  0.5440,  0.6282,  0.7423,  0.8534,  1.1184,  1.2754,  1.6433,  3.0315
  1963, -0.8809,  0.3425,  0.6787,  1.4757,  0.2726,  0.5199,  0.7187,  1.0025,  1.7392,  0.2092,  0.3536,  0.4975,  0.5542,  0.6706,  0.7932,  0.9236,  1.0937,  1.3659,  2.6234
  1964, -0.5006,  0.3152,  0.6431,  1.3169,  0.2503,  0.4720,  0.6562,  0.8947,  1.5997,  0.2119,  0.3492,  0.4451,  0.5347,  0.6048,  0.7069,  0.8091,  0.9931,  1.2755,  2.0962
  1965, -0.6457,  0.2945,  0.6246,  1.4247,  0.2502,  0.4993,  0.6715,  0.9034,  1.6147,  0.2078,  0.3501,  0.4521,  0.5338,  0.6166,  0.7300,  0.8301,  1.0218,  1.3056,  2.1873
  1966, -0.5577,  0.2743,  0.6467,  1.2602,  0.2406,  0.4564,  0.6451,  0.8411,  1.5156,  0.1991,  0.3430,  0.4268,  0.4969,  0.5968,  0.6867,  0.7996,  0.9045,  1.1517,  1.8231
  1967, -0.2919,  0.2648,  0.6430,  1.2502,  0.2094,  0.4521,  0.6633,  0.7874,  1.4040,  0.1436,  0.3201,  0.4125,  0.5217,  0.6502,  0.6889,  0.7434,  0.8699,  1.0672,  1.7003
  1968, -0.1751,  0.2088,  0.5473,  0.9544,  0.1666,  0.3913,  0.5550,  0.7387,  1.1837,  0.1128,  0.2606,  0.3537,  0.4366,  0.4919,  0.5943,  0.6761,  0.7763,  0.8821,  1.4647
  1969, -0.2541,  0.2119,  0.5567,  0.9637,  0.1642,  0.3724,  0.5343,  0.7052,  1.0620,  0.1270,  0.2634,  0.3397,  0.4383,  0.4833,  0.5917,  0.6672,  0.7558,  0.8505,  1.5609
  1970, -2.0012,  0.3238,  0.8481,  1.6233,  0.2672,  0.6310,  0.8456,  1.0779,  2.1102,  0.1959,  0.4026,  0.6182,  0.6385,  0.7786,  0.9252,  1.0199,  1.1823,  1.6120,  2.5363
  1971, -0.7571,  0.2538,  0.7476,  1.3784,  0.2227,  0.5039,  0.7216,  0.9358,  1.6302,  0.1566,  0.3210,  0.4292,  0.5813,  0.6895,  0.7709,  0.9113,  0.9991,  1.2320,  2.0066
  1972, -0.4639,  0.2225,  0.7342,  1.2822,  0.1749,  0.4788,  0.7359,  1.0108,  1.6452,  0.1412,  0.2813,  0.4300,  0.5598,  0.6942,  0.7684,  0.9067,  1.0752,  1.3289,  2.0048
  1973, -0.6740,  0.2856,  0.8761,  1.6948,  0.2278,  0.6588,  0.8431,  1.1494,  2.0526,  0.1709,  0.4000,  0.6052,  0.7312,  0.7666,  0.9493,  1.0526,  1.3142,  1.6512,  2.6023
  1974, -0.6992,  0.4503,  1.3295,  2.3334,  0.3582,  1.0092,  1.3463,  1.8457,  2.6732,  0.2660,  0.6233,  0.9138,  1.1238,  1.2953,  1.4781,  1.7609,  1.9399,  2.2469,  3.4626
  1975, -0.5856,  0.4993,  1.2194,  2.1465,  0.3756,  0.9589,  1.2535,  1.5419,  2.5290,  0.2823,  0.5825,  0.9249,  1.0241,  1.2466,  1.2704,  1.4642,  1.6814,  2.1762,  3.0526
  1976, -2.6849,  0.4536,  1.1007,  1.7819,  0.3786,  0.8004,  1.1209,  1.3640,  2.1024,  0.3029,  0.5571,  0.7275,  0.9262,  1.0806,  1.1930,  1.2808,  1.4687,  1.7811,  2.5194
  1977, -1.0055,  0.5206,  1.0436,  1.6668,  0.4615,  0.8325,  1.0530,  1.2884,  1.9249,  0.3704,  0.6115,  0.7586,  0.8972,  0.9773,  1.1041,  1.2255,  1.3918,  1.6705,  2.3391
  1978, -0.5243,  0.5088,  1.0955,  1.7035,  0.4425,  0.8119,  1.0960,  1.3395,  1.9255,  0.3499,  0.5845,  0.7386,  0.8881,  1.0357,  1.1759,  1.2653,  1.4604,  1.6741,  2.3783
  1979, -0.5158,  0.5183,  1.0817,  1.7008,  0.4419,  0.7999,  1.1080,  1.3180,  1.9003,  0.3534,  0.5801,  0.7295,  0.8951,  1.0077,  1.2013,  1.2100,  1.4332,  1.6419,  2.2905
  1980, -0.7502,  0.4924,  1.0197,  1.7584,  0.3969,  0.7209,  0.9808,  1.4269,  2.0977,  0.3305,  0.4921,  0.6685,  0.8019,  0.9046,  1.0842,  1.3431,  1.4992,  1.7170,  2.5187
  1981, -0.3679,  0.4570,  0.9750,  1.6085,  0.3779,  0.7037,  0.9806,  1.2533,  1.7676,  0.2527,  0.4895,  0.6320,  0.8016,  0.9423,  1.0462,  1.1856,  1.3341,  1.5698,  2.1703
  1982, -0.6728,  0.5463,  1.2649,  1.9394,  0.4713,  0.8503,  1.2679,  1.6338,  2.1689,  0.3511,  0.5941,  0.7268,  0.9955,  1.1706,  1.3680,  1.5020,  1.7526,  1.8570,  2.8779
  1983, -0.2521,  0.3164,  0.8297,  1.3688,  0.2637,  0.5296,  0.7992,  1.1258,  1.4721,  0.2041,  0.3672,  0.4755,  0.6132,  0.7458,  0.8672,  1.0439,  1.2062,  1.3748,  1.7080
  1984, -0.5348,  0.4041,  0.8973,  1.6083,  0.3585,  0.6251,  0.9120,  1.1579,  1.8949,  0.2953,  0.4532,  0.5605,  0.6902,  0.8073,  0.9911,  1.0845,  1.2078,  1.8536,  1.9656
  1985, -0.3929,  0.3745,  0.8120,  1.3071,  0.3281,  0.5627,  0.7864,  1.0381,  1.3930,  0.2682,  0.4002,  0.5240,  0.6092,  0.7160,  0.8619,  0.9823,  1.1240,  1.2430,  1.6356
  1986, -0.5714,  0.2963,  0.6684,  1.1221,  0.2592,  0.4450,  0.6367,  0.8612,  1.2544,  0.1720,  0.3325,  0.4090,  0.4995,  0.5796,  0.7119,  0.8446,  0.8808,  1.0789,  1.5298
  1987, -0.7216,  0.2616,  0.5990,  1.0320,  0.2180,  0.4117,  0.6045,  0.8052,  1.0960,  0.1558,  0.2873,  0.3915,  0.4309,  0.5786,  0.6312,  0.7550,  0.8902,  0.9300,  1.3619
  1988, -0.8551,  0.3320,  0.7362,  1.2453,  0.2970,  0.5378,  0.7448,  0.9763,  1.4082,  0.2095,  0.3871,  0.4648,  0.5915,  0.6948,  0.8034,  0.9135,  1.0449,  1.2237,  1.6569
  1989, -0.6687,  0.3086,  0.6844,  1.1137,  0.2476,  0.4983,  0.6867,  0.8801,  1.2456,  0.1901,  0.3348,  0.4377,  0.5758,  0.6496,  0.7290,  0.8122,  0.9430,  1.1012,  1.4889
  1990, -1.0708,  0.2719,  0.7063,  1.2813,  0.2179,  0.4719,  0.7091,  0.9884,  1.4251,  0.1603,  0.3091,  0.4160,  0.5449,  0.6844,  0.7407,  0.9283,  1.0615,  1.2690,  1.6924
  1991, -1.0419,  0.2869,  0.7629,  1.3514,  0.2241,  0.5765,  0.7817,  1.0487,  1.6272,  0.1699,  0.3500,  0.4700,  0.6607,  0.7297,  0.8496,  1.0105,  1.0864,  1.3295,  2.1062
  1992, -0.8852,  0.2470,  0.6620,  1.0795,  0.1985,  0.4571,  0.6679,  0.8559,  1.1999,  0.1576,  0.3076,  0.4030,  0.5300,  0.6088,  0.7338,  0.7986,  0.9220,  1.1107,  1.2960
  1993, -0.6507,  0.2407,  0.5475,  0.9571,  0.1987,  0.3697,  0.5396,  0.7151,  1.0835,  0.1466,  0.2816,  0.3366,  0.4340,  0.5174,  0.5750,  0.6509,  0.8143,  0.9333,  1.3719
  1994, -0.3901,  0.2387,  0.5201,  0.8759,  0.2086,  0.3732,  0.5350,  0.6883,  1.0399,  0.1541,  0.2827,  0.3373,  0.4143,  0.4945,  0.5706,  0.6567,  0.7154,  0.8800,  1.3016
  1995, -0.5692,  0.2059,  0.4655,  0.7832,  0.1814,  0.3221,  0.4651,  0.6286,  0.8954,  0.1367,  0.2442,  0.2970,  0.3588,  0.4345,  0.5223,  0.6010,  0.6547,  0.7906,  1.0946
  1996, -0.3589,  0.1800,  0.4366,  0.7737,  0.1575,  0.3208,  0.4542,  0.6131,  0.8796,  0.1161,  0.2163,  0.2855,  0.3526,  0.4233,  0.4923,  0.5547,  0.6673,  0.7918,  1.0433
  1997, -0.2800,  0.1625,  0.3829,  0.7285,  0.1307,  0.2884,  0.3985,  0.5267,  0.8289,  0.1000,  0.1821,  0.2687,  0.3106,  0.3724,  0.4311,  0.4782,  0.5981,  0.7105,  1.0133
  1998, -0.1713,  0.1366,  0.3464,  0.6259,  0.1134,  0.2641,  0.3546,  0.4631,  0.7523,  0.0828,  0.1742,  0.2394,  0.2903,  0.3353,  0.3827,  0.4337,  0.4980,  0.6728,  0.8951
  1999, -0.1906,  0.1272,  0.4048,  0.8719,  0.1048,  0.2815,  0.4318,  0.5913,  1.0411,  0.0762,  0.1835,  0.2551,  0.3104,  0.3913,  0.4897,  0.5631,  0.6532,  0.8359,  1.4368
  2000, -0.1155,  0.1242,  0.5611,  1.2311,  0.1016,  0.3694,  0.5758,  0.8063,  1.5205,  0.0655,  0.1988,  0.3356,  0.4331,  0.5681,  0.5939,  0.7401,  0.9169,  1.2712,  1.9881
  2001, -0.2727,  0.1695,  0.4945,  1.1420,  0.1512,  0.3502,  0.5265,  0.7078,  1.4586,  0.1084,  0.2161,  0.3140,  0.3895,  0.4619,  0.5712,  0.5935,  0.8549,  1.2332,  2.2166
  2002, -0.3297,  0.2182,  0.5445,  1.2024,  0.1916,  0.3853,  0.5423,  0.7857,  1.6118,  0.1419,  0.2729,  0.3422,  0.4520,  0.5210,  0.5775,  0.7144,  0.8610,  1.4156,  2.1692
  2003, -0.3178,  0.2112,  0.5058,  0.9131,  0.1812,  0.3782,  0.5432,  0.7176,  1.1255,  0.1369,  0.2575,  0.3490,  0.4080,  0.5061,  0.5784,  0.6479,  0.7619,  0.9389,  1.6470
  2004, -0.2260,  0.2019,  0.4402,  0.7627,  0.1773,  0.3407,  0.4728,  0.5842,  0.8697,  0.1357,  0.2338,  0.3142,  0.3623,  0.4355,  0.5117,  0.5425,  0.6316,  0.7951,  1.0253
  2005, -0.4289,  0.2126,  0.4459,  0.7333,  0.1834,  0.3222,  0.4498,  0.5720,  0.8188,  0.1332,  0.2306,  0.2964,  0.3589,  0.4208,  0.4771,  0.5434,  0.6106,  0.7234,  1.0573
  2006, -0.2796,  0.2106,  0.4312,  0.7098,  0.1801,  0.3178,  0.4374,  0.5404,  0.8177,  0.1325,  0.2248,  0.2972,  0.3490,  0.4137,  0.4584,  0.4980,  0.5943,  0.7416,  1.0967
  2007, -0.2421,  0.1911,  0.4101,  0.6763,  0.1641,  0.2856,  0.4099,  0.5735,  0.7089,  0.1177,  0.2078,  0.2671,  0.3119,  0.3920,  0.4394,  0.5288,  0.6248,  0.7019,  0.7189
  2008, -0.8440,  0.2309,  0.5423,  1.2004,  0.1893,  0.3530,  0.5544,  0.8962,  1.4085,  0.1384,  0.2384,  0.3358,  0.3829,  0.5285,  0.5850,  0.7786,  1.0060,  1.1693,  2.1545
  2009, -0.8588,  0.2848,  0.7059,  1.2939,  0.2437,  0.5261,  0.7462,  0.9764,  1.5206,  0.1662,  0.3196,  0.4467,  0.5963,  0.7036,  0.7951,  0.8976,  1.0410,  1.2410,  1.8782
  2010, -1.2611,  0.2672,  0.6268,  1.0955,  0.2261,  0.4193,  0.6260,  0.8284,  1.2969,  0.1539,  0.3047,  0.3890,  0.4699,  0.5637,  0.6836,  0.8035,  0.8533,  1.0590,  1.4990
  2011, -0.1377,  0.2119,  0.4817,  0.9663,  0.1702,  0.3527,  0.5015,  0.6556,  1.1133,  0.1293,  0.2277,  0.3165,  0.3908,  0.4582,  0.5374,  0.5906,  0.7287,  0.9235,  1.4184
  2012, -0.1858,  0.2312,  0.5445,  1.1938,  0.1850,  0.3931,  0.5490,  0.7719,  1.4510,  0.1194,  0.2580,  0.3579,  0.4507,  0.5074,  0.5893,  0.6978,  0.8300,  1.0303,  1.6931
  2013, -0.1577,  0.2085,  0.4595,  0.9440,  0.1713,  0.3170,  0.4688,  0.6369,  1.0844,  0.1039,  0.2369,  0.2789,  0.3664,  0.4321,  0.5158,  0.5984,  0.6835,  0.8883,  1.2856
  2014, -0.1536,  0.1800,  0.3922,  0.8132,  0.1339,  0.2610,  0.4082,  0.5602,  0.9244,  0.0932,  0.1818,  0.2436,  0.2980,  0.3740,  0.4418,  0.4973,  0.6105,  0.7853,  1.1365
  2015, -0.1602,  0.1606,  0.4053,  0.9081,  0.1215,  0.2819,  0.4235,  0.6676,  1.0259,  0.0785,  0.1753,  0.2544,  0.3111,  0.3776,  0.4661,  0.5844,  0.7358,  0.8585,  1.2787
  2016, -0.1178,  0.1664,  0.4283,  1.0279,  0.1334,  0.2973,  0.4346,  0.6634,  1.1782,  0.0869,  0.1974,  0.2610,  0.3335,  0.3983,  0.4785,  0.5842,  0.7746,  1.0132,  1.6020
  2017, -0.1135,  0.1452,  0.3741,  0.8027,  0.1123,  0.2465,  0.4031,  0.5973,  0.9359,  0.0718,  0.1588,  0.2249,  0.2721,  0.3512,  0.4577,  0.5234,  0.6452,  0.7827,  1.1546
  2018, -0.1047,  0.1360,  0.4109,  0.8126,  0.1077,  0.2574,  0.4160,  0.6443,  0.9874,  0.0670,  0.1605,  0.2294,  0.2985,  0.3692,  0.4543,  0.5592,  0.7008,  0.8757,  1.2484
  2019, -0.0958,  0.1355,  0.4975,  0.9564,  0.1006,  0.2600,  0.4481,  0.7127,  1.0917,  0.0635,  0.1569,  0.2306,  0.3264,  0.4073,  0.5041,  0.6787,  0.7869,  0.9736,  1.3448
  2020, -0.0790,  0.1203,  0.5578,  1.3272,  0.0873,  0.2769,  0.5679,  0.9619,  1.6521,  0.0612,  0.1564,  0.2309,  0.3629,  0.4743,  0.6820,  0.8339,  1.1085,  1.4335,  2.3409
  2021, -0.0755,  0.0882,  0.3585,  0.7714,  0.0625,  0.1939,  0.3619,  0.5890,  0.8948,  0.0442,  0.1194,  0.1675,  0.2544,  0.3384,  0.4003,  0.5109,  0.6479,  0.7594,  1.2095
  2022, -0.0954,  0.1213,  0.4477,  0.8918,  0.0923,  0.2520,  0.4410,  0.6458,  1.0680,  0.0655,  0.1685,  0.2256,  0.3161,  0.3911,  0.4846,  0.6018,  0.6830,  0.9247,  1.4747
  2023, -0.0633,  0.1081,  0.4644,  1.0306,  0.0887,  0.2634,  0.4334,  0.6911,  1.1404,  0.0539,  0.1595,  0.2250,  0.3327,  0.3854,  0.5047,  0.6474,  0.8100,  0.9778,  1.6106
  2024, -0.0835,  0.0908,  0.4385,  0.8916,  0.0734,  0.2430,  0.4562,  0.6402,  1.0688,  0.0444,  0.1331,  0.2013,  0.3062,  0.3942,  0.4958,  0.5825,  0.7071,  0.9140,  1.6026
  2025, -0.0741,  0.0896,  0.4459,  0.9050,  0.0735,  0.2470,  0.4503,  0.6383,  1.1407,  0.0430,  0.1332,  0.2214,  0.2810,  0.4083,  0.4745,  0.6025,  0.7064,  0.9911,  1.2859


  Value Weight Average of BE / ME
,<= 0,Lo 30,Med 40,Hi 30,Lo 20,Qnt 2,Qnt 3,Qnt 4,Hi 20,Lo 10,2-Dec,3-Dec,4-Dec,5-Dec,6-Dec,7-Dec,8-Dec,9-Dec,Hi 10
  1927, -3.9092,  0.5190,  1.0764,  2.5519,  0.4047,  0.7697,  1.0577,  1.5790,  3.8923,  0.3332,  0.5243,  0.7253,  0.8611,  0.9925,  1.1491,  1.3410,  1.8865,  2.6752,  5.6841
  1928, -2.3657,  0.3430,  0.8844,  1.9705,  0.2890,  0.6313,  0.9180,  1.3152,  2.5752,  0.2420,  0.4229,  0.5540,  0.6843,  0.8021,  0.9853,  1.1581,  1.5207,  1.9658,  4.4265
  1929, -0.7674,  0.2656,  0.7242,  1.4847,  0.2181,  0.4563,  0.6994,  1.0362,  1.9343,  0.1798,  0.3026,  0.4154,  0.5241,  0.6385,  0.7923,  0.9453,  1.1778,  1.6495,  3.4158
  1930, -3.0680,  0.4151,  0.9834,  2.4297,  0.3362,  0.6726,  0.9952,  1.6944,  3.9547,  0.2568,  0.4664,  0.6192,  0.7808,  0.9441,  1.1618,  1.4441,  1.9127,  2.8143,  7.4915
  1931, -7.1198,  0.5871,  1.6556,  5.1986,  0.5047,  1.0651,  1.7181,  2.9082,  7.5037,  0.3924,  0.7009,  0.9454,  1.2138,  1.4780,  2.0024,  2.6064,  3.5946,  5.3505, 16.3432
  1932, -9.0378,  1.0093,  3.4493, 10.7281,  0.8560,  1.7540,  3.3286,  6.3616, 16.7226,  0.5873,  1.1421,  1.6424,  2.1577,  2.9717,  3.8873,  5.2709,  7.9569, 11.8334, 26.1062
  1933,-13.7096,  1.0614,  3.5826, 12.2707,  0.9047,  1.8333,  3.5602,  6.5483, 17.7020,  0.5682,  1.1164,  1.6380,  2.2839,  3.1833,  4.2116,  5.4392,  7.7303, 12.7015, 29.7707
  1934, -2.7803,  0.5705,  1.4818,  5.4432,  0.4445,  1.0361,  1.6197,  2.9959,  7.7679,  0.3785,  0.6024,  0.8957,  1.1547,  1.4633,  1.8788,  2.3825,  3.4297,  5.4315, 12.3956
  1935, -1.9269,  0.4890,  1.4132,  5.6737,  0.4385,  0.9178,  1.3653,  2.6023,  7.0534,  0.3621,  0.5177,  0.7902,  0.9893,  1.2475,  1.6189,  2.2995,  3.4475,  5.1214, 11.1111
  1936, -1.1339,  0.3275,  0.9503,  3.2934,  0.2916,  0.6081,  0.9297,  1.6975,  4.7633,  0.2389,  0.3997,  0.5398,  0.6849,  0.8534,  1.0964,  1.3919,  1.9386,  3.4611,  9.5302
  1937, -0.7443,  0.2862,  0.7010,  2.0367,  0.2481,  0.4768,  0.7013,  1.0394,  2.6633,  0.1968,  0.3103,  0.4347,  0.5188,  0.6394,  0.7499,  0.9335,  1.1464,  1.8289,  5.0258
  1938, -4.3430,  0.5808,  1.3428,  4.6119,  0.4464,  0.9378,  1.3574,  2.2451,  6.6572,  0.3266,  0.6274,  0.8717,  1.0410,  1.2531,  1.5002,  2.0070,  2.5602,  3.9970, 12.1300
  1939,-17.6743,  0.3801,  1.0548,  3.6733,  0.3299,  0.7682,  1.0603,  1.6448,  5.0653,  0.2641,  0.4266,  0.6232,  0.8309,  0.9793,  1.1916,  1.5309,  2.0121,  3.0024,  8.8270
  1940, -9.6286,  0.4474,  1.1409,  3.6531,  0.3398,  0.7604,  1.0984,  1.7947,  5.3095,  0.2843,  0.4785,  0.7104,  0.8422,  1.0280,  1.3436,  1.6446,  2.0705,  2.9638,  9.3830
  1941,-14.4911,  0.5192,  1.2904,  4.3445,  0.4030,  0.8396,  1.3289,  2.1641,  9.0310,  0.3396,  0.5673,  0.7766,  0.9609,  1.1446,  1.4870,  1.7893,  2.4180,  3.3902, 13.8341
  1942,-11.7499,  0.6770,  1.6463,  5.7330,  0.5296,  1.0876,  1.6938,  2.6058,  9.5533,  0.3978,  0.7638,  1.0006,  1.2242,  1.5586,  1.8636,  2.3126,  3.0195,  4.1237, 15.0890
  1943,-30.2006,  0.6756,  1.5395,  5.3910,  0.5007,  1.0675,  1.5389,  2.4943,  9.6973,  0.4242,  0.7346,  1.0160,  1.1967,  1.4214,  1.7343,  2.0930,  2.7848,  4.1883, 15.2471
  1944,-99.7455,  0.5595,  1.1559,  3.4257,  0.4504,  0.8784,  1.2025,  1.7038,  4.2615,  0.3933,  0.5981,  0.8198,  0.9511,  1.1334,  1.3107,  1.5501,  1.8829,  2.4826,  8.1010
  1945,-99.9900,  0.4482,  0.9458,  2.6066,  0.3997,  0.7382,  0.9638,  1.3322,  3.0733,  0.3507,  0.5190,  0.6573,  0.7888,  0.9150,  1.0401,  1.2238,  1.4645,  1.9093,  4.6596
  1946, -0.7257,  0.3391,  0.7005,  1.5720,  0.3042,  0.5061,  0.6790,  0.8777,  1.8793,  0.2458,  0.3636,  0.4655,  0.5451,  0.6323,  0.7058,  0.8246,  0.9732,  1.3089,  2.6469
  1947, -0.6601,  0.4143,  0.8324,  2.0901,  0.3774,  0.6348,  0.8358,  1.1070,  2.3236,  0.3099,  0.4707,  0.5809,  0.6794,  0.7750,  0.8863,  1.0375,  1.2394,  1.6102,  3.5078
  1948, -0.2162,  0.4963,  0.9520,  2.3956,  0.4458,  0.7670,  0.9661,  1.3442,  2.8716,  0.3724,  0.5378,  0.7013,  0.8145,  0.9135,  1.0741,  1.2386,  1.4336,  1.7488,  4.5108
  1949, -1.7760,  0.6269,  1.2134,  2.8090,  0.5244,  0.9427,  1.2500,  1.6970,  3.7560,  0.4285,  0.6556,  0.8830,  1.0302,  1.1615,  1.3432,  1.5585,  1.8153,  2.2669,  4.9567
  1950, -8.9837,  0.5370,  1.1399,  2.8329,  0.4816,  0.8949,  1.1822,  1.5952,  3.3005,  0.3922,  0.6126,  0.7863,  0.9596,  1.1267,  1.2749,  1.5175,  1.7211,  2.2057,  5.0586
  1951,-11.6199,  0.5251,  1.0424,  2.0758,  0.4665,  0.8031,  1.0368,  1.4017,  2.6166,  0.3862,  0.6125,  0.7484,  0.8823,  0.9813,  1.1108,  1.2960,  1.4897,  1.7422,  3.4191
  1952, -6.2470,  0.5356,  1.0051,  2.3370,  0.4482,  0.7799,  1.0277,  1.3972,  2.8519,  0.3838,  0.5945,  0.7396,  0.8490,  0.9675,  1.1397,  1.2622,  1.5372,  1.9211,  3.6892
  1953,-14.6560,  0.5223,  1.0147,  2.1997,  0.4428,  0.8077,  1.0905,  1.4788,  2.6852,  0.3761,  0.5950,  0.7329,  0.8772,  0.9953,  1.1542,  1.3539,  1.5839,  1.9222,  3.3316
  1954, -1.7835,  0.5523,  1.1351,  2.7126,  0.4685,  0.8872,  1.2414,  1.7616,  3.4177,  0.4026,  0.6436,  0.8206,  0.9384,  1.1074,  1.3540,  1.6231,  1.9148,  2.4248,  4.2195
  1955, -0.6832,  0.4269,  0.8817,  1.8871,  0.3572,  0.6549,  0.8834,  1.1691,  2.2480,  0.2971,  0.5038,  0.6323,  0.7069,  0.8106,  0.9279,  1.0920,  1.3020,  1.5820,  2.8705
  1956, -0.3499,  0.3795,  0.8211,  1.7029,  0.3393,  0.6151,  0.8241,  1.1306,  2.1460,  0.2624,  0.4823,  0.5747,  0.6725,  0.7521,  0.8805,  1.0429,  1.2476,  1.5342,  2.6120
  1957, -0.1334,  0.4033,  0.8566,  1.9628,  0.3435,  0.6126,  0.8799,  1.2058,  2.4121,  0.2721,  0.4814,  0.5759,  0.6953,  0.8111,  0.9214,  1.0978,  1.3308,  1.6782,  3.0869
  1958, -1.8308,  0.4849,  1.0337,  2.7452,  0.4267,  0.7519,  1.0263,  1.6060,  3.4362,  0.3025,  0.5609,  0.6930,  0.8436,  0.9818,  1.2305,  1.4841,  1.7823,  2.2696,  4.6139
  1959, -1.9861,  0.3500,  0.7348,  1.7170,  0.2886,  0.5597,  0.7433,  1.1200,  2.1906,  0.2370,  0.4101,  0.5254,  0.6117,  0.7152,  0.8479,  1.0283,  1.2089,  1.4953,  2.7716
  1960, -1.3457,  0.3040,  0.6974,  1.5835,  0.2531,  0.5358,  0.7099,  1.0329,  1.7956,  0.2077,  0.3795,  0.4978,  0.5861,  0.6921,  0.7788,  0.9308,  1.1473,  1.3897,  2.6660
  1961, -1.2703,  0.3584,  0.7615,  1.8418,  0.2490,  0.5415,  0.7908,  1.1948,  2.3464,  0.2093,  0.3827,  0.5178,  0.6102,  0.7244,  0.8462,  1.0336,  1.3150,  1.6788,  2.9655
  1962,-99.9900,  0.2781,  0.6043,  1.5319,  0.2334,  0.4571,  0.6583,  0.9577,  1.8112,  0.1728,  0.3227,  0.4197,  0.4830,  0.6064,  0.7000,  0.8625,  1.0720,  1.3536,  2.3516
  1963, -0.9113,  0.3697,  0.7554,  1.7835,  0.2990,  0.5602,  0.7903,  1.1602,  2.1366,  0.2243,  0.3946,  0.5262,  0.6122,  0.7378,  0.8716,  1.0637,  1.2717,  1.5987,  3.4107
  1964, -0.8066,  0.3437,  0.7005,  1.5268,  0.2700,  0.5129,  0.7122,  1.0134,  1.8828,  0.2271,  0.3804,  0.4911,  0.5640,  0.6570,  0.7667,  0.9213,  1.1193,  1.4206,  2.5904
  1965, -1.0047,  0.2910,  0.6216,  1.4121,  0.2508,  0.4866,  0.6663,  0.9229,  1.5928,  0.2116,  0.3430,  0.4341,  0.5250,  0.6117,  0.7245,  0.8573,  1.0289,  1.2880,  2.1574
  1966, -0.5484,  0.2532,  0.5873,  1.1739,  0.2212,  0.4248,  0.5821,  0.7800,  1.4003,  0.1810,  0.3203,  0.3982,  0.4613,  0.5277,  0.6291,  0.7286,  0.8586,  1.0899,  1.6626
  1967, -0.5993,  0.3043,  0.7148,  1.5791,  0.2427,  0.5084,  0.7224,  0.9672,  1.7750,  0.1739,  0.3584,  0.4686,  0.5784,  0.6898,  0.7860,  0.8992,  1.0944,  1.3521,  2.1471
  1968, -0.2220,  0.2190,  0.5636,  1.0383,  0.1749,  0.4022,  0.5740,  0.7664,  1.3375,  0.1205,  0.2703,  0.3701,  0.4410,  0.5198,  0.6078,  0.7011,  0.8058,  0.9871,  1.6641
  1969, -0.1807,  0.1973,  0.4979,  0.8679,  0.1554,  0.3343,  0.4805,  0.6317,  0.9574,  0.1244,  0.2381,  0.3095,  0.3841,  0.4419,  0.5240,  0.5964,  0.6788,  0.7919,  1.3478
  1970, -1.6396,  0.2283,  0.6956,  1.2899,  0.1920,  0.4863,  0.6752,  0.9037,  1.6108,  0.1356,  0.2993,  0.4167,  0.5270,  0.6263,  0.7332,  0.8506,  0.9993,  1.2364,  1.9309
  1971, -1.0644,  0.2877,  0.7807,  1.5367,  0.2504,  0.5563,  0.7550,  0.9833,  1.8339,  0.1770,  0.3595,  0.4980,  0.6166,  0.7164,  0.8143,  0.9424,  1.0889,  1.3854,  2.2579
  1972, -0.5163,  0.2435,  0.7159,  1.2520,  0.1985,  0.4818,  0.7189,  0.9703,  1.6427,  0.1646,  0.3055,  0.4396,  0.5519,  0.6625,  0.7629,  0.8750,  1.0292,  1.3066,  2.0250
  1973, -0.4562,  0.2303,  0.7533,  1.3519,  0.1884,  0.5078,  0.7368,  0.9754,  1.6291,  0.1492,  0.3069,  0.4621,  0.5695,  0.6862,  0.8069,  0.9274,  1.0571,  1.2807,  2.1062
  1974, -0.5050,  0.3763,  1.1635,  2.2996,  0.3040,  0.8430,  1.1834,  1.6980,  2.6869,  0.2333,  0.5073,  0.7399,  0.9668,  1.1316,  1.3174,  1.5603,  1.8512,  2.2365,  3.5209
  1975, -1.3824,  0.7021,  1.8290,  3.7268,  0.5422,  1.3370,  1.8487,  2.5129,  4.4732,  0.4074,  0.8414,  1.2523,  1.4996,  1.7777,  2.0232,  2.3422,  2.8189,  3.6084,  5.7569
  1976, -3.5239,  0.5255,  1.3471,  2.4433,  0.4313,  0.9559,  1.3615,  1.7717,  2.9729,  0.3409,  0.6445,  0.8696,  1.1048,  1.2963,  1.4782,  1.6492,  1.9257,  2.3963,  3.7211
  1977, -1.2646,  0.4839,  1.0684,  1.7643,  0.4241,  0.8100,  1.0855,  1.3444,  2.0688,  0.3343,  0.5721,  0.7249,  0.8845,  1.0250,  1.1263,  1.2863,  1.4398,  1.7583,  2.5741
  1978, -0.6609,  0.5328,  1.1152,  1.8062,  0.4632,  0.8458,  1.1096,  1.3617,  2.0981,  0.3693,  0.6071,  0.7741,  0.9202,  1.0531,  1.1845,  1.2851,  1.4866,  1.8035,  2.6287
  1979, -0.7254,  0.5628,  1.2068,  1.9695,  0.4684,  0.8954,  1.2161,  1.5286,  2.2200,  0.3665,  0.6274,  0.8240,  0.9917,  1.1273,  1.2987,  1.4301,  1.6336,  1.8760,  2.7393
  1980, -0.6295,  0.5159,  1.0864,  1.8394,  0.4176,  0.7597,  1.0703,  1.4884,  2.1653,  0.3387,  0.5307,  0.6972,  0.8563,  1.0095,  1.1529,  1.3702,  1.5904,  1.8127,  2.5552
  1981, -0.4316,  0.4267,  1.0006,  1.8707,  0.3486,  0.6686,  0.9934,  1.4217,  2.0635,  0.2389,  0.4464,  0.5996,  0.7628,  0.9209,  1.1177,  1.3244,  1.5381,  1.8376,  2.5234
  1982, -0.9232,  0.4965,  1.1159,  1.8287,  0.4209,  0.7537,  1.0956,  1.4978,  2.1192,  0.3071,  0.5371,  0.6786,  0.8420,  1.0002,  1.1938,  1.3931,  1.5923,  1.8392,  2.7558
  1983, -0.5505,  0.3950,  1.0220,  1.6750,  0.3314,  0.6599,  0.9988,  1.3341,  1.8374,  0.2645,  0.4476,  0.5869,  0.7725,  0.9295,  1.0869,  1.2471,  1.4195,  1.6544,  2.2810
  1984, -0.4424,  0.3605,  0.8163,  1.3742,  0.3155,  0.5710,  0.8230,  1.1050,  1.5161,  0.2548,  0.4065,  0.5144,  0.6279,  0.7488,  0.8790,  1.0007,  1.1759,  1.3770,  1.7547
  1985, -0.6700,  0.4359,  0.9398,  1.5215,  0.3823,  0.6625,  0.9145,  1.1822,  1.6330,  0.3034,  0.4772,  0.6086,  0.7272,  0.8461,  0.9880,  1.1160,  1.2840,  1.4502,  1.9284
  1986, -0.7447,  0.3636,  0.7885,  1.3099,  0.3179,  0.5437,  0.7613,  1.0208,  1.4335,  0.2316,  0.3906,  0.5021,  0.6067,  0.7150,  0.8224,  0.9668,  1.0845,  1.2803,  1.6740
  1987, -1.4066,  0.3337,  0.7264,  1.2377,  0.2841,  0.5212,  0.7268,  0.9330,  1.3417,  0.2018,  0.3757,  0.4816,  0.5589,  0.6694,  0.7858,  0.8892,  1.0072,  1.1427,  1.6605
  1988, -1.1127,  0.3607,  0.8413,  1.4895,  0.3126,  0.6062,  0.8626,  1.1172,  1.7329,  0.2246,  0.4031,  0.5432,  0.6526,  0.8015,  0.9343,  1.0505,  1.1899,  1.4280,  2.1442
  1989, -0.9109,  0.3583,  0.7680,  1.2891,  0.2898,  0.5516,  0.7777,  1.0045,  1.4600,  0.2249,  0.3881,  0.5036,  0.6130,  0.7286,  0.8336,  0.9361,  1.0680,  1.2546,  1.8061
  1990, -0.9895,  0.2863,  0.6817,  1.2135,  0.2313,  0.4771,  0.6907,  0.9277,  1.3478,  0.1765,  0.3181,  0.4329,  0.5348,  0.6422,  0.7528,  0.8616,  1.0081,  1.1967,  1.6068
  1991, -1.7724,  0.3330,  0.8435,  1.7247,  0.2612,  0.6244,  0.8975,  1.2403,  2.1323,  0.2005,  0.4021,  0.5423,  0.6893,  0.8377,  0.9756,  1.1460,  1.3330,  1.6850,  2.8521
  1992, -0.8536,  0.2350,  0.6812,  1.3321,  0.1817,  0.4553,  0.6850,  0.9149,  1.6016,  0.1403,  0.2921,  0.4067,  0.5206,  0.6269,  0.7498,  0.8587,  0.9795,  1.2205,  2.0122
  1993, -0.9727,  0.2441,  0.6096,  1.0894,  0.1875,  0.4049,  0.5969,  0.7997,  1.2727,  0.1370,  0.2677,  0.3737,  0.4657,  0.5626,  0.6514,  0.7463,  0.8822,  1.0526,  1.6955
  1994, -0.3972,  0.2238,  0.4987,  0.8694,  0.1918,  0.3634,  0.5135,  0.6659,  1.0358,  0.1416,  0.2600,  0.3288,  0.4031,  0.4809,  0.5422,  0.6184,  0.7066,  0.8590,  1.3254
  1995, -0.8751,  0.2448,  0.5453,  0.9656,  0.2134,  0.3916,  0.5410,  0.7512,  1.1092,  0.1642,  0.2825,  0.3617,  0.4353,  0.5078,  0.6029,  0.6987,  0.8009,  0.9649,  1.3835
  1996, -0.4071,  0.2015,  0.4768,  0.8810,  0.1767,  0.3559,  0.4912,  0.6624,  1.0480,  0.1301,  0.2429,  0.3178,  0.3904,  0.4573,  0.5329,  0.6077,  0.7131,  0.8655,  1.3883
  1997, -0.3764,  0.1896,  0.4517,  0.8588,  0.1576,  0.3282,  0.4662,  0.6205,  0.9950,  0.1203,  0.2201,  0.2967,  0.3637,  0.4376,  0.5020,  0.5787,  0.6820,  0.8239,  1.2614
  1998, -0.2956,  0.1579,  0.3933,  0.7401,  0.1332,  0.2945,  0.4030,  0.5395,  0.8953,  0.1006,  0.1980,  0.2670,  0.3236,  0.3786,  0.4382,  0.5028,  0.5829,  0.7297,  1.1927
  1999, -0.2950,  0.1425,  0.4523,  1.0399,  0.1163,  0.3246,  0.4719,  0.6650,  1.2560,  0.0849,  0.2027,  0.2920,  0.3604,  0.4392,  0.5186,  0.6216,  0.7604,  0.9613,  1.8242
  2000, -0.1383,  0.1293,  0.5251,  1.2450,  0.1087,  0.3515,  0.5283,  0.7819,  1.5775,  0.0723,  0.2066,  0.3217,  0.4077,  0.4980,  0.5999,  0.7208,  0.8838,  1.1874,  2.3092
  2001, -1.3089,  0.1620,  0.5240,  1.3912,  0.1425,  0.3553,  0.5396,  0.8251,  1.8453,  0.0967,  0.2120,  0.3166,  0.3973,  0.4755,  0.5839,  0.7055,  0.9792,  1.4193,  3.2786
  2002, -0.2590,  0.1933,  0.5196,  1.0624,  0.1634,  0.3653,  0.5268,  0.7533,  1.3450,  0.1154,  0.2419,  0.3327,  0.4156,  0.4951,  0.5791,  0.6836,  0.8268,  1.0949,  2.0555
  2003, -0.5982,  0.2338,  0.5806,  1.1407,  0.2018,  0.4270,  0.6146,  0.8467,  1.4767,  0.1495,  0.2917,  0.3809,  0.4741,  0.5680,  0.6588,  0.7603,  0.9017,  1.1768,  2.3145
  2004, -0.3933,  0.2072,  0.4628,  0.8375,  0.1811,  0.3608,  0.4810,  0.6356,  0.9582,  0.1388,  0.2384,  0.3266,  0.3885,  0.4488,  0.5144,  0.5879,  0.6897,  0.8259,  1.2341
  2005, -0.3705,  0.2112,  0.4441,  0.7521,  0.1809,  0.3200,  0.4488,  0.5795,  0.8417,  0.1287,  0.2300,  0.2981,  0.3511,  0.4202,  0.4757,  0.5470,  0.6234,  0.7329,  1.1136
  2006, -0.3280,  0.2095,  0.4557,  0.7559,  0.1785,  0.3225,  0.4541,  0.5909,  0.8616,  0.1294,  0.2247,  0.2972,  0.3609,  0.4238,  0.4809,  0.5500,  0.6429,  0.7695,  1.1992
  2007, -0.3207,  0.2030,  0.4319,  0.7534,  0.1743,  0.3057,  0.4322,  0.5814,  0.8370,  0.1254,  0.2203,  0.2842,  0.3363,  0.4098,  0.4691,  0.5462,  0.6218,  0.7169,  1.0076
  2008, -0.4989,  0.2057,  0.4719,  0.8965,  0.1700,  0.3211,  0.4816,  0.6874,  1.0581,  0.1192,  0.2190,  0.2960,  0.3646,  0.4417,  0.5290,  0.6250,  0.7457,  0.9274,  1.4659
  2009, -1.0721,  0.2918,  0.7146,  1.6344,  0.2502,  0.5192,  0.7551,  1.0990,  2.0368,  0.1770,  0.3220,  0.4554,  0.5755,  0.6914,  0.8285,  0.9936,  1.1855,  1.5880,  2.6108
  2010, -0.6157,  0.2456,  0.5851,  1.1790,  0.2055,  0.3975,  0.5810,  0.8063,  1.4353,  0.1446,  0.2718,  0.3642,  0.4532,  0.5376,  0.6210,  0.7417,  0.8709,  1.0539,  1.7593
  2011, -0.1750,  0.2237,  0.5104,  0.9730,  0.1811,  0.3656,  0.5274,  0.7033,  1.1044,  0.1378,  0.2420,  0.3306,  0.4024,  0.4790,  0.5674,  0.6523,  0.7606,  0.9486,  1.3549
  2012, -0.2145,  0.2489,  0.5741,  1.3407,  0.2060,  0.4035,  0.5825,  0.8191,  1.6679,  0.1393,  0.2801,  0.3666,  0.4639,  0.5412,  0.6225,  0.7439,  0.8780,  1.0868,  2.0023
  2013, -0.2038,  0.2298,  0.5192,  1.1478,  0.1810,  0.3620,  0.5293,  0.7441,  1.3223,  0.1184,  0.2419,  0.3223,  0.4134,  0.4951,  0.5731,  0.6780,  0.8238,  1.0536,  1.5980
  2014, -0.1918,  0.1899,  0.4155,  0.8518,  0.1377,  0.2810,  0.4245,  0.6076,  0.9591,  0.0935,  0.1895,  0.2622,  0.3208,  0.3877,  0.4606,  0.5468,  0.6562,  0.8261,  1.1618
  2015, -0.1533,  0.1610,  0.4056,  0.8935,  0.1266,  0.2763,  0.4271,  0.6350,  1.0364,  0.0847,  0.1793,  0.2432,  0.3115,  0.3793,  0.4714,  0.5744,  0.6847,  0.8864,  1.2629
  2016, -0.1413,  0.1657,  0.4537,  1.0159,  0.1316,  0.3000,  0.4703,  0.6961,  1.1496,  0.0872,  0.1927,  0.2637,  0.3361,  0.4292,  0.5199,  0.6290,  0.7905,  1.0088,  1.5114
  2017, -0.1329,  0.1599,  0.3924,  0.8200,  0.1257,  0.2691,  0.4140,  0.6140,  0.9550,  0.0788,  0.1795,  0.2429,  0.3001,  0.3769,  0.4529,  0.5424,  0.6605,  0.7925,  1.1868
  2018, -0.1217,  0.1404,  0.4104,  0.7817,  0.1126,  0.2602,  0.4130,  0.6236,  0.9627,  0.0729,  0.1641,  0.2322,  0.3013,  0.3666,  0.4508,  0.5595,  0.6660,  0.8413,  1.2463
  2019, -0.1220,  0.1599,  0.5513,  1.1213,  0.1184,  0.3066,  0.5181,  0.7683,  1.3080,  0.0768,  0.1816,  0.2726,  0.3832,  0.4731,  0.5798,  0.7138,  0.8872,  1.1182,  1.7146
  2020, -0.0938,  0.1261,  0.4528,  0.9330,  0.0944,  0.2634,  0.4612,  0.7006,  1.1689,  0.0706,  0.1571,  0.2325,  0.3211,  0.4205,  0.5109,  0.6364,  0.7742,  1.0028,  1.6923
  2021, -0.2180,  0.1007,  0.4174,  0.9932,  0.0689,  0.2237,  0.4196,  0.7185,  1.1949,  0.0493,  0.1299,  0.1987,  0.2808,  0.3814,  0.4821,  0.6215,  0.7915,  1.0040,  1.6381
  2022, -0.0714,  0.0905,  0.3786,  0.7992,  0.0670,  0.1976,  0.3715,  0.5864,  0.9369,  0.0470,  0.1240,  0.1751,  0.2522,  0.3225,  0.4145,  0.5278,  0.6359,  0.8043,  1.3134
  2023, -0.0742,  0.1265,  0.4911,  1.0495,  0.1055,  0.2833,  0.4742,  0.6948,  1.1779,  0.0704,  0.1769,  0.2530,  0.3378,  0.4377,  0.5286,  0.6593,  0.7915,  0.9721,  1.7727
  2024, -0.0877,  0.1027,  0.4576,  0.9367,  0.0844,  0.2587,  0.4711,  0.6792,  1.1178,  0.0503,  0.1549,  0.2192,  0.3185,  0.4067,  0.5123,  0.6196,  0.7482,  0.9628,  1.6521
  2025, -0.0788,  0.0930,  0.4653,  0.9501,  0.0783,  0.2511,  0.4669,  0.6700,  1.1843,  0.0473,  0.1389,  0.2139,  0.3004,  0.4001,  0.5054,  0.6265,  0.7527,  0.9413,  1.4201

Copyright 2026 Eugene F. Fama and Kenneth R. French
